10

5
0 20 20 20 20 20 20 20 20 20 20
1 20 20 20 20 20 20 20 20 20 20
2 20 20 20 20 20 20 20 20 20 20
3 20 20 20 20 20 20 20 20 20 20
4 20 20 20 20 20 20 20 20 20 20

25
900 300 985 6 1
0 126 7 2
1 106 3 6
2 130 10 8
4 126 4 4
5 120 6 6
9 127 2 9
600 1200 925 6 2
0 144 5 5
1 144 5 3
3 139 2 1
4 117 4 4
6 136 4 1
9 100 10 5
300 0 871 6 2
2 127 3 3
4 125 2 3
5 149 10 7
7 122 4 2
8 138 1 9
9 112 7 3
300 300 844 6 1
0 133 1 3
1 107 8 9
4 121 1 2
5 136 2 2
6 121 5 2
7 142 5 1
1200 600 806 6 1
0 117 2 7
2 106 4 4
3 112 4 2
4 119 3 9
6 124 3 2
8 128 8 1
1200 1200 845 6 3
1 119 3 2
3 100 5 1
4 124 6 5
5 125 8 2
6 104 10 8
9 113 1 9
0 600 817 6 0
0 118 10 2
2 100 1 4
4 147 4 10
5 125 10 2
8 137 6 5
9 128 1 3
300 600 959 6 4
0 137 8 6
1 114 4 5
4 128 6 7
6 113 10 1
7 122 3 2
8 147 6 1
0 900 994 6 3
1 149 1 3
2 143 6 6
3 133 3 1
4 114 7 9
7 128 4 7
8 124 9 5
300 1200 929 6 0
1 129 4 8
2 108 6 6
4 140 9 3
5 140 9 2
7 147 5 1
9 133 4 6
0 0 900 6 0
0 136 2 3
2 121 5 4
3 149 6 2
4 109 5 5
7 106 3 5
8 104 8 1
600 900 929 6 2
0 145 5 9
1 135 7 3
2 129 8 9
6 130 3 3
7 112 4 5
8 107 4 8
0 1200 902 6 4
1 130 2 6
3 133 4 3
4 135 10 6
6 118 3 1
7 121 7 3
8 118 9 3
900 0 930 6 2
0 126 10 2
1 134 4 10
2 143 8 8
4 126 1 3
8 111 2 8
9 145 10 10
600 0 991 6 0
1 128 7 6
2 150 4 9
3 146 3 9
4 103 8 2
8 132 1 5
9 101 5 6
900 900 867 6 0
0 103 10 3
1 110 4 2
4 146 8 7
5 102 1 10
6 148 4 7
8 134 9 8
600 600 823 6 4
1 109 10 2
3 147 1 6
4 111 4 3
5 114 5 1
7 107 1 4
8 127 9 10
1200 300 896 6 3
0 100 2 9
2 132 9 8
4 111 3 4
5 135 6 3
8 109 5 2
9 110 9 5
300 900 919 6 1
0 148 6 5
1 123 1 5
2 145 1 8
3 100 6 5
8 144 8 8
9 150 5 1
1200 0 806 6 4
0 139 5 2
1 141 7 2
4 101 7 1
6 116 1 9
7 137 2 1
8 120 2 8
900 600 910 6 3
0 128 4 6
1 123 9 2
3 145 9 2
5 145 2 4
8 116 10 8
9 129 8 1
0 300 810 6 4
1 135 10 10
2 136 4 4
3 115 5 1
7 108 6 10
8 147 10 8
9 146 6 8
1200 900 926 6 1
0 118 3 10
1 137 10 9
3 111 1 4
4 116 3 9
5 102 9 1
9 140 2 4
900 1200 827 6 2
0 115 5 6
3 119 4 6
4 131 7 2
6 113 4 4
7 146 8 8
8 141 6 3
600 300 916 6 3
0 113 10 10
1 147 9 1
2 130 5 1
6 106 9 8
7 102 4 2
8 142 1 3

100
10 425 0 7 52 4 56
22 1028 3 3 18 3 46
28 279 3 7 88 5 58
45 1056 4 8 92 5 31
48 1155 3 3 12 4 40
59 140 0 9 48 3 36
86 82 0 3 17 3 33
91 260 2 7 56 5 48
91 523 1 7 100 3 59
98 280 0 3 15 5 41
102 957 3 5 93 3 40
103 674 3 1 3 5 54
144 903 1 1 82 5 54
151 906 4 2 26 4 49
152 880 4 3 96 5 51
165 334 2 0 88 5 48
180 301 2 5 92 5 38
186 138 4 3 50 4 31
195 21 0 7 77 5 55
209 1029 4 5 70 5 37
223 805 0 8 61 4 48
241 420 4 7 85 3 60
242 821 0 9 89 3 55
254 1191 4 2 55 4 34
256 614 1 9 75 5 53
279 587 2 5 74 5 35
281 884 2 5 88 4 57
310 437 1 5 15 3 57
310 579 3 2 44 4 59
344 447 4 8 48 5 48
367 611 1 9 43 4 59
387 911 4 1 20 4 57
416 204 2 3 63 3 52
416 561 3 2 49 3 59
432 88 0 9 39 4 34
442 65 4 2 43 5 59
445 70 2 0 33 4 51
453 1010 0 0 18 5 31
454 1129 1 2 91 5 58
458 36 3 4 81 3 37
464 116 1 0 13 4 39
466 301 4 1 40 5 49
468 1109 3 1 29 3 32
469 323 0 6 91 5 56
473 797 0 0 51 4 42
485 357 4 2 98 5 30
490 519 2 0 40 4 51
503 917 2 8 80 4 49
516 506 0 1 21 4 32
518 479 2 7 84 4 51
526 632 1 1 35 3 39
534 169 2 9 21 5 44
550 570 3 1 11 5 41
569 964 1 1 17 4 51
582 577 2 1 89 4 42
587 443 3 6 91 5 54
617 648 2 6 2 4 48
641 968 1 5 65 3 44
642 909 4 7 79 5 44
653 910 3 5 46 5 55
670 625 4 0 14 5 48
671 678 0 1 62 5 50
676 717 1 8 57 3 34
691 267 4 1 3 4 50
694 513 2 4 81 4 34
702 272 1 9 64 5 51
702 655 4 2 80 3 56
758 1009 3 6 87 3 43
780 24 4 0 35 4 48
794 1151 2 0 99 3 44
807 364 0 7 33 4 40
807 414 0 9 75 5 30
810 447 2 1 6 4 40
852 304 0 8 32 5 44
854 961 3 0 11 4 44
858 806 4 1 94 5 39
862 444 2 3 59 3 39
871 707 2 6 34 4 47
876 933 4 5 8 4 32
902 177 3 6 79 5 40
907 367 4 5 55 4 38
928 893 3 6 79 3 57
941 114 0 6 8 5 38
969 1072 0 9 99 5 55
971 348 0 8 30 3 30
999 896 0 0 17 4 56
1024 1077 1 9 27 3 56
1030 1070 2 7 34 5 58
1040 26 3 1 60 5 34
1072 884 2 8 24 3 54
1073 737 2 8 90 4 54
1105 750 3 9 38 4 56
1106 464 3 7 54 4 32
1124 162 0 2 69 3 41
1124 874 4 5 7 3 36
1137 825 1 6 82 3 38
1143 291 2 5 15 5 37
1151 621 4 3 72 5 52
1162 428 4 6 82 4 52
1193 1053 3 6 55 3 35

