10

5
0 20 20 20 20 20 20 20 20 20 20
1 20 20 20 20 20 20 20 20 20 20
2 20 20 20 20 20 20 20 20 20 20
3 20 20 20 20 20 20 20 20 20 20
4 20 20 20 20 20 20 20 20 20 20

25
900 300 985 6 1
0 126 7 2
1 106 3 6
2 130 10 8
4 126 4 4
5 120 6 6
9 127 2 9
600 1200 925 6 2
0 144 5 5
1 144 5 3
3 139 2 1
4 117 4 4
6 136 4 1
9 100 10 5
300 0 871 6 2
2 127 3 3
4 125 2 3
5 149 10 7
7 122 4 2
8 138 1 9
9 112 7 3
300 300 844 6 1
0 133 1 3
1 107 8 9
4 121 1 2
5 136 2 2
6 121 5 2
7 142 5 1
1200 600 806 6 1
0 117 2 7
2 106 4 4
3 112 4 2
4 119 3 9
6 124 3 2
8 128 8 1
1200 1200 845 6 3
1 119 3 2
3 100 5 1
4 124 6 5
5 125 8 2
6 104 10 8
9 113 1 9
0 600 817 6 0
0 118 10 2
2 100 1 4
4 147 4 10
5 125 10 2
8 137 6 5
9 128 1 3
300 600 959 6 4
0 137 8 6
1 114 4 5
4 128 6 7
6 113 10 1
7 122 3 2
8 147 6 1
0 900 994 6 3
1 149 1 3
2 143 6 6
3 133 3 1
4 114 7 9
7 128 4 7
8 124 9 5
300 1200 929 6 0
1 129 4 8
2 108 6 6
4 140 9 3
5 140 9 2
7 147 5 1
9 133 4 6
0 0 900 6 0
0 136 2 3
2 121 5 4
3 149 6 2
4 109 5 5
7 106 3 5
8 104 8 1
600 900 929 6 2
0 145 5 9
1 135 7 3
2 129 8 9
6 130 3 3
7 112 4 5
8 107 4 8
0 1200 902 6 4
1 130 2 6
3 133 4 3
4 135 10 6
6 118 3 1
7 121 7 3
8 118 9 3
900 0 930 6 2
0 126 10 2
1 134 4 10
2 143 8 8
4 126 1 3
8 111 2 8
9 145 10 10
600 0 991 6 0
1 128 7 6
2 150 4 9
3 146 3 9
4 103 8 2
8 132 1 5
9 101 5 6
900 900 867 6 0
0 103 10 3
1 110 4 2
4 146 8 7
5 102 1 10
6 148 4 7
8 134 9 8
600 600 823 6 4
1 109 10 2
3 147 1 6
4 111 4 3
5 114 5 1
7 107 1 4
8 127 9 10
1200 300 896 6 3
0 100 2 9
2 132 9 8
4 111 3 4
5 135 6 3
8 109 5 2
9 110 9 5
300 900 919 6 1
0 148 6 5
1 123 1 5
2 145 1 8
3 100 6 5
8 144 8 8
9 150 5 1
1200 0 806 6 4
0 139 5 2
1 141 7 2
4 101 7 1
6 116 1 9
7 137 2 1
8 120 2 8
900 600 910 6 3
0 128 4 6
1 123 9 2
3 145 9 2
5 145 2 4
8 116 10 8
9 129 8 1
0 300 810 6 4
1 135 10 10
2 136 4 4
3 115 5 1
7 108 6 10
8 147 10 8
9 146 6 8
1200 900 926 6 1
0 118 3 10
1 137 10 9
3 111 1 4
4 116 3 9
5 102 9 1
9 140 2 4
900 1200 827 6 2
0 115 5 6
3 119 4 6
4 131 7 2
6 113 4 4
7 146 8 8
8 141 6 3
600 300 916 6 3
0 113 10 10
1 147 9 1
2 130 5 1
6 106 9 8
7 102 4 2
8 142 1 3

300
9 837 0 3 14 3 35
10 71 3 6 4 5 31
21 811 2 6 95 3 48
22 267 0 4 42 3 39
28 995 3 4 72 5 54
36 639 4 3 16 5 56
39 239 1 4 12 3 59
45 566 3 4 88 4 37
46 162 2 0 37 3 39
48 1152 1 9 60 4 57
49 869 0 1 85 4 55
59 964 1 1 17 4 51
62 577 2 1 89 4 42
65 443 3 6 91 5 54
70 648 2 6 2 4 48
71 968 1 5 65 3 44
79 909 4 7 79 5 44
80 910 3 5 46 5 55
82 625 4 0 14 5 48
86 678 0 1 62 5 50
88 717 1 8 57 3 34
90 267 4 1 3 4 50
91 513 2 4 81 4 34
91 272 1 9 64 5 51
91 655 4 2 80 3 56
91 1009 3 6 87 3 43
98 24 4 0 35 4 48
102 1151 2 0 99 3 44
102 364 0 7 33 4 40
103 414 0 9 75 5 30
108 447 2 1 6 4 40
116 304 0 8 32 5 44
116 961 3 0 11 4 44
118 806 4 1 94 5 39
126 444 2 3 59 3 39
138 707 2 6 34 4 47
140 933 4 5 8 4 32
140 177 3 6 79 5 40
144 367 4 5 55 4 38
151 893 3 6 79 3 57
152 114 0 6 8 5 38
160 1072 0 9 99 5 55
161 348 0 8 30 3 30
165 896 0 0 17 4 56
166 1077 1 9 27 3 56
170 1070 2 7 34 5 58
173 26 3 1 60 5 34
177 884 2 8 24 3 54
180 737 2 8 90 4 54
180 750 3 9 38 4 56
185 464 3 7 54 4 32
186 162 0 2 69 3 41
189 874 4 5 7 3 36
195 825 1 6 82 3 38
200 291 2 5 15 5 37
204 621 4 3 72 5 52
207 428 4 6 82 4 52
209 1053 3 6 55 3 35
214 950 0 0 25 3 36
219 1192 3 3 89 3 48
221 1039 1 3 52 3 48
223 440 2 0 88 3 33
226 626 3 2 44 5 35
229 891 1 0 76 5 30
238 697 4 7 47 3 45
240 158 3 5 1 3 54
241 136 2 8 80 5 33
242 588 1 3 38 3 30
254 459 1 3 93 5 39
256 839 1 8 55 4 43
259 286 1 4 15 5 55
260 172 4 9 100 5 41
264 72 0 1 49 4 39
267 154 0 8 69 4 60
274 519 3 8 20 3 50
275 347 1 3 60 4 51
276 587 3 6 5 4 33
279 805 0 1 71 5 52
279 93 1 3 30 4 40
280 96 3 0 30 5 45
280 681 1 4 92 3 41
281 506 1 4 30 5 31
286 902 2 7 56 5 57
287 728 1 9 51 4 50
296 790 2 1 37 5 46
301 344 2 2 55 3 32
301 1115 4 9 78 5 48
310 507 1 8 35 4 60
310 737 2 0 78 5 52
317 347 3 7 96 3 32
319 1167 1 4 56 5 47
334 809 2 9 67 4 51
339 214 4 0 21 4 59
340 745 4 5 30 3 57
344 860 1 9 71 3 39
344 55 4 3 50 3 32
345 88 3 6 86 4 47
360 261 2 6 15 4 57
367 332 3 7 97 4 37
369 534 0 4 98 5 58
379 365 2 7 1 5 55
380 1103 1 4 98 3 58
385 217 0 2 96 3 41
387 601 0 9 97 4 55
395 446 2 2 88 4 59
403 920 1 5 4 3 30
416 1045 4 0 34 3 37
416 53 2 0 40 3 34
420 170 4 2 62 5 37
425 1106 3 7 15 4 47
428 144 4 0 29 3 36
430 428 0 9 71 4 33
432 992 2 8 25 4 45
437 888 0 5 50 3 50
442 9 4 9 54 4 41
445 575 4 3 49 4 43
446 467 0 9 72 4 35
447 117 2 1 65 5 55
450 46 2 9 16 5 44
453 41 2 7 35 4 41
454 1169 4 5 56 4 46
458 548 3 9 28 5 58
464 583 0 1 96 3 51
466 984 3 8 60 4 34
468 46 4 5 84 3 50
469 239 0 9 39 4 43
473 696 2 3 15 4 48
475 312 1 2 95 5 43
477 938 3 4 10 4 50
485 386 4 0 30 3 54
490 349 3 1 68 4 45
493 171 0 5 1 5 32
495 307 1 9 28 5 44
503 791 3 3 64 4 44
504 383 0 0 59 4 46
511 504 3 8 63 4 33
513 1140 1 2 19 4 36
516 903 0 4 64 3 37
517 223 2 1 74 5 45
518 661 0 0 83 3 56
523 258 0 6 90 3 56
526 1143 1 9 40 3 30
529 381 0 4 20 4 30
533 223 4 1 36 3 35
534 883 0 6 57 3 34
537 158 0 8 24 5 59
550 1128 3 2 28 5 38
561 715 4 8 15 3 52
561 164 2 8 18 4 48
562 614 2 2 34 5 37
564 431 1 9 63 3 60
569 868 4 5 6 5 32
569 1115 4 6 46 4 50
579 679 1 3 18 5 31
582 285 2 4 100 3 35
583 962 4 4 38 4 59
587 393 0 5 51 3 52
587 107 1 2 37 5 50
590 359 4 7 26 4 33
594 215 3 1 49 4 44
604 146 3 3 60 5 40
611 252 4 6 8 3 53
612 892 1 6 75 5 38
614 1058 3 0 38 4 58
617 150 2 7 81 4 33
619 1115 3 4 22 4 45
635 85 1 6 63 3 46
641 151 0 0 71 4 32
642 642 1 3 50 3 57
646 758 0 9 74 4 44
649 878 3 4 30 5 39
653 876 1 4 2 5 41
654 671 3 9 23 5 60
659 949 0 7 2 3 33
670 676 0 9 40 5 47
670 9 0 9 66 3 40
671 346 3 8 4 3 35
674 195 4 2 24 3 44
676 295 3 2 87 4 54
680 71 3 0 53 3 41
680 526 1 2 44 4 46
685 145 0 1 1 3 40
691 858 3 5 14 4 54
694 965 2 8 85 5 57
694 647 3 1 29 4 53
696 49 4 4 21 4 55
702 9 2 1 44 4 52
702 1045 2 0 96 4 36
715 330 2 1 41 5 57
718 115 2 2 100 3 39
725 448 1 0 42 3 44
740 119 0 4 33 4 56
750 294 0 0 65 5 40
752 251 3 3 56 4 36
757 298 1 9 85 4 57
758 117 4 9 72 4 55
762 1151 2 0 41 5 34
777 715 1 1 28 3 41
780 102 0 1 53 4 46
785 963 3 7 29 5 31
786 473 2 0 3 4 55
791 359 2 0 84 4 36
794 390 4 4 10 5 59
799 987 1 9 30 5 50
805 556 2 5 29 5 55
807 519 3 4 39 5 52
807 14 0 9 5 4 39
807 465 4 2 26 3 33
810 868 1 3 87 4 56
811 242 1 2 50 3 32
821 782 2 6 26 4 41
824 332 3 7 33 4 45
852 276 3 3 49 3 37
852 351 0 1 29 3 43
854 19 4 4 28 3 39
858 19 1 1 90 3 45
862 710 1 1 4 5 44
871 1093 4 5 28 3 52
875 388 4 5 55 5 36
876 1122 3 9 51 3 56
878 591 1 7 91 5 42
880 747 2 7 37 4 45
883 687 4 2 66 5 30
884 522 1 4 87 3 32
898 94 4 8 7 4 54
898 956 2 9 34 5 35
902 699 4 6 71 5 56
903 845 2 8 34 4 50
906 1117 3 4 20 3 44
907 21 1 4 16 4 34
911 117 4 4 76 5 33
928 1034 2 0 1 5 52
932 50 0 9 42 3 56
941 1079 4 2 67 4 45
954 685 2 2 16 5 56
957 558 4 5 64 4 48
961 635 0 2 17 4 32
962 937 0 3 20 3 50
965 58 2 7 17 3 45
969 205 2 0 68 3 41
971 570 0 8 61 3 50
974 1137 4 1 80 3 57
976 900 3 0 72 5 32
987 338 4 6 26 3 54
987 45 0 8 76 4 49
991 701 3 0 25 3 30
997 654 4 6 71 3 55
999 975 3 2 85 3 43
1000 601 2 4 10 4 41
1010 679 0 2 1 5 34
1021 0 3 2 95 5 38
1024 904 2 0 61 3 57
1024 1145 4 0 72 3 45
1028 79 0 5 1 3 36
1029 980 2 6 17 4 57
1030 916 0 5 57 4 32
1032 108 1 7 68 5 48
1040 953 3 9 9 3 50
1046 1181 1 9 75 3 31
1055 1151 3 3 35 5 30
1056 243 4 0 48 4 39
1056 916 4 6 84 5 40
1058 598 4 9 87 3 53
1063 442 4 0 75 3 42
1072 965 0 2 17 4 36
1073 9 0 5 22 5 53
1078 713 1 4 95 5 31
1091 203 2 0 15 4 37
1105 257 1 0 49 3 45
1106 932 2 3 82 4 58
1106 547 0 4 98 4 34
1106 196 2 1 75 5 51
1109 64 3 2 42 3 38
1114 90 0 0 85 5 57
1124 912 3 9 40 3 31
1124 682 1 8 37 4 34
1129 969 2 6 96 3 57
1130 1071 2 8 51 4 33
1135 270 3 6 56 5 43
1137 605 3 1 65 4 45
1138 1018 4 6 31 4 55
1140 705 4 8 37 3 46
1143 50 3 8 88 5 60
1149 839 4 3 38 4 56
1150 485 2 2 39 5 60
1151 711 1 5 83 3 49
1153 525 0 9 44 3 59
1155 159 4 7 5 5 53
1162 1035 4 6 59 3 36
1166 829 0 9 29 5 42
1168 22 2 0 34 3 58
1169 473 1 3 17 4 48
1177 1083 0 6 2 4 31
1177 1049 0 9 76 5 46
1180 505 2 2 66 5 48
1180 797 3 8 31 4 57
1191 217 3 1 41 4 47
1192 1053 3 9 12 5 34
1193 299 4 3 41 3 42
1193 603 2 3 83 3 44

