10

5
0 20 20 20 20 20 20 20 20 20 20
1 20 20 20 20 20 20 20 20 20 20
2 20 20 20 20 20 20 20 20 20 20
3 20 20 20 20 20 20 20 20 20 20
4 20 20 20 20 20 20 20 20 20 20

25
900 300 985 6 1
0 126 7 2
1 106 3 6
2 130 10 8
4 126 4 4
5 120 6 6
9 127 2 9
600 1200 925 6 2
0 144 5 5
1 144 5 3
3 139 2 1
4 117 4 4
6 136 4 1
9 100 10 5
300 0 871 6 2
2 127 3 3
4 125 2 3
5 149 10 7
7 122 4 2
8 138 1 9
9 112 7 3
300 300 844 6 1
0 133 1 3
1 107 8 9
4 121 1 2
5 136 2 2
6 121 5 2
7 142 5 1
1200 600 806 6 1
0 117 2 7
2 106 4 4
3 112 4 2
4 119 3 9
6 124 3 2
8 128 8 1
1200 1200 845 6 3
1 119 3 2
3 100 5 1
4 124 6 5
5 125 8 2
6 104 10 8
9 113 1 9
0 600 817 6 0
0 118 10 2
2 100 1 4
4 147 4 10
5 125 10 2
8 137 6 5
9 128 1 3
300 600 959 6 4
0 137 8 6
1 114 4 5
4 128 6 7
6 113 10 1
7 122 3 2
8 147 6 1
0 900 994 6 3
1 149 1 3
2 143 6 6
3 133 3 1
4 114 7 9
7 128 4 7
8 124 9 5
300 1200 929 6 0
1 129 4 8
2 108 6 6
4 140 9 3
5 140 9 2
7 147 5 1
9 133 4 6
0 0 900 6 0
0 136 2 3
2 121 5 4
3 149 6 2
4 109 5 5
7 106 3 5
8 104 8 1
600 900 929 6 2
0 145 5 9
1 135 7 3
2 129 8 9
6 130 3 3
7 112 4 5
8 107 4 8
0 1200 902 6 4
1 130 2 6
3 133 4 3
4 135 10 6
6 118 3 1
7 121 7 3
8 118 9 3
900 0 930 6 2
0 126 10 2
1 134 4 10
2 143 8 8
4 126 1 3
8 111 2 8
9 145 10 10
600 0 991 6 0
1 128 7 6
2 150 4 9
3 146 3 9
4 103 8 2
8 132 1 5
9 101 5 6
900 900 867 6 0
0 103 10 3
1 110 4 2
4 146 8 7
5 102 1 10
6 148 4 7
8 134 9 8
600 600 823 6 4
1 109 10 2
3 147 1 6
4 111 4 3
5 114 5 1
7 107 1 4
8 127 9 10
1200 300 896 6 3
0 100 2 9
2 132 9 8
4 111 3 4
5 135 6 3
8 109 5 2
9 110 9 5
300 900 919 6 1
0 148 6 5
1 123 1 5
2 145 1 8
3 100 6 5
8 144 8 8
9 150 5 1
1200 0 806 6 4
0 139 5 2
1 141 7 2
4 101 7 1
6 116 1 9
7 137 2 1
8 120 2 8
900 600 910 6 3
0 128 4 6
1 123 9 2
3 145 9 2
5 145 2 4
8 116 10 8
9 129 8 1
0 300 810 6 4
1 135 10 10
2 136 4 4
3 115 5 1
7 108 6 10
8 147 10 8
9 146 6 8
1200 900 926 6 1
0 118 3 10
1 137 10 9
3 111 1 4
4 116 3 9
5 102 9 1
9 140 2 4
900 1200 827 6 2
0 115 5 6
3 119 4 6
4 131 7 2
6 113 4 4
7 146 8 8
8 141 6 3
600 300 916 6 3
0 113 10 10
1 147 9 1
2 130 5 1
6 106 9 8
7 102 4 2
8 142 1 3

200
10 646 4 3 87 5 59
21 898 0 6 12 5 52
22 219 4 8 97 3 43
28 811 1 4 18 5 48
39 587 2 5 74 5 35
45 884 2 5 88 4 57
46 437 1 5 15 3 57
48 579 3 2 44 4 59
59 447 4 8 48 5 48
62 611 1 9 43 4 59
80 911 4 1 20 4 57
82 204 2 3 63 3 52
86 561 3 2 49 3 59
91 88 0 9 39 4 34
91 65 4 2 43 5 59
91 70 2 0 33 4 51
91 1010 0 0 18 5 31
98 1129 1 2 91 5 58
102 36 3 4 81 3 37
102 116 1 0 13 4 39
103 301 4 1 40 5 49
108 1109 3 1 29 3 32
118 323 0 6 91 5 56
138 797 0 0 51 4 42
140 357 4 2 98 5 30
140 519 2 0 40 4 51
144 917 2 8 80 4 49
151 506 0 1 21 4 32
152 479 2 7 84 4 51
161 632 1 1 35 3 39
165 169 2 9 21 5 44
170 570 3 1 11 5 41
177 964 1 1 17 4 51
180 577 2 1 89 4 42
185 443 3 6 91 5 54
186 648 2 6 2 4 48
189 968 1 5 65 3 44
195 909 4 7 79 5 44
209 910 3 5 46 5 55
214 625 4 0 14 5 48
221 678 0 1 62 5 50
223 717 1 8 57 3 34
229 267 4 1 3 4 50
241 513 2 4 81 4 34
242 272 1 9 64 5 51
254 655 4 2 80 3 56
256 1009 3 6 87 3 43
259 24 4 0 35 4 48
260 1151 2 0 99 3 44
264 364 0 7 33 4 40
267 414 0 9 75 5 30
276 447 2 1 6 4 40
279 304 0 8 32 5 44
279 961 3 0 11 4 44
280 806 4 1 94 5 39
281 444 2 3 59 3 39
301 707 2 6 34 4 47
310 933 4 5 8 4 32
310 177 3 6 79 5 40
334 367 4 5 55 4 38
344 893 3 6 79 3 57
344 114 0 6 8 5 38
367 1072 0 9 99 5 55
369 348 0 8 30 3 30
380 896 0 0 17 4 56
385 1077 1 9 27 3 56
387 1070 2 7 34 5 58
395 26 3 1 60 5 34
403 884 2 8 24 3 54
416 737 2 8 90 4 54
416 750 3 9 38 4 56
425 464 3 7 54 4 32
428 162 0 2 69 3 41
432 874 4 5 7 3 36
442 825 1 6 82 3 38
445 291 2 5 15 5 37
446 621 4 3 72 5 52
453 428 4 6 82 4 52
454 1053 3 6 55 3 35
458 950 0 0 25 3 36
464 1192 3 3 89 3 48
466 1039 1 3 52 3 48
468 440 2 0 88 3 33
469 626 3 2 44 5 35
473 891 1 0 76 5 30
475 697 4 7 47 3 45
485 158 3 5 1 3 54
490 136 2 8 80 5 33
493 588 1 3 38 3 30
503 459 1 3 93 5 39
504 839 1 8 55 4 43
511 286 1 4 15 5 55
516 172 4 9 100 5 41
518 72 0 1 49 4 39
523 154 0 8 69 4 60
526 519 3 8 20 3 50
529 347 1 3 60 4 51
534 587 3 6 5 4 33
537 805 0 1 71 5 52
550 93 1 3 30 4 40
569 96 3 0 30 5 45
582 681 1 4 92 3 41
587 506 1 4 30 5 31
617 902 2 7 56 5 57
619 728 1 9 51 4 50
641 790 2 1 37 5 46
642 344 2 2 55 3 32
649 1115 4 9 78 5 48
653 507 1 8 35 4 60
654 737 2 0 78 5 52
659 347 3 7 96 3 32
670 1167 1 4 56 5 47
670 809 2 9 67 4 51
671 214 4 0 21 4 59
674 745 4 5 30 3 57
676 860 1 9 71 3 39
691 55 4 3 50 3 32
694 88 3 6 86 4 47
702 261 2 6 15 4 57
702 332 3 7 97 4 37
715 534 0 4 98 5 58
718 365 2 7 1 5 55
725 1103 1 4 98 3 58
740 217 0 2 96 3 41
758 601 0 9 97 4 55
762 446 2 2 88 4 59
780 920 1 5 4 3 30
785 1045 4 0 34 3 37
786 53 2 0 40 3 34
794 170 4 2 62 5 37
799 1106 3 7 15 4 47
805 144 4 0 29 3 36
807 428 0 9 71 4 33
807 992 2 8 25 4 45
807 888 0 5 50 3 50
810 9 4 9 54 4 41
824 575 4 3 49 4 43
852 467 0 9 72 4 35
852 117 2 1 65 5 55
854 46 2 9 16 5 44
858 41 2 7 35 4 41
862 1169 4 5 56 4 46
871 548 3 9 28 5 58
876 583 0 1 96 3 51
880 984 3 8 60 4 34
883 46 4 5 84 3 50
898 239 0 9 39 4 43
902 696 2 3 15 4 48
903 312 1 2 95 5 43
906 938 3 4 10 4 50
907 386 4 0 30 3 54
928 349 3 1 68 4 45
932 171 0 5 1 5 32
941 307 1 9 28 5 44
954 791 3 3 64 4 44
957 383 0 0 59 4 46
961 504 3 8 63 4 33
962 1140 1 2 19 4 36
969 903 0 4 64 3 37
971 223 2 1 74 5 45
974 661 0 0 83 3 56
976 258 0 6 90 3 56
987 1143 1 9 40 3 30
991 381 0 4 20 4 30
999 223 4 1 36 3 35
1021 883 0 6 57 3 34
1024 158 0 8 24 5 59
1024 1128 3 2 28 5 38
1028 715 4 8 15 3 52
1029 164 2 8 18 4 48
1030 614 2 2 34 5 37
1040 431 1 9 63 3 60
1046 868 4 5 6 5 32
1056 1115 4 6 46 4 50
1056 679 1 3 18 5 31
1063 285 2 4 100 3 35
1072 962 4 4 38 4 59
1073 393 0 5 51 3 52
1078 107 1 2 37 5 50
1091 359 4 7 26 4 33
1105 215 3 1 49 4 44
1106 146 3 3 60 5 40
1106 252 4 6 8 3 53
1106 892 1 6 75 5 38
1114 1058 3 0 38 4 58
1124 150 2 7 81 4 33
1124 1115 3 4 22 4 45
1137 85 1 6 63 3 46
1138 151 0 0 71 4 32
1140 642 1 3 50 3 57
1143 758 0 9 74 4 44
1149 878 3 4 30 5 39
1150 876 1 4 2 5 41
1151 671 3 9 23 5 60
1153 949 0 7 2 3 33
1155 676 0 9 40 5 47
1162 9 0 9 66 3 40
1180 346 3 8 4 3 35
1193 195 4 2 24 3 44
1193 295 3 2 87 4 54

