10

5
0 20 20 20 20 20 20 20 20 20 20
1 20 20 20 20 20 20 20 20 20 20
2 20 20 20 20 20 20 20 20 20 20
3 20 20 20 20 20 20 20 20 20 20
4 20 20 20 20 20 20 20 20 20 20

25
900 300 985 6 1
0 126 7 2
1 106 3 6
2 130 10 8
4 126 4 4
5 120 6 6
9 127 2 9
600 1200 925 6 2
0 144 5 5
1 144 5 3
3 139 2 1
4 117 4 4
6 136 4 1
9 100 10 5
300 0 871 6 2
2 127 3 3
4 125 2 3
5 149 10 7
7 122 4 2
8 138 1 9
9 112 7 3
300 300 844 6 1
0 133 1 3
1 107 8 9
4 121 1 2
5 136 2 2
6 121 5 2
7 142 5 1
1200 600 806 6 1
0 117 2 7
2 106 4 4
3 112 4 2
4 119 3 9
6 124 3 2
8 128 8 1
1200 1200 845 6 3
1 119 3 2
3 100 5 1
4 124 6 5
5 125 8 2
6 104 10 8
9 113 1 9
0 600 817 6 0
0 118 10 2
2 100 1 4
4 147 4 10
5 125 10 2
8 137 6 5
9 128 1 3
300 600 959 6 4
0 137 8 6
1 114 4 5
4 128 6 7
6 113 10 1
7 122 3 2
8 147 6 1
0 900 994 6 3
1 149 1 3
2 143 6 6
3 133 3 1
4 114 7 9
7 128 4 7
8 124 9 5
300 1200 929 6 0
1 129 4 8
2 108 6 6
4 140 9 3
5 140 9 2
7 147 5 1
9 133 4 6
0 0 900 6 0
0 136 2 3
2 121 5 4
3 149 6 2
4 109 5 5
7 106 3 5
8 104 8 1
600 900 929 6 2
0 145 5 9
1 135 7 3
2 129 8 9
6 130 3 3
7 112 4 5
8 107 4 8
0 1200 902 6 4
1 130 2 6
3 133 4 3
4 135 10 6
6 118 3 1
7 121 7 3
8 118 9 3
900 0 930 6 2
0 126 10 2
1 134 4 10
2 143 8 8
4 126 1 3
8 111 2 8
9 145 10 10
600 0 991 6 0
1 128 7 6
2 150 4 9
3 146 3 9
4 103 8 2
8 132 1 5
9 101 5 6
900 900 867 6 0
0 103 10 3
1 110 4 2
4 146 8 7
5 102 1 10
6 148 4 7
8 134 9 8
600 600 823 6 4
1 109 10 2
3 147 1 6
4 111 4 3
5 114 5 1
7 107 1 4
8 127 9 10
1200 300 896 6 3
0 100 2 9
2 132 9 8
4 111 3 4
5 135 6 3
8 109 5 2
9 110 9 5
300 900 919 6 1
0 148 6 5
1 123 1 5
2 145 1 8
3 100 6 5
8 144 8 8
9 150 5 1
1200 0 806 6 4
0 139 5 2
1 141 7 2
4 101 7 1
6 116 1 9
7 137 2 1
8 120 2 8
900 600 910 6 3
0 128 4 6
1 123 9 2
3 145 9 2
5 145 2 4
8 116 10 8
9 129 8 1
0 300 810 6 4
1 135 10 10
2 136 4 4
3 115 5 1
7 108 6 10
8 147 10 8
9 146 6 8
1200 900 926 6 1
0 118 3 10
1 137 10 9
3 111 1 4
4 116 3 9
5 102 9 1
9 140 2 4
900 1200 827 6 2
0 115 5 6
3 119 4 6
4 131 7 2
6 113 4 4
7 146 8 8
8 141 6 3
600 300 916 6 3
0 113 10 10
1 147 9 1
2 130 5 1
6 106 9 8
7 102 4 2
8 142 1 3

400
9 366 1 2 75 3 30
10 1002 2 4 33 5 39
12 315 1 3 78 4 50
16 655 4 2 80 3 56
21 1009 3 6 87 3 43
22 24 4 0 35 4 48
25 1151 2 0 99 3 44
28 364 0 7 33 4 40
36 414 0 9 75 5 30
39 447 2 1 6 4 40
45 304 0 8 32 5 44
46 961 3 0 11 4 44
48 806 4 1 94 5 39
49 444 2 3 59 3 39
51 707 2 6 34 4 47
56 933 4 5 8 4 32
59 177 3 6 79 5 40
62 367 4 5 55 4 38
63 893 3 6 79 3 57
65 114 0 6 8 5 38
70 1072 0 9 99 5 55
71 348 0 8 30 3 30
71 896 0 0 17 4 56
76 1077 1 9 27 3 56
79 1070 2 7 34 5 58
80 26 3 1 60 5 34
82 884 2 8 24 3 54
86 737 2 8 90 4 54
88 750 3 9 38 4 56
90 464 3 7 54 4 32
91 162 0 2 69 3 41
91 874 4 5 7 3 36
91 825 1 6 82 3 38
91 291 2 5 15 5 37
98 621 4 3 72 5 52
102 428 4 6 82 4 52
102 1053 3 6 55 3 35
103 950 0 0 25 3 36
105 1192 3 3 89 3 48
108 1039 1 3 52 3 48
116 440 2 0 88 3 33
116 626 3 2 44 5 35
118 891 1 0 76 5 30
122 697 4 7 47 3 45
126 158 3 5 1 3 54
129 136 2 8 80 5 33
132 588 1 3 38 3 30
138 459 1 3 93 5 39
140 839 1 8 55 4 43
140 286 1 4 15 5 55
140 172 4 9 100 5 41
144 72 0 1 49 4 39
151 154 0 8 69 4 60
152 519 3 8 20 3 50
152 347 1 3 60 4 51
160 587 3 6 5 4 33
161 805 0 1 71 5 52
162 93 1 3 30 4 40
164 96 3 0 30 5 45
165 681 1 4 92 3 41
166 506 1 4 30 5 31
169 902 2 7 56 5 57
170 728 1 9 51 4 50
173 790 2 1 37 5 46
177 344 2 2 55 3 32
180 1115 4 9 78 5 48
180 507 1 8 35 4 60
185 737 2 0 78 5 52
186 347 3 7 96 3 32
187 1167 1 4 56 5 47
188 809 2 9 67 4 51
189 214 4 0 21 4 59
195 745 4 5 30 3 57
200 860 1 9 71 3 39
204 55 4 3 50 3 32
207 88 3 6 86 4 47
209 261 2 6 15 4 57
209 332 3 7 97 4 37
209 534 0 4 98 5 58
214 365 2 7 1 5 55
219 1103 1 4 98 3 58
221 217 0 2 96 3 41
223 601 0 9 97 4 55
226 446 2 2 88 4 59
229 920 1 5 4 3 30
238 1045 4 0 34 3 37
239 53 2 0 40 3 34
240 170 4 2 62 5 37
241 1106 3 7 15 4 47
242 144 4 0 29 3 36
242 428 0 9 71 4 33
243 992 2 8 25 4 45
254 888 0 5 50 3 50
256 9 4 9 54 4 41
259 575 4 3 49 4 43
260 467 0 9 72 4 35
264 117 2 1 65 5 55
267 46 2 9 16 5 44
267 41 2 7 35 4 41
271 1169 4 5 56 4 46
271 548 3 9 28 5 58
274 583 0 1 96 3 51
275 984 3 8 60 4 34
276 46 4 5 84 3 50
279 239 0 9 39 4 43
279 696 2 3 15 4 48
280 312 1 2 95 5 43
280 938 3 4 10 4 50
281 386 4 0 30 3 54
286 349 3 1 68 4 45
287 171 0 5 1 5 32
296 307 1 9 28 5 44
301 791 3 3 64 4 44
301 383 0 0 59 4 46
310 504 3 8 63 4 33
310 1140 1 2 19 4 36
317 903 0 4 64 3 37
319 223 2 1 74 5 45
322 661 0 0 83 3 56
323 258 0 6 90 3 56
327 1143 1 9 40 3 30
328 381 0 4 20 4 30
334 223 4 1 36 3 35
339 883 0 6 57 3 34
340 158 0 8 24 5 59
344 1128 3 2 28 5 38
344 715 4 8 15 3 52
345 164 2 8 18 4 48
357 614 2 2 34 5 37
360 431 1 9 63 3 60
367 868 4 5 6 5 32
369 1115 4 6 46 4 50
379 679 1 3 18 5 31
380 285 2 4 100 3 35
385 962 4 4 38 4 59
387 393 0 5 51 3 52
395 107 1 2 37 5 50
403 359 4 7 26 4 33
416 215 3 1 49 4 44
416 146 3 3 60 5 40
420 252 4 6 8 3 53
425 892 1 6 75 5 38
428 1058 3 0 38 4 58
430 150 2 7 81 4 33
432 1115 3 4 22 4 45
437 85 1 6 63 3 46
442 151 0 0 71 4 32
443 642 1 3 50 3 57
445 758 0 9 74 4 44
446 878 3 4 30 5 39
447 876 1 4 2 5 41
450 671 3 9 23 5 60
453 949 0 7 2 3 33
454 676 0 9 40 5 47
457 9 0 9 66 3 40
458 346 3 8 4 3 35
464 195 4 2 24 3 44
466 295 3 2 87 4 54
468 71 3 0 53 3 41
469 526 1 2 44 4 46
472 145 0 1 1 3 40
473 858 3 5 14 4 54
475 965 2 8 85 5 57
477 647 3 1 29 4 53
479 49 4 4 21 4 55
485 9 2 1 44 4 52
490 1045 2 0 96 4 36
493 330 2 1 41 5 57
495 115 2 2 100 3 39
499 448 1 0 42 3 44
503 119 0 4 33 4 56
504 294 0 0 65 5 40
506 251 3 3 56 4 36
511 298 1 9 85 4 57
513 117 4 9 72 4 55
513 1151 2 0 41 5 34
516 715 1 1 28 3 41
517 102 0 1 53 4 46
518 963 3 7 29 5 31
519 473 2 0 3 4 55
523 359 2 0 84 4 36
526 390 4 4 10 5 59
529 987 1 9 30 5 50
532 556 2 5 29 5 55
533 519 3 4 39 5 52
534 14 0 9 5 4 39
537 465 4 2 26 3 33
550 868 1 3 87 4 56
557 242 1 2 50 3 32
559 782 2 6 26 4 41
561 332 3 7 33 4 45
561 276 3 3 49 3 37
562 351 0 1 29 3 43
564 19 4 4 28 3 39
566 19 1 1 90 3 45
569 710 1 1 4 5 44
569 1093 4 5 28 3 52
570 388 4 5 55 5 36
577 1122 3 9 51 3 56
579 591 1 7 91 5 42
582 747 2 7 37 4 45
583 687 4 2 66 5 30
587 522 1 4 87 3 32
587 94 4 8 7 4 54
590 956 2 9 34 5 35
590 699 4 6 71 5 56
594 845 2 8 34 4 50
604 1117 3 4 20 3 44
609 21 1 4 16 4 34
609 117 4 4 76 5 33
611 1034 2 0 1 5 52
612 50 0 9 42 3 56
614 1079 4 2 67 4 45
617 685 2 2 16 5 56
619 558 4 5 64 4 48
621 635 0 2 17 4 32
625 937 0 3 20 3 50
625 58 2 7 17 3 45
632 205 2 0 68 3 41
635 570 0 8 61 3 50
639 1137 4 1 80 3 57
641 900 3 0 72 5 32
642 338 4 6 26 3 54
646 45 0 8 76 4 49
648 701 3 0 25 3 30
649 654 4 6 71 3 55
649 975 3 2 85 3 43
653 601 2 4 10 4 41
654 679 0 2 1 5 34
659 0 3 2 95 5 38
664 904 2 0 61 3 57
670 1145 4 0 72 3 45
670 79 0 5 1 3 36
671 980 2 6 17 4 57
674 916 0 5 57 4 32
676 108 1 7 68 5 48
678 953 3 9 9 3 50
680 1181 1 9 75 3 31
680 1151 3 3 35 5 30
685 243 4 0 48 4 39
691 916 4 6 84 5 40
694 598 4 9 87 3 53
694 442 4 0 75 3 42
696 965 0 2 17 4 36
702 9 0 5 22 5 53
702 713 1 4 95 5 31
715 203 2 0 15 4 37
717 257 1 0 49 3 45
718 932 2 3 82 4 58
721 547 0 4 98 4 34
723 196 2 1 75 5 51
725 64 3 2 42 3 38
725 90 0 0 85 5 57
733 912 3 9 40 3 31
740 682 1 8 37 4 34
741 969 2 6 96 3 57
750 1071 2 8 51 4 33
752 270 3 6 56 5 43
757 605 3 1 65 4 45
758 1018 4 6 31 4 55
762 705 4 8 37 3 46
766 50 3 8 88 5 60
768 839 4 3 38 4 56
777 485 2 2 39 5 60
780 711 1 5 83 3 49
785 525 0 9 44 3 59
786 159 4 7 5 5 53
791 1035 4 6 59 3 36
794 829 0 9 29 5 42
797 22 2 0 34 3 58
799 473 1 3 17 4 48
805 1083 0 6 2 4 31
807 1049 0 9 76 5 46
807 505 2 2 66 5 48
807 797 3 8 31 4 57
810 217 3 1 41 4 47
811 1053 3 9 12 5 34
811 299 4 3 41 3 42
817 603 2 3 83 3 44
818 925 3 9 97 4 58
821 450 1 5 87 3 41
824 651 2 8 67 5 37
836 463 0 9 58 5 52
837 645 3 1 26 5 52
852 207 1 1 46 3 40
852 316 1 6 98 3 55
854 809 3 9 8 3 44
858 771 3 4 8 5 37
862 555 2 6 44 3 30
867 176 0 4 56 3 42
869 1157 3 7 51 4 55
871 595 2 7 82 5 50
875 928 1 1 6 3 49
876 1193 4 6 31 3 39
878 397 4 6 22 5 41
880 409 0 1 66 4 50
883 752 2 1 67 3 48
884 215 1 6 97 4 55
898 192 0 2 58 4 30
898 398 0 0 59 3 39
902 465 3 2 86 5 47
903 1086 0 7 93 3 49
905 641 3 2 57 5 57
905 864 4 6 1 3 45
906 994 4 3 55 5 52
907 350 0 0 88 3 31
909 23 3 1 83 3 38
910 880 0 9 57 3 58
911 405 1 4 28 3 36
917 104 0 1 4 4 34
922 144 1 7 2 3 54
928 604 4 0 34 5 46
929 372 4 0 94 3 40
932 225 2 4 69 3 40
939 1113 1 1 80 3 37
941 525 2 3 2 4 32
954 997 4 6 50 3 59
957 949 2 3 15 4 43
959 373 3 6 58 3 49
961 212 3 8 47 4 59
962 255 4 7 81 3 49
964 826 2 2 19 3 56
965 415 2 5 35 3 60
968 765 1 2 25 5 52
969 50 3 4 89 5 38
971 38 2 3 83 4 42
974 501 0 0 5 3 50
976 699 0 7 92 4 51
977 945 0 5 98 4 42
978 223 4 5 20 4 59
987 223 0 6 98 5 49
987 778 3 0 58 4 59
991 149 1 2 84 4 57
991 1121 2 7 25 4 46
995 840 3 6 93 5 37
997 310 0 4 69 4 43
999 411 4 6 34 3 40
1000 195 3 6 48 4 38
1010 759 3 8 7 4 38
1020 656 1 2 61 3 58
1021 115 0 0 68 3 40
1024 965 1 3 23 4 55
1024 781 1 5 73 4 40
1028 822 4 6 68 5 48
1029 882 1 6 64 5 42
1030 279 1 5 61 5 47
1030 111 2 7 52 4 32
1032 630 3 7 45 4 47
1034 10 0 0 33 5 45
1040 1038 3 5 80 4 37
1046 560 1 5 11 4 53
1055 1158 4 9 64 3 35
1056 515 1 2 85 4 55
1056 224 0 1 92 4 53
1058 144 4 6 100 4 59
1063 1000 1 9 53 4 31
1072 704 4 5 52 4 44
1073 690 3 3 30 5 32
1078 311 4 6 49 4 33
1091 178 1 6 93 4 30
1101 870 2 8 45 3 36
1105 904 2 9 44 3 49
1106 177 3 3 59 3 55
1106 279 4 5 41 5 47
1106 110 4 3 16 3 43
1109 834 4 0 75 5 41
1114 416 4 1 81 5 44
1115 891 0 5 59 5 53
1124 163 4 5 8 4 55
1124 245 4 1 32 5 51
1129 470 4 4 87 3 50
1130 83 4 9 94 5 57
1135 458 0 6 40 3 53
1137 143 4 4 71 4 51
1137 1155 2 6 14 3 30
1138 76 4 5 13 4 50
1140 835 2 1 16 3 55
1143 731 0 7 28 5 53
1149 791 0 9 77 5 39
1150 735 4 8 63 3 32
1151 582 1 1 49 4 42
1152 799 1 2 76 5 35
1153 267 0 4 73 3 49
1155 118 0 1 54 4 53
1162 430 4 1 83 4 36
1166 678 0 5 49 3 45
1168 920 4 6 30 3 60
1169 439 1 5 82 3 57
1177 589 0 5 51 3 58
1177 637 3 9 66 4 54
1179 1111 1 9 24 4 59
1180 38 1 3 60 5 45
1180 430 0 5 13 5 51
1191 792 0 1 59 4 30
1192 172 0 9 28 5 51
1193 499 3 8 45 4 53
1193 217 3 4 31 4 45
1195 13 0 6 60 5 39
1195 999 1 5 60 5 53
1198 906 1 0 58 4 47

