10

5
0 20 20 20 20 20 20 20 20 20 20
1 20 20 20 20 20 20 20 20 20 20
2 20 20 20 20 20 20 20 20 20 20
3 20 20 20 20 20 20 20 20 20 20
4 20 20 20 20 20 20 20 20 20 20

25
300 900 100000 6 3
0 126 7 2
1 106 3 6
2 130 10 8
4 126 4 4
5 120 6 6
9 127 2 9
600 600 100000 6 3
0 112 2 2
1 112 5 5
3 119 5 3
6 139 2 1
7 117 4 4
9 136 4 1
900 1200 100000 6 4
0 109 5 9
2 127 3 3
4 125 2 3
5 149 10 7
7 122 4 2
9 138 1 9
900 300 100000 6 2
0 141 6 7
1 129 9 1
2 142 3 2
3 129 9 6
4 100 2 10
6 147 2 2
0 900 100000 6 0
0 132 1 3
1 101 9 3
3 119 3 7
4 117 2 7
5 106 4 4
8 112 4 2
1200 0 100000 6 1
1 131 1 3
2 112 5 7
4 106 5 4
6 123 10 5
7 109 2 1
8 117 1 7
900 900 100000 6 0
1 130 4 1
4 144 9 2
5 148 9 10
6 121 1 3
7 117 5 10
9 106 1 1
0 1200 100000 6 0
1 128 1 3
3 139 7 9
4 125 7 5
5 100 8 2
6 137 8 6
9 114 4 5
900 0 100000 6 2
0 122 3 2
3 147 6 1
5 148 2 8
6 115 9 3
7 118 1 3
9 143 6 6
1200 300 100000 6 2
0 115 7 7
2 144 9 5
3 132 10 5
6 139 2 8
7 117 6 3
8 129 4 8
300 300 100000 6 1
0 133 4 6
1 125 4 9
2 132 5 8
4 140 3 3
5 108 5 1
8 136 2 3
1200 900 100000 6 2
1 102 9 1
2 130 8 7
3 145 9 2
4 141 3 5
5 132 9 7
7 110 8 8
900 600 100000 6 3
1 112 8 7
2 129 2 5
3 140 9 2
4 113 4 5
7 113 9 5
8 127 8 2
300 1200 100000 6 0
2 109 1 6
3 124 3 5
4 132 3 9
5 104 3 10
8 132 9 1
9 107 5 7
600 300 100000 6 1
1 145 1 3
3 111 2 8
6 145 10 10
7 147 5 3
8 115 5 4
9 107 2 9
300 600 100000 6 3
3 134 3 9
5 103 8 2
6 132 1 5
7 101 5 6
8 116 5 9
9 125 2 6
0 300 100000 6 2
0 126 1 1
1 138 4 7
2 134 9 8
3 105 5 8
7 144 9 5
9 121 2 8
600 900 100000 6 1
0 111 4 3
1 114 5 1
2 107 1 4
3 127 9 10
5 124 5 10
9 121 10 9
0 0 100000 6 0
0 111 3 4
1 135 6 3
2 109 5 2
5 110 9 5
7 129 4 2
8 107 3 1
600 0 100000 6 4
0 116 1 8
2 100 6 5
4 144 8 8
5 150 5 1
8 101 1 2
9 101 9 5
0 600 100000 6 4
0 125 1 5
1 147 1 9
4 137 2 1
6 120 2 8
7 127 2 6
9 133 1 1
300 0 100000 6 4
0 123 9 2
1 145 9 2
3 145 2 4
5 116 10 8
7 129 8 1
9 102 8 2
600 1200 100000 6 3
0 108 6 10
2 147 10 8
3 146 6 8
4 131 1 5
8 138 2 6
9 147 4 5
1200 1200 100000 6 4
0 111 9 1
2 149 9 1
3 140 2 4
4 106 8 8
8 133 5 4
9 103 7 4
1200 600 100000 6 1
1 113 4 4
3 146 8 8
4 141 6 3
5 129 9 7
6 104 1 3
7 130 4 10

900
0 1034 4 0 43 5 0
3 252 4 7 3 5 0
4 647 3 4 59 4 0
5 1169 4 5 56 4 0
9 1034 2 7 77 3 0
9 583 0 1 96 3 0
10 984 3 8 60 4 0
12 282 4 0 68 4 0
13 5 0 1 80 4 0
14 766 3 5 40 3 0
16 227 3 9 20 3 0
19 370 3 7 53 4 0
21 158 2 3 90 5 0
22 41 1 2 98 3 0
24 1008 0 8 39 4 0
25 171 0 5 1 5 0
26 187 1 2 77 3 0
28 1174 3 6 62 3 0
28 1022 3 7 88 3 0
32 241 0 7 54 5 0
34 504 3 8 63 4 0
36 236 4 2 97 3 0
39 295 3 3 92 5 0
44 903 0 4 64 3 0
45 464 0 5 87 3 0
46 1173 4 7 42 3 0
48 53 1 2 97 3 0
48 892 1 8 20 5 0
49 639 0 0 77 3 0
51 130 2 2 36 3 0
53 223 4 1 36 3 0
53 338 3 0 85 4 0
54 907 1 2 10 3 0
55 1093 1 8 56 3 0
55 434 4 4 45 5 0
56 1072 0 0 92 3 0
56 737 4 2 46 5 0
57 614 2 2 34 5 0
58 467 1 2 81 5 0
58 994 1 6 89 5 0
59 1084 2 0 92 3 0
61 1115 4 6 46 4 0
61 679 1 3 18 5 0
62 115 1 4 37 3 0
62 370 3 9 37 4 0
63 836 1 1 46 4 0
63 2 0 2 19 4 0
64 359 4 7 26 4 0
65 215 0 6 15 4 0
68 904 3 1 91 4 0
70 415 3 9 42 5 0
70 252 4 6 8 3 0
71 892 1 6 75 5 0
71 562 4 6 6 4 0
72 540 0 5 92 4 0
75 524 0 8 53 4 0
76 338 3 7 6 3 0
79 789 3 0 67 3 0
79 33 0 8 54 3 0
80 642 1 3 50 3 0
81 758 0 9 74 4 0
82 922 3 7 35 3 0
83 587 3 3 35 3 0
84 1085 2 5 55 5 0
84 357 4 7 9 5 0
86 996 0 3 15 4 0
88 5 4 4 80 5 0
88 9 0 9 66 3 0
90 645 1 6 72 3 0
90 396 1 1 90 5 0
91 379 1 0 57 5 0
91 295 3 2 87 4 0
91 71 3 0 53 3 0
91 707 2 2 23 4 0
92 957 4 1 92 3 0
93 208 0 2 42 4 0
96 1015 2 1 60 5 0
97 965 2 8 85 5 0
98 647 3 1 29 4 0
99 49 4 4 21 4 0
100 9 2 1 44 4 0
102 1045 2 0 96 4 0
102 393 1 4 15 4 0
102 1107 0 5 21 3 0
103 602 1 3 6 4 0
105 94 3 0 7 4 0
105 514 3 2 83 3 0
106 48 4 9 41 3 0
107 894 1 6 35 3 0
108 298 1 9 85 4 0
108 117 4 9 72 4 0
111 1151 2 0 41 5 0
112 315 2 2 14 3 0
114 49 2 0 94 3 0
116 232 3 4 67 4 0
116 959 3 3 75 3 0
117 473 2 0 3 4 0
117 359 2 0 84 4 0
118 384 1 9 34 3 0
120 987 1 9 30 5 0
122 556 2 5 29 5 0
125 519 3 4 39 5 0
125 14 0 9 5 4 0
126 633 1 8 24 3 0
129 395 0 6 31 5 0
132 441 3 1 22 3 0
136 797 1 1 49 4 0
136 794 1 4 47 5 0
138 332 3 7 33 4 0
140 992 1 6 28 4 0
140 318 1 2 8 3 0
140 451 0 6 2 5 0
143 547 1 1 37 3 0
144 479 0 1 64 5 0
144 710 1 1 4 5 0
148 908 4 9 48 3 0
151 205 1 8 42 4 0
152 428 4 8 54 5 0
152 800 1 4 32 4 0
154 1150 3 5 43 4 0
158 582 3 7 43 5 0
160 1168 1 8 85 3 0
160 522 1 4 87 3 0
161 135 0 9 72 3 0
161 796 4 7 41 5 0
162 534 1 5 77 4 0
162 1127 3 5 65 4 0
163 857 4 7 40 3 0
164 301 3 0 18 4 0
165 254 3 2 8 5 0
166 541 4 9 15 5 0
167 723 0 0 82 5 0
169 50 0 9 42 3 0
170 1079 4 2 67 4 0
170 1009 2 5 23 3 0
171 558 4 5 64 4 0
171 1165 2 0 22 3 0
172 575 0 7 3 5 0
172 399 1 0 83 3 0
173 531 3 2 9 4 0
175 205 2 0 68 3 0
177 766 2 1 66 4 0
177 409 4 9 10 5 0
180 449 3 7 6 5 0
180 185 1 8 49 3 0
183 339 0 0 69 5 0
185 736 4 5 50 5 0
186 111 1 1 3 5 0
187 654 4 6 71 3 0
188 975 3 2 85 3 0
188 836 2 4 33 3 0
189 544 2 5 4 3 0
189 13 1 0 55 3 0
189 512 3 5 2 4 0
193 488 4 9 3 5 0
195 146 3 0 16 4 0
196 13 1 3 62 4 0
200 771 1 6 89 4 0
200 30 2 7 48 3 0
201 108 1 7 68 5 0
203 953 3 9 9 3 0
204 1181 1 9 75 3 0
206 103 4 7 30 4 0
207 8 0 8 3 4 0
209 564 2 7 74 4 0
209 1126 2 4 69 5 0
209 343 1 8 3 5 0
212 356 3 7 4 3 0
213 269 3 3 1 3 0
214 737 1 8 94 4 0
214 270 2 0 13 4 0
217 23 0 7 30 3 0
219 318 0 6 7 4 0
220 932 2 3 82 4 0
221 547 0 4 98 4 0
221 302 0 4 96 3 0
222 1198 0 7 91 5 0
223 297 2 0 35 3 0
223 121 0 7 49 5 0
224 631 0 0 43 3 0
226 1080 2 7 19 4 0
227 683 3 0 67 4 0
227 1062 3 4 16 3 0
228 1018 3 6 78 4 0
228 605 3 1 65 4 0
229 983 3 9 49 3 0
233 633 2 9 65 4 0
235 248 4 0 92 4 0
235 1082 3 9 29 4 0
236 894 1 4 19 4 0
236 711 1 5 83 3 0
238 525 0 9 44 3 0
238 159 4 7 5 5 0
238 1035 4 6 59 3 0
239 396 3 0 74 3 0
240 1076 3 0 43 3 0
241 540 1 3 20 3 0
242 260 2 9 80 5 0
242 1083 0 6 2 4 0
242 120 4 0 94 5 0
243 1060 1 5 18 5 0
245 1184 3 7 71 3 0
245 814 0 6 15 4 0
247 584 4 8 60 5 0
251 191 1 9 19 5 0
254 411 2 3 49 4 0
256 662 1 0 60 4 0
258 893 4 5 29 3 0
259 697 0 5 41 4 0
260 1053 4 8 32 3 0
261 103 4 7 89 5 0
263 645 3 1 26 5 0
264 207 1 1 46 3 0
267 698 1 2 51 3 0
267 809 3 9 8 3 0
267 922 3 7 35 3 0
270 1136 1 4 33 4 0
270 701 0 0 12 3 0
271 587 3 1 52 5 0
271 1157 3 7 51 4 0
272 595 2 7 82 5 0
274 928 1 1 6 3 0
275 1193 4 6 31 3 0
275 603 1 8 52 3 0
276 1038 2 3 14 3 0
276 1050 3 5 44 5 0
279 199 4 1 75 3 0
279 396 3 6 13 3 0
280 285 3 6 2 3 0
280 56 0 7 23 4 0
280 465 3 2 86 5 0
281 1104 4 0 63 5 0
284 479 4 5 98 4 0
286 336 3 8 55 5 0
286 830 0 3 62 4 0
287 1116 1 6 73 5 0
290 350 0 0 88 3 0
291 122 0 6 16 5 0
296 137 2 9 56 3 0
297 1156 3 3 26 5 0
299 479 2 3 16 3 0
299 104 0 1 4 4 0
301 272 0 2 61 3 0
301 397 2 9 3 4 0
301 1045 1 8 2 5 0
302 151 2 1 84 4 0
304 594 4 3 41 5 0
307 1113 1 1 80 3 0
310 454 2 4 31 3 0
310 777 0 7 67 4 0
315 795 1 7 91 4 0
315 453 0 6 53 3 0
317 881 3 7 18 5 0
318 212 3 8 47 4 0
319 255 4 7 81 3 0
321 826 2 2 19 3 0
321 415 2 5 35 3 0
322 765 1 2 25 5 0
322 50 3 4 89 5 0
323 556 0 5 31 5 0
323 1018 3 3 84 3 0
323 85 0 0 84 4 0
324 174 3 5 87 4 0
327 253 2 7 49 3 0
328 732 1 7 14 3 0
332 830 4 9 49 4 0
334 79 3 7 10 3 0
336 269 3 8 86 4 0
339 941 1 5 67 4 0
340 1023 3 3 20 3 0
341 580 4 7 56 5 0
342 411 4 6 34 3 0
344 660 0 7 81 4 0
344 757 2 4 48 4 0
344 1029 0 4 34 4 0
344 386 1 7 12 3 0
345 134 0 8 4 4 0
347 965 1 3 23 4 0
347 781 1 5 73 4 0
348 657 3 9 56 5 0
348 1169 3 3 88 4 0
357 1016 4 6 18 5 0
359 270 2 7 94 5 0
360 111 2 7 52 4 0
362 173 2 7 58 4 0
364 576 4 0 8 5 0
365 45 2 7 65 4 0
365 767 4 5 32 4 0
366 265 2 1 51 5 0
367 1158 4 9 64 3 0
367 354 2 2 98 3 0
369 552 0 1 9 5 0
370 551 0 8 51 4 0
376 1000 1 9 53 4 0
377 124 2 9 85 5 0
379 682 3 5 59 4 0
379 875 1 3 80 3 0
379 311 4 6 49 4 0
380 218 0 2 100 5 0
383 771 3 0 55 4 0
384 1054 2 1 25 4 0
385 615 4 5 98 3 0
387 177 3 3 59 3 0
387 279 4 5 41 5 0
391 1091 0 8 28 3 0
391 154 3 6 79 3 0
394 1194 4 5 27 5 0
395 217 3 6 9 4 0
396 930 0 8 48 3 0
401 936 0 8 10 3 0
403 470 4 4 87 3 0
414 83 4 9 94 5 0
415 458 0 6 40 3 0
416 143 4 4 71 4 0
416 1155 2 6 14 3 0
419 28 0 8 45 3 0
420 906 3 5 13 3 0
425 444 2 0 58 3 0
428 791 0 9 77 5 0
428 593 4 5 74 5 0
428 994 0 1 79 4 0
428 437 0 6 38 4 0
429 799 1 2 76 5 0
430 343 1 1 33 5 0
431 144 4 0 15 3 0
432 863 2 3 77 3 0
433 869 1 5 10 4 0
434 780 1 7 58 5 0
435 808 1 1 28 3 0
437 706 1 4 2 4 0
440 806 0 4 98 4 0
441 1044 3 8 25 5 0
442 369 3 0 26 3 0
443 959 4 7 27 5 0
443 123 2 1 83 5 0
444 792 0 1 59 4 0
445 51 0 0 73 3 0
445 499 3 8 45 4 0
446 217 3 4 31 4 0
446 1013 0 0 51 4 0
447 1125 2 7 22 4 0
447 954 3 3 98 3 0
448 913 3 8 4 3 0
449 390 0 5 89 4 0
450 1151 1 7 42 3 0
452 824 4 0 87 5 0
453 3 0 7 81 4 0
454 519 3 5 11 4 0
455 1138 0 3 17 4 0
457 186 1 2 60 4 0
458 941 4 7 2 4 0
459 566 3 0 61 5 0
460 645 2 4 97 5 0
461 351 4 9 63 4 0
462 539 1 3 57 4 0
464 322 1 8 69 3 0
464 248 2 0 23 4 0
464 182 3 1 10 5 0
466 772 0 8 12 4 0
467 1153 4 7 36 4 0
468 1158 0 0 3 3 0
468 1098 0 0 23 4 0
469 1075 1 7 63 4 0
469 473 3 6 72 3 0
469 693 0 5 35 3 0
472 1012 2 3 83 4 0
473 32 4 3 33 5 0
473 1097 0 1 88 5 0
475 247 0 8 44 3 0
475 233 3 0 60 5 0
477 817 1 3 89 4 0
478 109 0 6 2 5 0
478 131 1 8 14 5 0
479 103 2 8 44 3 0
480 1046 3 2 91 5 0
480 965 3 4 74 4 0
485 1026 3 8 28 5 0
490 184 4 4 9 3 0
493 438 2 2 82 5 0
493 130 4 5 83 5 0
493 1026 0 0 11 3 0
494 283 1 6 15 5 0
495 1132 0 6 47 4 0
495 1094 2 2 43 5 0
496 423 0 0 95 5 0
498 58 4 3 40 4 0
499 247 0 4 98 3 0
503 60 1 9 10 4 0
503 1002 4 3 16 3 0
504 668 4 2 77 5 0
506 1110 3 7 59 4 0
506 886 0 6 75 3 0
507 425 2 4 56 4 0
508 1119 3 2 45 4 0
510 1111 3 7 84 3 0
511 686 3 0 100 3 0
513 218 3 2 66 4 0
513 407 2 1 18 4 0
513 1056 1 1 33 4 0
516 181 2 5 27 5 0
516 149 2 5 7 4 0
517 709 1 5 80 3 0
518 156 1 4 71 5 0
519 289 1 6 80 4 0
519 283 2 6 81 5 0
519 56 3 9 60 4 0
522 792 4 0 70 4 0
523 329 1 5 39 5 0
526 825 4 4 57 3 0
526 532 1 8 28 4 0
528 794 0 9 77 4 0
528 710 1 6 34 5 0
529 170 3 5 40 4 0
529 106 3 4 66 3 0
532 241 1 7 94 4 0
533 903 2 3 94 4 0
533 1109 4 3 2 4 0
533 1018 1 1 18 5 0
534 682 4 9 46 3 0
534 466 3 3 24 5 0
535 370 2 7 32 4 0
537 419 0 8 94 3 0
537 334 3 9 76 4 0
541 1064 3 7 27 4 0
542 801 2 0 98 3 0
543 32 4 0 53 3 0
548 590 4 5 62 4 0
550 233 2 4 76 3 0
552 999 3 9 79 3 0
557 954 2 6 33 4 0
559 1175 2 2 69 3 0
559 855 4 1 12 4 0
559 925 1 6 82 5 0
559 346 4 5 94 3 0
561 507 4 9 45 5 0
561 143 0 4 95 5 0
562 1176 1 5 83 3 0
563 501 0 3 81 4 0
564 415 4 9 1 3 0
566 274 2 3 36 4 0
569 951 4 8 4 5 0
569 221 1 0 71 5 0
570 973 2 1 81 3 0
572 1102 3 8 29 4 0
575 167 3 1 35 3 0
575 649 2 5 78 3 0
577 317 1 5 29 5 0
577 203 2 0 57 4 0
578 556 4 0 32 5 0
578 1182 0 9 11 3 0
579 488 4 8 13 3 0
579 647 3 3 1 3 0
582 408 2 5 4 4 0
583 674 2 9 73 4 0
586 350 1 1 73 3 0
586 169 0 5 80 5 0
587 1172 3 7 53 3 0
587 963 0 1 49 4 0
587 924 0 8 1 4 0
588 251 2 9 7 5 0
590 123 3 5 43 5 0
590 376 3 8 37 5 0
591 561 3 8 88 5 0
592 763 3 2 68 4 0
594 157 3 6 27 4 0
594 318 0 1 38 3 0
595 111 1 3 91 3 0
601 471 2 8 98 5 0
604 864 4 1 90 4 0
604 645 4 2 93 3 0
607 120 1 3 76 4 0
609 207 0 0 49 4 0
609 993 2 1 81 5 0
611 371 4 2 55 4 0
611 423 3 0 25 4 0
612 579 2 9 18 5 0
614 608 2 7 81 4 0
614 636 4 5 31 5 0
617 730 1 6 70 5 0
618 948 1 9 15 3 0
618 999 0 7 69 4 0
619 1000 1 9 14 5 0
621 551 4 5 90 5 0
621 325 0 6 94 5 0
623 850 1 7 96 5 0
625 54 0 7 58 3 0
625 875 0 5 95 5 0
625 319 1 2 42 3 0
626 612 4 0 22 3 0
626 20 0 7 16 5 0
626 23 4 6 44 3 0
626 1034 2 9 45 4 0
630 624 2 1 43 5 0
632 75 0 4 30 5 0
632 136 0 4 92 5 0
635 740 0 2 7 4 0
639 601 3 8 96 5 0
639 460 3 3 8 5 0
641 581 4 4 43 3 0
642 663 3 6 73 5 0
646 491 3 8 60 3 0
648 55 2 1 92 5 0
649 1113 1 9 33 3 0
649 751 4 2 50 4 0
649 451 0 8 7 3 0
651 208 3 5 3 5 0
652 139 0 1 59 3 0
653 530 2 2 38 4 0
653 186 3 2 32 5 0
654 1081 2 9 84 3 0
655 1017 2 9 26 4 0
658 373 4 3 40 5 0
659 594 2 1 36 5 0
664 23 0 6 45 3 0
664 809 0 0 79 4 0
666 596 0 2 82 4 0
670 921 3 3 62 5 0
670 778 0 5 45 5 0
670 134 2 2 70 4 0
670 633 0 3 11 5 0
671 783 3 1 21 5 0
673 242 0 0 20 4 0
673 540 3 8 60 3 0
674 443 1 1 71 4 0
676 904 3 3 21 5 0
678 891 2 4 45 4 0
680 132 4 2 87 3 0
680 795 0 3 66 5 0
681 1030 3 3 33 4 0
683 1011 3 0 74 5 0
685 57 2 6 27 5 0
688 129 0 6 88 5 0
691 1121 2 2 67 3 0
694 457 0 7 43 4 0
694 631 1 1 67 3 0
694 348 3 9 63 3 0
694 533 2 7 12 4 0
696 1015 3 6 96 3 0
697 315 3 6 100 4 0
702 876 0 2 63 3 0
702 634 0 4 39 4 0
704 710 1 1 39 4 0
706 666 1 2 77 5 0
707 682 2 8 51 4 0
708 711 4 3 27 5 0
709 1098 4 6 32 5 0
710 578 1 2 4 3 0
715 1130 4 3 37 4 0
715 524 2 8 83 3 0
717 693 4 7 50 5 0
717 397 1 5 46 3 0
718 372 3 1 65 5 0
721 958 1 7 81 4 0
723 467 1 0 10 5 0
725 533 4 0 69 4 0
725 277 1 0 44 5 0
727 437 3 8 37 5 0
728 452 4 9 44 5 0
728 692 1 2 6 4 0
732 1076 2 7 16 4 0
733 468 4 5 83 5 0
733 536 1 7 56 5 0
735 274 4 1 95 4 0
736 863 2 4 98 4 0
737 673 4 6 44 4 0
737 1136 4 0 6 3 0
740 994 0 2 44 5 0
740 636 4 5 45 4 0
740 26 3 9 54 4 0
741 1198 1 4 82 4 0
745 323 3 6 53 3 0
746 1190 0 6 77 4 0
749 736 1 8 84 5 0
750 565 4 8 11 3 0
750 988 2 8 44 4 0
752 232 0 2 72 4 0
752 279 3 9 79 4 0
755 147 0 4 78 5 0
757 724 3 3 56 4 0
757 582 3 4 56 3 0
758 458 3 6 10 4 0
758 355 2 1 10 5 0
762 332 0 3 14 4 0
762 425 1 8 67 4 0
766 948 2 9 51 3 0
766 341 2 1 85 4 0
768 822 3 2 35 5 0
768 238 4 4 28 4 0
769 238 0 3 93 5 0
770 97 0 1 80 3 0
771 932 3 2 22 5 0
774 289 0 0 17 4 0
775 188 1 6 52 4 0
776 84 4 1 93 3 0
777 459 1 6 7 5 0
777 949 2 2 44 3 0
779 110 3 0 52 5 0
780 43 4 5 43 4 0
784 697 4 3 13 4 0
785 543 4 5 79 4 0
786 663 3 0 40 4 0
788 981 2 2 93 3 0
790 193 2 8 7 3 0
791 712 1 8 1 3 0
794 405 2 4 94 5 0
796 854 0 0 100 3 0
796 494 1 6 43 3 0
797 304 2 1 28 4 0
797 163 4 9 31 4 0
798 1100 4 5 60 5 0
799 1153 1 5 27 5 0
800 692 1 9 99 5 0
800 639 4 9 67 3 0
800 1119 0 2 100 5 0
804 1025 3 8 70 4 0
805 653 2 9 10 4 0
805 553 1 9 66 3 0
806 234 1 1 47 5 0
807 410 4 2 8 5 0
807 782 0 8 26 5 0
807 318 4 8 50 4 0
807 843 2 6 70 3 0
809 1155 1 2 37 3 0
810 639 3 9 91 4 0
811 1155 0 1 55 4 0
811 610 3 2 4 3 0
812 165 3 4 50 4 0
814 126 2 3 67 3 0
814 170 0 8 20 3 0
817 489 0 8 57 5 0
817 1195 1 5 96 3 0
818 1126 4 9 31 5 0
821 168 4 3 51 5 0
824 442 2 4 64 3 0
825 347 2 8 91 5 0
829 319 3 3 40 5 0
834 872 0 4 58 5 0
834 186 4 9 94 4 0
835 521 4 0 66 4 0
836 913 3 7 9 5 0
837 1003 1 2 13 3 0
839 887 4 1 99 5 0
852 1047 3 3 77 5 0
852 348 3 8 15 3 0
854 576 2 8 49 5 0
854 103 1 0 18 3 0
855 311 2 6 81 4 0
856 137 0 7 43 5 0
857 505 2 4 84 5 0
858 647 1 8 7 5 0
858 74 3 3 66 4 0
858 284 3 6 49 5 0
860 1157 3 3 29 4 0
862 336 2 3 85 5 0
864 747 4 1 79 3 0
865 552 4 2 9 5 0
865 718 4 6 69 4 0
867 245 2 2 53 4 0
868 505 0 7 8 3 0
869 1096 2 5 75 4 0
870 447 4 2 57 5 0
870 467 0 4 73 4 0
870 346 2 6 66 4 0
871 730 0 6 92 3 0
872 842 2 2 81 3 0
874 143 4 2 89 5 0
874 714 1 3 44 4 0
875 346 3 8 17 4 0
876 1196 2 2 72 3 0
877 555 1 7 54 3 0
878 777 2 8 69 4 0
878 1009 0 2 22 4 0
880 15 3 1 90 3 0
880 686 1 3 93 3 0
883 593 4 4 17 3 0
884 240 3 7 72 5 0
884 968 0 7 12 5 0
888 334 3 5 74 5 0
891 944 2 1 17 3 0
893 1160 3 2 46 4 0
894 1174 2 0 33 5 0
896 841 1 1 59 3 0
898 913 2 9 93 3 0
898 884 2 6 96 3 0
899 38 2 4 42 5 0
902 393 1 5 32 5 0
902 742 1 8 77 4 0
903 1109 3 8 48 5 0
905 855 3 2 22 5 0
905 595 2 9 54 3 0
906 1087 0 1 48 4 0
907 911 3 1 43 4 0
909 1110 2 1 91 4 0
910 59 3 5 47 3 0
911 658 4 2 52 3 0
911 507 4 1 25 5 0
917 956 0 8 19 5 0
917 948 1 4 7 3 0
918 1061 4 3 31 3 0
919 291 2 4 6 5 0
920 87 0 6 69 3 0
922 956 1 0 77 5 0
928 186 0 7 15 3 0
929 590 3 5 43 3 0
932 1105 3 4 70 4 0
933 970 4 1 23 4 0
935 707 4 2 2 3 0
936 863 1 1 45 3 0
936 666 3 8 30 3 0
939 3 1 4 15 3 0
941 787 1 2 58 3 0
941 918 0 9 9 4 0
942 616 2 2 14 3 0
946 662 4 1 16 4 0
949 1100 3 2 59 5 0
950 306 0 6 93 5 0
952 236 4 2 52 5 0
953 626 1 6 72 4 0
953 5 4 3 23 5 0
954 986 1 1 42 3 0
955 549 1 1 91 4 0
957 446 4 7 89 3 0
959 298 1 9 94 3 0
961 628 0 0 33 5 0
961 750 4 3 90 5 0
962 856 0 4 94 4 0
962 534 0 0 20 4 0
964 250 1 9 20 4 0
965 919 1 2 59 4 0
965 365 1 8 2 5 0
965 747 2 0 44 3 0
968 82 1 4 86 5 0
968 86 4 8 83 4 0
969 823 1 6 89 4 0
971 842 4 2 57 4 0
972 294 2 2 67 3 0
974 418 4 7 42 4 0
976 240 0 9 41 4 0
976 845 1 0 8 3 0
977 210 2 9 88 3 0
978 1101 1 7 88 3 0
979 355 1 4 2 4 0
981 1197 1 2 59 4 0
987 1063 0 4 33 3 0
987 914 4 0 8 4 0
987 78 0 3 73 3 0
989 604 2 3 48 3 0
990 431 1 6 28 3 0
991 46 2 6 4 4 0
991 614 4 8 22 5 0
992 845 0 9 63 3 0
992 1113 0 0 66 5 0
995 805 4 4 21 5 0
997 895 4 6 57 5 0
997 27 4 9 16 3 0
998 741 4 4 13 5 0
999 724 4 2 28 5 0
1000 444 4 2 99 5 0
1001 946 1 4 30 3 0
1002 970 3 0 42 4 0
1002 656 3 9 72 4 0
1002 1098 3 1 14 4 0
1009 1130 1 2 79 5 0
1010 59 3 2 29 5 0
1016 188 0 6 94 5 0
1020 488 3 3 82 4 0
1021 1163 4 0 13 5 0
1021 663 0 4 73 3 0
1022 798 0 9 91 5 0
1022 219 3 3 57 5 0
1023 226 3 7 78 5 0
1024 1045 1 3 95 5 0
1024 843 1 4 67 3 0
1028 49 3 3 78 5 0
1028 863 0 5 23 4 0
1029 438 1 4 32 3 0
1030 774 1 4 89 5 0
1030 210 0 8 26 5 0
1032 864 2 0 24 5 0
1032 502 4 6 71 5 0
1034 597 1 2 39 3 0
1035 752 1 3 46 5 0
1037 806 4 4 79 4 0
1039 143 1 5 21 4 0
1040 448 1 5 65 4 0
1045 698 1 2 72 5 0
1046 443 2 1 93 3 0
1047 106 2 2 32 3 0
1048 125 0 5 53 4 0
1049 1036 0 3 90 3 0
1049 1114 0 1 78 5 0
1050 1079 4 3 64 5 0
1053 397 0 5 69 3 0
1053 227 2 1 15 5 0
1055 322 2 7 21 3 0
1055 73 1 2 58 3 0
1055 1133 1 8 40 5 0
1056 88 0 8 18 4 0
1056 207 0 4 80 3 0
1058 117 4 8 91 5 0
1061 363 3 5 84 4 0
1062 547 3 0 22 3 0
1063 451 4 9 27 5 0
1063 743 1 3 59 3 0
1065 349 4 4 86 5 0
1070 164 4 4 59 5 0
1070 245 2 4 46 5 0
1070 1103 3 8 37 5 0
1071 801 0 7 11 4 0
1072 954 3 2 36 4 0
1072 1050 4 9 82 3 0
1072 232 1 5 38 4 0
1073 300 0 4 77 5 0
1075 507 2 4 33 4 0
1077 85 3 8 7 5 0
1078 1036 1 6 16 4 0
1085 1110 1 0 54 5 0
1088 314 0 9 32 5 0
1089 13 2 0 28 3 0
1091 327 3 4 84 4 0
1091 371 2 0 21 4 0
1092 952 3 0 71 4 0
1101 803 0 7 85 3 0
1103 200 4 3 8 3 0
1105 258 4 9 56 4 0
1106 1031 4 3 8 5 0
1106 154 3 4 38 4 0
1106 1034 0 9 57 3 0
1106 382 0 3 33 5 0
1109 1187 1 9 5 4 0
1109 784 0 8 8 4 0
1114 409 3 7 20 5 0
1115 360 3 8 9 4 0
1115 801 4 2 91 4 0
1121 939 2 5 77 5 0
1124 391 3 4 59 4 0
1124 582 0 0 53 4 0
1125 1038 0 5 47 5 0
1127 288 0 2 97 4 0
1127 779 3 5 89 3 0
1128 659 3 0 25 5 0
1128 1002 1 9 38 3 0
1129 587 3 2 99 3 0
1129 481 3 1 5 3 0
1130 92 4 7 79 4 0
1130 876 4 6 21 5 0
1131 772 4 8 82 4 0
1134 1031 1 2 38 4 0
1135 405 0 4 51 4 0
1135 134 3 7 66 4 0
1137 382 4 9 9 4 0
1137 757 0 0 42 5 0
1138 1053 4 0 42 4 0
1140 739 3 9 54 3 0
1140 654 2 2 8 3 0
1143 574 4 6 46 5 0
1148 477 0 9 11 5 0
1149 1021 0 7 26 4 0
1149 884 2 8 94 5 0
1150 478 1 4 37 4 0
1150 298 2 7 65 3 0
1150 317 1 8 83 3 0
1151 565 1 7 47 3 0
1151 193 1 8 68 5 0
1152 101 3 4 46 3 0
1153 529 0 9 100 5 0
1155 954 2 9 43 3 0
1156 46 0 9 2 5 0
1160 140 2 9 73 4 0
1162 11 4 6 57 4 0
1166 177 4 2 89 5 0
1167 533 2 0 20 3 0
1168 812 1 0 44 3 0
1169 596 2 8 83 5 0
1169 554 2 8 14 4 0
1169 954 3 8 58 5 0
1170 254 3 4 82 4 0
1171 301 4 8 9 5 0
1177 721 2 9 18 5 0
1177 1043 2 4 72 5 0
1177 486 1 1 86 4 0
1179 669 0 8 51 3 0
1180 1160 2 2 77 3 0
1180 111 0 6 38 4 0
1181 1122 0 9 29 5 0
1182 383 3 1 6 4 0
1185 870 4 5 60 4 0
1191 800 0 1 42 4 0
1191 69 3 4 2 5 0
1192 423 3 8 50 3 0
1192 498 0 2 25 3 0
1192 200 0 7 83 3 0
1193 488 0 1 93 4 0
1193 1160 3 7 88 3 0
1193 565 1 0 84 5 0
1193 918 1 6 65 3 0
1195 57 4 3 66 3 0
1195 166 0 6 85 4 0
1197 703 1 4 3 3 0
1198 795 2 4 28 3 0

