10

5
0 20 20 20 20 20 20 20 20 20 20
1 20 20 20 20 20 20 20 20 20 20
2 20 20 20 20 20 20 20 20 20 20
3 20 20 20 20 20 20 20 20 20 20
4 20 20 20 20 20 20 20 20 20 20

25
309 532 100000 6 0
0 126 2 2
1 108 6 8
2 137 8 7
5 113 4 6
6 140 6 6
9 127 2 9
1007 829 100000 6 1
0 139 2 1
1 117 4 4
2 136 4 1
3 100 10 5
4 117 3 6
9 138 8 3
560 1138 100000 6 3
1 107 10 1
2 133 4 7
3 111 3 2
5 107 5 1
6 141 6 7
9 129 9 1
336 240 100000 6 3
0 147 2 2
1 121 5 2
5 142 5 1
7 150 1 4
8 114 9 9
9 144 1 3
48 1079 100000 6 2
1 124 3 2
2 128 8 1
3 111 4 5
4 125 2 5
6 113 6 10
8 119 3 2
9 565 100000 6 1
0 104 10 8
1 113 1 9
4 104 9 10
5 121 1 3
6 117 5 10
7 106 1 1
432 423 100000 6 1
1 103 3 10
4 124 9 7
5 125 5 1
6 149 8 2
7 137 8 6
9 114 4 5
922 689 100000 6 4
0 105 6 1
2 148 2 8
3 115 9 3
5 118 1 3
6 143 6 6
9 133 3 1
470 886 100000 6 3
3 141 5 10
4 148 2 8
6 117 6 3
7 129 4 8
8 108 6 6
9 140 9 3
1103 252 100000 6 2
0 113 9 9
3 145 5 8
4 140 3 3
5 108 5 1
6 136 2 3
8 121 5 4
650 174 100000 6 2
0 102 8 8
1 125 9 2
2 141 3 5
4 132 9 7
7 110 8 8
8 143 9 8
313 365 100000 6 4
1 107 4 4
3 146 5 4
4 132 5 7
6 130 2 6
7 133 4 3
8 135 10 6
598 308 100000 6 2
0 146 3 9
2 104 3 10
4 132 9 1
5 107 5 7
6 136 2 9
8 112 10 8
910 834 100000 6 4
0 110 4 5
1 114 2 2
2 135 9 10
4 128 7 6
7 150 4 9
9 146 3 9
114 924 100000 6 4
0 140 2 6
1 100 1 10
4 147 3 3
5 114 2 8
6 126 1 1
8 138 4 7
1106 1149 100000 6 0
1 109 10 2
3 147 1 6
4 111 4 3
5 114 5 1
7 107 1 4
8 127 9 10
775 565 100000 6 0
0 132 9 9
1 130 3 3
2 113 9 6
5 108 3 5
8 150 2 3
9 135 5 8
416 173 100000 6 0
0 119 6 1
1 116 1 8
2 100 6 5
5 144 8 8
8 150 5 1
9 101 1 2
41 1043 100000 6 3
0 125 1 5
1 147 1 9
4 137 2 1
6 120 2 8
7 127 2 6
9 133 1 1
240 1154 100000 6 3
0 104 9 2
3 145 2 4
5 116 10 8
7 129 8 1
8 102 8 2
9 111 3 10
1069 443 100000 6 0
0 122 10 10
2 129 6 8
3 131 1 5
4 138 2 6
8 147 4 5
9 149 3 10
1193 1172 100000 6 1
0 112 2 8
1 129 9 5
2 114 1 7
3 115 5 6
4 119 4 6
8 131 7 2
419 417 100000 6 4
2 104 1 3
3 130 4 10
5 137 9 1
6 130 5 1
7 106 9 8
8 102 4 2
34 275 100000 6 2
0 113 5 9
1 117 6 4
3 145 4 7
5 103 5 9
6 139 1 9
8 115 8 6
862 670 100000 6 1
1 117 3 2
2 144 3 1
5 108 4 2
6 137 1 4
7 105 6 4
9 102 8 4

800
0 1160 0 3 28 3 0
3 428 0 9 71 4 0
5 213 3 4 71 3 0
9 776 3 6 14 4 0
10 798 1 0 67 5 0
12 858 2 5 85 4 0
13 510 3 5 54 3 0
14 100 4 8 45 3 0
16 117 2 1 65 5 0
19 46 2 9 16 5 0
21 932 0 5 64 4 0
24 938 2 9 71 5 0
25 651 3 4 65 4 0
26 940 4 3 79 5 0
28 583 0 1 96 3 0
28 984 3 8 60 4 0
32 282 4 0 68 4 0
36 5 0 1 80 4 0
39 766 3 5 40 3 0
44 227 3 9 20 3 0
45 370 3 7 53 4 0
46 158 2 3 90 5 0
48 41 1 2 98 3 0
49 1008 0 8 39 4 0
51 171 0 5 1 5 0
53 187 1 2 77 3 0
53 1174 3 6 62 3 0
54 1022 3 7 88 3 0
55 241 0 7 54 5 0
55 504 3 8 63 4 0
56 236 4 2 97 3 0
56 295 3 3 92 5 0
57 903 0 4 64 3 0
58 464 0 5 87 3 0
58 1173 4 7 42 3 0
61 53 1 2 97 3 0
61 892 1 8 20 5 0
62 639 0 0 77 3 0
62 130 2 2 36 3 0
63 223 4 1 36 3 0
63 338 3 0 85 4 0
64 907 1 2 10 3 0
65 1093 1 8 56 3 0
68 434 4 4 45 5 0
70 1072 0 0 92 3 0
70 737 4 2 46 5 0
71 614 2 2 34 5 0
71 467 1 2 81 5 0
72 994 1 6 89 5 0
76 1084 2 0 92 3 0
79 1115 4 6 46 4 0
79 679 1 3 18 5 0
80 115 1 4 37 3 0
81 370 3 9 37 4 0
82 836 1 1 46 4 0
84 2 0 2 19 4 0
84 359 4 7 26 4 0
86 215 0 6 15 4 0
88 904 3 1 91 4 0
88 415 3 9 42 5 0
90 252 4 6 8 3 0
90 892 1 6 75 5 0
91 562 4 6 6 4 0
91 540 0 5 92 4 0
92 524 0 8 53 4 0
93 338 3 7 6 3 0
96 789 3 0 67 3 0
99 33 0 8 54 3 0
102 642 1 3 50 3 0
102 758 0 9 74 4 0
102 922 3 7 35 3 0
103 587 3 3 35 3 0
105 1085 2 5 55 5 0
105 357 4 7 9 5 0
106 996 0 3 15 4 0
107 5 4 4 80 5 0
108 9 0 9 66 3 0
108 645 1 6 72 3 0
111 396 1 1 90 5 0
112 379 1 0 57 5 0
114 295 3 2 87 4 0
116 71 3 0 53 3 0
116 707 2 2 23 4 0
117 957 4 1 92 3 0
118 208 0 2 42 4 0
120 1015 2 1 60 5 0
122 965 2 8 85 5 0
125 647 3 1 29 4 0
126 49 4 4 21 4 0
129 9 2 1 44 4 0
132 1045 2 0 96 4 0
136 393 1 4 15 4 0
136 1107 0 5 21 3 0
138 602 1 3 6 4 0
140 94 3 0 7 4 0
140 514 3 2 83 3 0
140 48 4 9 41 3 0
143 894 1 6 35 3 0
144 298 1 9 85 4 0
144 117 4 9 72 4 0
151 1151 2 0 41 5 0
152 315 2 2 14 3 0
154 49 2 0 94 3 0
158 232 3 4 67 4 0
160 959 3 3 75 3 0
160 473 2 0 3 4 0
161 359 2 0 84 4 0
161 384 1 9 34 3 0
162 987 1 9 30 5 0
162 556 2 5 29 5 0
163 519 3 4 39 5 0
164 14 0 9 5 4 0
166 633 1 8 24 3 0
167 395 0 6 31 5 0
169 441 3 1 22 3 0
170 797 1 1 49 4 0
170 794 1 4 47 5 0
171 332 3 7 33 4 0
171 992 1 6 28 4 0
172 318 1 2 8 3 0
172 451 0 6 2 5 0
173 547 1 1 37 3 0
175 479 0 1 64 5 0
177 710 1 1 4 5 0
177 908 4 9 48 3 0
180 205 1 8 42 4 0
183 428 4 8 54 5 0
185 800 1 4 32 4 0
187 1150 3 5 43 4 0
188 582 3 7 43 5 0
188 1168 1 8 85 3 0
189 522 1 4 87 3 0
189 135 0 9 72 3 0
189 796 4 7 41 5 0
193 534 1 5 77 4 0
195 1127 3 5 65 4 0
200 857 4 7 40 3 0
200 301 3 0 18 4 0
201 254 3 2 8 5 0
203 541 4 9 15 5 0
204 723 0 0 82 5 0
206 50 0 9 42 3 0
207 1079 4 2 67 4 0
209 1009 2 5 23 3 0
209 558 4 5 64 4 0
209 1165 2 0 22 3 0
214 575 0 7 3 5 0
214 399 1 0 83 3 0
217 531 3 2 9 4 0
219 205 2 0 68 3 0
220 766 2 1 66 4 0
221 409 4 9 10 5 0
221 449 3 7 6 5 0
222 185 1 8 49 3 0
223 339 0 0 69 5 0
224 736 4 5 50 5 0
226 111 1 1 3 5 0
227 654 4 6 71 3 0
227 975 3 2 85 3 0
228 836 2 4 33 3 0
228 544 2 5 4 3 0
229 13 1 0 55 3 0
233 512 3 5 2 4 0
235 488 4 9 3 5 0
235 146 3 0 16 4 0
236 13 1 3 62 4 0
236 771 1 6 89 4 0
238 30 2 7 48 3 0
238 108 1 7 68 5 0
238 953 3 9 9 3 0
239 1181 1 9 75 3 0
240 103 4 7 30 4 0
241 8 0 8 3 4 0
242 564 2 7 74 4 0
243 1126 2 4 69 5 0
245 343 1 8 3 5 0
245 356 3 7 4 3 0
247 269 3 3 1 3 0
251 737 1 8 94 4 0
254 270 2 0 13 4 0
258 23 0 7 30 3 0
259 318 0 6 7 4 0
260 932 2 3 82 4 0
261 547 0 4 98 4 0
263 302 0 4 96 3 0
264 1198 0 7 91 5 0
267 297 2 0 35 3 0
267 121 0 7 49 5 0
267 631 0 0 43 3 0
270 1080 2 7 19 4 0
270 683 3 0 67 4 0
271 1062 3 4 16 3 0
271 1018 3 6 78 4 0
272 605 3 1 65 4 0
274 983 3 9 49 3 0
275 633 2 9 65 4 0
276 248 4 0 92 4 0
276 1082 3 9 29 4 0
279 894 1 4 19 4 0
280 711 1 5 83 3 0
280 525 0 9 44 3 0
280 159 4 7 5 5 0
284 1035 4 6 59 3 0
286 396 3 0 74 3 0
286 1076 3 0 43 3 0
287 540 1 3 20 3 0
290 260 2 9 80 5 0
291 1083 0 6 2 4 0
296 120 4 0 94 5 0
297 1060 1 5 18 5 0
299 1184 3 7 71 3 0
299 814 0 6 15 4 0
301 584 4 8 60 5 0
301 191 1 9 19 5 0
301 411 2 3 49 4 0
302 662 1 0 60 4 0
304 893 4 5 29 3 0
307 697 0 5 41 4 0
310 1053 4 8 32 3 0
315 103 4 7 89 5 0
315 645 3 1 26 5 0
317 207 1 1 46 3 0
318 698 1 2 51 3 0
319 809 3 9 8 3 0
321 922 3 7 35 3 0
321 1136 1 4 33 4 0
322 701 0 0 12 3 0
322 587 3 1 52 5 0
323 1157 3 7 51 4 0
323 595 2 7 82 5 0
323 928 1 1 6 3 0
324 1193 4 6 31 3 0
327 603 1 8 52 3 0
328 1038 2 3 14 3 0
332 1050 3 5 44 5 0
334 199 4 1 75 3 0
336 396 3 6 13 3 0
339 285 3 6 2 3 0
340 56 0 7 23 4 0
341 465 3 2 86 5 0
342 1104 4 0 63 5 0
344 479 4 5 98 4 0
344 336 3 8 55 5 0
344 830 0 3 62 4 0
344 1116 1 6 73 5 0
345 350 0 0 88 3 0
347 122 0 6 16 5 0
347 137 2 9 56 3 0
348 1156 3 3 26 5 0
357 479 2 3 16 3 0
359 104 0 1 4 4 0
360 272 0 2 61 3 0
362 397 2 9 3 4 0
364 1045 1 8 2 5 0
365 151 2 1 84 4 0
365 594 4 3 41 5 0
366 1113 1 1 80 3 0
367 454 2 4 31 3 0
369 777 0 7 67 4 0
370 795 1 7 91 4 0
376 453 0 6 53 3 0
377 881 3 7 18 5 0
379 212 3 8 47 4 0
379 255 4 7 81 3 0
379 826 2 2 19 3 0
380 415 2 5 35 3 0
384 765 1 2 25 5 0
385 50 3 4 89 5 0
387 556 0 5 31 5 0
387 1018 3 3 84 3 0
391 85 0 0 84 4 0
394 174 3 5 87 4 0
395 253 2 7 49 3 0
396 732 1 7 14 3 0
401 830 4 9 49 4 0
403 79 3 7 10 3 0
414 269 3 8 86 4 0
415 941 1 5 67 4 0
416 1023 3 3 20 3 0
419 580 4 7 56 5 0
420 411 4 6 34 3 0
425 660 0 7 81 4 0
428 757 2 4 48 4 0
428 1029 0 4 34 4 0
428 386 1 7 12 3 0
429 134 0 8 4 4 0
430 965 1 3 23 4 0
431 781 1 5 73 4 0
434 657 3 9 56 5 0
435 1169 3 3 88 4 0
437 1016 4 6 18 5 0
440 270 2 7 94 5 0
441 111 2 7 52 4 0
442 173 2 7 58 4 0
443 576 4 0 8 5 0
443 45 2 7 65 4 0
444 767 4 5 32 4 0
446 265 2 1 51 5 0
446 1158 4 9 64 3 0
447 354 2 2 98 3 0
447 552 0 1 9 5 0
449 551 0 8 51 4 0
450 1000 1 9 53 4 0
452 124 2 9 85 5 0
453 682 3 5 59 4 0
454 875 1 3 80 3 0
455 311 4 6 49 4 0
457 218 0 2 100 5 0
459 771 3 0 55 4 0
460 1054 2 1 25 4 0
462 615 4 5 98 3 0
464 177 3 3 59 3 0
464 279 4 5 41 5 0
468 1091 0 8 28 3 0
468 154 3 6 79 3 0
469 1194 4 5 27 5 0
469 217 3 6 9 4 0
472 930 0 8 48 3 0
473 936 0 8 10 3 0
473 470 4 4 87 3 0
475 83 4 9 94 5 0
475 458 0 6 40 3 0
477 143 4 4 71 4 0
478 1155 2 6 14 3 0
478 28 0 8 45 3 0
479 906 3 5 13 3 0
480 444 2 0 58 3 0
480 791 0 9 77 5 0
493 593 4 5 74 5 0
493 994 0 1 79 4 0
493 437 0 6 38 4 0
494 799 1 2 76 5 0
495 343 1 1 33 5 0
495 144 4 0 15 3 0
496 863 2 3 77 3 0
498 869 1 5 10 4 0
499 780 1 7 58 5 0
503 808 1 1 28 3 0
503 706 1 4 2 4 0
504 806 0 4 98 4 0
506 1044 3 8 25 5 0
506 369 3 0 26 3 0
507 959 4 7 27 5 0
508 123 2 1 83 5 0
511 792 0 1 59 4 0
513 51 0 0 73 3 0
513 499 3 8 45 4 0
513 217 3 4 31 4 0
516 1013 0 0 51 4 0
516 1125 2 7 22 4 0
517 954 3 3 98 3 0
519 913 3 8 4 3 0
519 390 0 5 89 4 0
519 1151 1 7 42 3 0
522 824 4 0 87 5 0
523 3 0 7 81 4 0
528 519 3 5 11 4 0
528 1138 0 3 17 4 0
529 186 1 2 60 4 0
529 941 4 7 2 4 0
532 566 3 0 61 5 0
533 645 2 4 97 5 0
533 351 4 9 63 4 0
533 539 1 3 57 4 0
534 322 1 8 69 3 0
534 248 2 0 23 4 0
537 182 3 1 10 5 0
537 772 0 8 12 4 0
541 1153 4 7 36 4 0
542 1158 0 0 3 3 0
543 1098 0 0 23 4 0
548 1075 1 7 63 4 0
552 473 3 6 72 3 0
557 693 0 5 35 3 0
559 1012 2 3 83 4 0
559 32 4 3 33 5 0
559 1097 0 1 88 5 0
559 247 0 8 44 3 0
561 233 3 0 60 5 0
561 817 1 3 89 4 0
562 109 0 6 2 5 0
563 131 1 8 14 5 0
564 103 2 8 44 3 0
566 1046 3 2 91 5 0
569 965 3 4 74 4 0
570 1026 3 8 28 5 0
572 184 4 4 9 3 0
575 438 2 2 82 5 0
577 130 4 5 83 5 0
577 1026 0 0 11 3 0
578 283 1 6 15 5 0
578 1132 0 6 47 4 0
579 1094 2 2 43 5 0
579 423 0 0 95 5 0
582 58 4 3 40 4 0
583 247 0 4 98 3 0
586 60 1 9 10 4 0
586 1002 4 3 16 3 0
587 668 4 2 77 5 0
587 1110 3 7 59 4 0
587 886 0 6 75 3 0
588 425 2 4 56 4 0
590 1119 3 2 45 4 0
590 1111 3 7 84 3 0
591 686 3 0 100 3 0
592 218 3 2 66 4 0
594 407 2 1 18 4 0
594 1056 1 1 33 4 0
595 181 2 5 27 5 0
601 149 2 5 7 4 0
604 709 1 5 80 3 0
604 156 1 4 71 5 0
607 289 1 6 80 4 0
609 283 2 6 81 5 0
609 56 3 9 60 4 0
611 792 4 0 70 4 0
611 329 1 5 39 5 0
612 825 4 4 57 3 0
614 532 1 8 28 4 0
614 794 0 9 77 4 0
617 710 1 6 34 5 0
618 170 3 5 40 4 0
618 106 3 4 66 3 0
619 241 1 7 94 4 0
621 903 2 3 94 4 0
621 1109 4 3 2 4 0
623 1018 1 1 18 5 0
625 682 4 9 46 3 0
625 466 3 3 24 5 0
625 370 2 7 32 4 0
626 419 0 8 94 3 0
626 334 3 9 76 4 0
626 1064 3 7 27 4 0
626 801 2 0 98 3 0
630 32 4 0 53 3 0
632 590 4 5 62 4 0
632 233 2 4 76 3 0
635 999 3 9 79 3 0
639 954 2 6 33 4 0
639 1175 2 2 69 3 0
642 855 4 1 12 4 0
646 925 1 6 82 5 0
648 346 4 5 94 3 0
649 507 4 9 45 5 0
649 143 0 4 95 5 0
649 1176 1 5 83 3 0
651 501 0 3 81 4 0
653 415 4 9 1 3 0
654 274 2 3 36 4 0
655 951 4 8 4 5 0
658 221 1 0 71 5 0
659 973 2 1 81 3 0
664 1102 3 8 29 4 0
664 167 3 1 35 3 0
666 649 2 5 78 3 0
670 317 1 5 29 5 0
670 203 2 0 57 4 0
671 556 4 0 32 5 0
673 1182 0 9 11 3 0
673 488 4 8 13 3 0
674 647 3 3 1 3 0
678 408 2 5 4 4 0
680 674 2 9 73 4 0
680 350 1 1 73 3 0
681 169 0 5 80 5 0
683 1172 3 7 53 3 0
685 963 0 1 49 4 0
688 924 0 8 1 4 0
691 251 2 9 7 5 0
694 123 3 5 43 5 0
694 376 3 8 37 5 0
694 561 3 8 88 5 0
696 763 3 2 68 4 0
697 157 3 6 27 4 0
702 318 0 1 38 3 0
704 111 1 3 91 3 0
706 471 2 8 98 5 0
707 864 4 1 90 4 0
708 645 4 2 93 3 0
709 120 1 3 76 4 0
710 207 0 0 49 4 0
715 993 2 1 81 5 0
717 371 4 2 55 4 0
718 423 3 0 25 4 0
721 579 2 9 18 5 0
723 608 2 7 81 4 0
725 636 4 5 31 5 0
725 730 1 6 70 5 0
727 948 1 9 15 3 0
728 999 0 7 69 4 0
728 1000 1 9 14 5 0
733 551 4 5 90 5 0
733 325 0 6 94 5 0
735 850 1 7 96 5 0
736 54 0 7 58 3 0
737 875 0 5 95 5 0
737 319 1 2 42 3 0
740 612 4 0 22 3 0
740 20 0 7 16 5 0
740 23 4 6 44 3 0
741 1034 2 9 45 4 0
745 624 2 1 43 5 0
746 75 0 4 30 5 0
749 136 0 4 92 5 0
750 740 0 2 7 4 0
750 601 3 8 96 5 0
752 460 3 3 8 5 0
752 581 4 4 43 3 0
755 663 3 6 73 5 0
757 491 3 8 60 3 0
757 55 2 1 92 5 0
758 1113 1 9 33 3 0
762 751 4 2 50 4 0
762 451 0 8 7 3 0
766 208 3 5 3 5 0
766 139 0 1 59 3 0
768 530 2 2 38 4 0
769 186 3 2 32 5 0
770 1081 2 9 84 3 0
771 1017 2 9 26 4 0
775 373 4 3 40 5 0
777 594 2 1 36 5 0
777 23 0 6 45 3 0
779 809 0 0 79 4 0
780 596 0 2 82 4 0
784 921 3 3 62 5 0
785 778 0 5 45 5 0
786 134 2 2 70 4 0
788 633 0 3 11 5 0
790 783 3 1 21 5 0
791 242 0 0 20 4 0
796 540 3 8 60 3 0
796 443 1 1 71 4 0
797 904 3 3 21 5 0
797 891 2 4 45 4 0
799 132 4 2 87 3 0
800 795 0 3 66 5 0
800 1030 3 3 33 4 0
800 1011 3 0 74 5 0
804 57 2 6 27 5 0
805 129 0 6 88 5 0
805 1121 2 2 67 3 0
806 457 0 7 43 4 0
807 631 1 1 67 3 0
807 348 3 9 63 3 0
807 533 2 7 12 4 0
807 1015 3 6 96 3 0
809 315 3 6 100 4 0
811 876 0 2 63 3 0
811 634 0 4 39 4 0
812 710 1 1 39 4 0
814 666 1 2 77 5 0
814 682 2 8 51 4 0
817 711 4 3 27 5 0
817 1098 4 6 32 5 0
818 578 1 2 4 3 0
821 1130 4 3 37 4 0
824 524 2 8 83 3 0
825 693 4 7 50 5 0
829 397 1 5 46 3 0
834 372 3 1 65 5 0
834 958 1 7 81 4 0
835 467 1 0 10 5 0
836 533 4 0 69 4 0
837 277 1 0 44 5 0
839 437 3 8 37 5 0
852 452 4 9 44 5 0
852 692 1 2 6 4 0
854 1076 2 7 16 4 0
855 468 4 5 83 5 0
856 536 1 7 56 5 0
857 274 4 1 95 4 0
858 863 2 4 98 4 0
860 673 4 6 44 4 0
864 1136 4 0 6 3 0
865 994 0 2 44 5 0
865 636 4 5 45 4 0
867 26 3 9 54 4 0
868 1198 1 4 82 4 0
869 323 3 6 53 3 0
870 1190 0 6 77 4 0
870 736 1 8 84 5 0
870 565 4 8 11 3 0
871 988 2 8 44 4 0
872 232 0 2 72 4 0
874 279 3 9 79 4 0
874 147 0 4 78 5 0
875 724 3 3 56 4 0
876 582 3 4 56 3 0
877 458 3 6 10 4 0
878 355 2 1 10 5 0
878 332 0 3 14 4 0
880 425 1 8 67 4 0
880 948 2 9 51 3 0
883 341 2 1 85 4 0
884 822 3 2 35 5 0
884 238 4 4 28 4 0
891 238 0 3 93 5 0
893 97 0 1 80 3 0
894 932 3 2 22 5 0
896 289 0 0 17 4 0
898 188 1 6 52 4 0
898 84 4 1 93 3 0
899 459 1 6 7 5 0
902 949 2 2 44 3 0
903 110 3 0 52 5 0
905 43 4 5 43 4 0
905 697 4 3 13 4 0
906 543 4 5 79 4 0
907 663 3 0 40 4 0
909 981 2 2 93 3 0
910 193 2 8 7 3 0
911 712 1 8 1 3 0
911 405 2 4 94 5 0
917 854 0 0 100 3 0
917 494 1 6 43 3 0
918 304 2 1 28 4 0
919 163 4 9 31 4 0
920 1100 4 5 60 5 0
922 1153 1 5 27 5 0
928 692 1 9 99 5 0
929 639 4 9 67 3 0
932 1119 0 2 100 5 0
933 1025 3 8 70 4 0
935 653 2 9 10 4 0
936 553 1 9 66 3 0
936 234 1 1 47 5 0
939 410 4 2 8 5 0
941 782 0 8 26 5 0
941 318 4 8 50 4 0
942 843 2 6 70 3 0
949 1155 1 2 37 3 0
950 639 3 9 91 4 0
952 1155 0 1 55 4 0
953 610 3 2 4 3 0
953 165 3 4 50 4 0
954 126 2 3 67 3 0
955 170 0 8 20 3 0
957 489 0 8 57 5 0
959 1195 1 5 96 3 0
961 1126 4 9 31 5 0
961 168 4 3 51 5 0
962 442 2 4 64 3 0
962 347 2 8 91 5 0
964 319 3 3 40 5 0
965 872 0 4 58 5 0
965 186 4 9 94 4 0
965 521 4 0 66 4 0
968 913 3 7 9 5 0
968 1003 1 2 13 3 0
969 887 4 1 99 5 0
972 1047 3 3 77 5 0
974 348 3 8 15 3 0
976 576 2 8 49 5 0
976 103 1 0 18 3 0
977 311 2 6 81 4 0
978 137 0 7 43 5 0
979 505 2 4 84 5 0
987 647 1 8 7 5 0
987 74 3 3 66 4 0
987 284 3 6 49 5 0
990 1157 3 3 29 4 0
991 336 2 3 85 5 0
991 747 4 1 79 3 0
992 552 4 2 9 5 0
995 718 4 6 69 4 0
997 245 2 2 53 4 0
997 505 0 7 8 3 0
998 1096 2 5 75 4 0
1000 447 4 2 57 5 0
1001 467 0 4 73 4 0
1002 346 2 6 66 4 0
1002 730 0 6 92 3 0
1002 842 2 2 81 3 0
1009 143 4 2 89 5 0
1010 714 1 3 44 4 0
1016 346 3 8 17 4 0
1020 1196 2 2 72 3 0
1021 555 1 7 54 3 0
1021 777 2 8 69 4 0
1022 1009 0 2 22 4 0
1022 15 3 1 90 3 0
1023 686 1 3 93 3 0
1024 593 4 4 17 3 0
1024 240 3 7 72 5 0
1028 968 0 7 12 5 0
1028 334 3 5 74 5 0
1029 944 2 1 17 3 0
1030 1160 3 2 46 4 0
1030 1174 2 0 33 5 0
1032 841 1 1 59 3 0
1032 913 2 9 93 3 0
1034 884 2 6 96 3 0
1035 38 2 4 42 5 0
1037 393 1 5 32 5 0
1039 742 1 8 77 4 0
1040 1109 3 8 48 5 0
1045 855 3 2 22 5 0
1046 595 2 9 54 3 0
1048 1087 0 1 48 4 0
1049 911 3 1 43 4 0
1050 1110 2 1 91 4 0
1053 59 3 5 47 3 0
1053 658 4 2 52 3 0
1055 507 4 1 25 5 0
1055 956 0 8 19 5 0
1055 948 1 4 7 3 0
1056 1061 4 3 31 3 0
1056 291 2 4 6 5 0
1058 87 0 6 69 3 0
1061 956 1 0 77 5 0
1062 186 0 7 15 3 0
1063 590 3 5 43 3 0
1063 1105 3 4 70 4 0
1065 970 4 1 23 4 0
1070 707 4 2 2 3 0
1070 863 1 1 45 3 0
1070 666 3 8 30 3 0
1072 3 1 4 15 3 0
1072 787 1 2 58 3 0
1075 918 0 9 9 4 0
1077 616 2 2 14 3 0
1078 662 4 1 16 4 0
1085 1100 3 2 59 5 0
1088 306 0 6 93 5 0
1089 236 4 2 52 5 0
1091 626 1 6 72 4 0
1091 5 4 3 23 5 0
1092 986 1 1 42 3 0
1101 549 1 1 91 4 0
1103 446 4 7 89 3 0
1105 298 1 9 94 3 0
1106 628 0 0 33 5 0
1106 750 4 3 90 5 0
1106 856 0 4 94 4 0
1109 534 0 0 20 4 0
1109 250 1 9 20 4 0
1114 919 1 2 59 4 0
1115 365 1 8 2 5 0
1115 747 2 0 44 3 0
1121 82 1 4 86 5 0
1124 86 4 8 83 4 0
1127 823 1 6 89 4 0
1127 842 4 2 57 4 0
1128 294 2 2 67 3 0
1128 418 4 7 42 4 0
1129 240 0 9 41 4 0
1130 845 1 0 8 3 0
1130 210 2 9 88 3 0
1131 1101 1 7 88 3 0
1134 355 1 4 2 4 0
1135 1197 1 2 59 4 0
1135 1063 0 4 33 3 0
1137 914 4 0 8 4 0
1137 78 0 3 73 3 0
1138 604 2 3 48 3 0
1140 431 1 6 28 3 0
1140 46 2 6 4 4 0
1148 614 4 8 22 5 0
1149 845 0 9 63 3 0
1149 1113 0 0 66 5 0
1150 805 4 4 21 5 0
1150 895 4 6 57 5 0
1151 27 4 9 16 3 0
1151 741 4 4 13 5 0
1152 724 4 2 28 5 0
1153 444 4 2 99 5 0
1155 946 1 4 30 3 0
1156 970 3 0 42 4 0
1162 656 3 9 72 4 0
1166 1098 3 1 14 4 0
1167 1130 1 2 79 5 0
1168 59 3 2 29 5 0
1169 188 0 6 94 5 0
1169 488 3 3 82 4 0
1169 1163 4 0 13 5 0
1170 663 0 4 73 3 0
1171 798 0 9 91 5 0
1177 219 3 3 57 5 0
1177 226 3 7 78 5 0
1177 1045 1 3 95 5 0
1179 843 1 4 67 3 0
1180 49 3 3 78 5 0
1180 863 0 5 23 4 0
1181 438 1 4 32 3 0
1182 774 1 4 89 5 0
1185 210 0 8 26 5 0
1191 864 2 0 24 5 0
1191 502 4 6 71 5 0
1192 597 1 2 39 3 0
1192 752 1 3 46 5 0
1192 806 4 4 79 4 0
1193 143 1 5 21 4 0
1193 448 1 5 65 4 0
1193 698 1 2 72 5 0
1193 443 2 1 93 3 0
1195 106 2 2 32 3 0
1195 125 0 5 53 4 0
1197 1036 0 3 90 3 0
1198 1114 0 1 78 5 0

