10

5
0 20 20 20 20 20 20 20 20 20 20
1 20 20 20 20 20 20 20 20 20 20
2 20 20 20 20 20 20 20 20 20 20
3 20 20 20 20 20 20 20 20 20 20
4 20 20 20 20 20 20 20 20 20 20

25
300 900 100000 6 3
0 126 7 2
1 106 3 6
2 130 10 8
4 126 4 4
5 120 6 6
9 127 2 9
600 600 100000 6 3
0 112 2 2
1 112 5 5
3 119 5 3
6 139 2 1
7 117 4 4
9 136 4 1
900 1200 100000 6 4
0 109 5 9
2 127 3 3
4 125 2 3
5 149 10 7
7 122 4 2
9 138 1 9
900 300 100000 6 2
0 141 6 7
1 129 9 1
2 142 3 2
3 129 9 6
4 100 2 10
6 147 2 2
0 900 100000 6 0
0 132 1 3
1 101 9 3
3 119 3 7
4 117 2 7
5 106 4 4
8 112 4 2
1200 0 100000 6 1
1 131 1 3
2 112 5 7
4 106 5 4
6 123 10 5
7 109 2 1
8 117 1 7
900 900 100000 6 0
1 130 4 1
4 144 9 2
5 148 9 10
6 121 1 3
7 117 5 10
9 106 1 1
0 1200 100000 6 0
1 128 1 3
3 139 7 9
4 125 7 5
5 100 8 2
6 137 8 6
9 114 4 5
900 0 100000 6 2
0 122 3 2
3 147 6 1
5 148 2 8
6 115 9 3
7 118 1 3
9 143 6 6
1200 300 100000 6 2
0 115 7 7
2 144 9 5
3 132 10 5
6 139 2 8
7 117 6 3
8 129 4 8
300 300 100000 6 1
0 133 4 6
1 125 4 9
2 132 5 8
4 140 3 3
5 108 5 1
8 136 2 3
1200 900 100000 6 2
1 102 9 1
2 130 8 7
3 145 9 2
4 141 3 5
5 132 9 7
7 110 8 8
900 600 100000 6 3
1 112 8 7
2 129 2 5
3 140 9 2
4 113 4 5
7 113 9 5
8 127 8 2
300 1200 100000 6 0
2 109 1 6
3 124 3 5
4 132 3 9
5 104 3 10
8 132 9 1
9 107 5 7
600 300 100000 6 1
1 145 1 3
3 111 2 8
6 145 10 10
7 147 5 3
8 115 5 4
9 107 2 9
300 600 100000 6 3
3 134 3 9
5 103 8 2
6 132 1 5
7 101 5 6
8 116 5 9
9 125 2 6
0 300 100000 6 2
0 126 1 1
1 138 4 7
2 134 9 8
3 105 5 8
7 144 9 5
9 121 2 8
600 900 100000 6 1
0 111 4 3
1 114 5 1
2 107 1 4
3 127 9 10
5 124 5 10
9 121 10 9
0 0 100000 6 0
0 111 3 4
1 135 6 3
2 109 5 2
5 110 9 5
7 129 4 2
8 107 3 1
600 0 100000 6 4
0 116 1 8
2 100 6 5
4 144 8 8
5 150 5 1
8 101 1 2
9 101 9 5
0 600 100000 6 4
0 125 1 5
1 147 1 9
4 137 2 1
6 120 2 8
7 127 2 6
9 133 1 1
300 0 100000 6 4
0 123 9 2
1 145 9 2
3 145 2 4
5 116 10 8
7 129 8 1
9 102 8 2
600 1200 100000 6 3
0 108 6 10
2 147 10 8
3 146 6 8
4 131 1 5
8 138 2 6
9 147 4 5
1200 1200 100000 6 4
0 111 9 1
2 149 9 1
3 140 2 4
4 106 8 8
8 133 5 4
9 103 7 4
1200 600 100000 6 1
1 113 4 4
3 146 8 8
4 141 6 3
5 129 9 7
6 104 1 3
7 130 4 10

400
4 625 4 0 14 5 0
9 1198 2 0 12 4 0
10 1034 2 2 70 4 0
12 366 1 2 75 3 0
16 44 3 4 38 4 0
21 604 1 2 28 5 0
22 1016 2 8 21 5 0
28 171 3 6 53 5 0
34 494 3 0 71 5 0
36 90 2 6 74 5 0
39 1151 2 0 99 3 0
45 918 1 1 57 4 0
46 626 2 3 84 3 0
48 1192 0 3 94 4 0
49 189 0 7 43 3 0
51 54 4 3 81 4 0
56 961 3 0 11 4 0
59 941 3 8 11 5 0
62 1061 2 3 91 4 0
63 478 3 1 40 5 0
65 707 2 6 34 4 0
70 1089 3 8 47 3 0
71 683 0 1 64 4 0
71 649 1 8 97 4 0
76 870 2 4 56 5 0
79 949 3 9 26 3 0
80 64 3 0 75 4 0
82 1072 0 9 99 5 0
83 348 0 8 30 3 0
86 32 3 1 4 3 0
88 710 4 2 74 3 0
90 102 4 4 57 4 0
91 26 3 1 60 5 0
91 270 3 5 65 3 0
91 220 2 5 67 5 0
91 618 2 7 74 4 0
97 998 1 6 64 4 0
98 591 0 1 4 3 0
102 1088 0 5 55 5 0
102 755 0 1 27 5 0
103 825 1 6 82 3 0
105 528 1 4 45 3 0
108 493 2 9 28 5 0
116 428 4 6 82 4 0
116 1053 3 6 55 3 0
118 362 3 1 7 3 0
126 480 1 9 51 5 0
129 495 1 9 87 5 0
132 1039 1 3 52 3 0
138 1182 1 4 1 5 0
140 460 0 4 84 4 0
140 307 2 2 56 3 0
140 84 4 0 44 5 0
144 1002 2 2 63 5 0
148 158 3 5 1 3 0
151 136 2 8 80 5 0
152 221 2 3 28 4 0
152 107 0 3 21 3 0
160 1131 2 6 32 5 0
161 872 2 6 18 3 0
162 632 0 1 100 5 0
164 728 0 1 89 3 0
165 775 3 4 10 3 0
166 1085 4 7 80 4 0
169 771 4 2 21 5 0
170 347 1 3 60 4 0
173 587 3 6 5 4 0
177 200 3 1 16 5 0
180 1075 0 3 31 3 0
180 796 2 0 51 3 0
185 478 4 7 43 3 0
186 623 0 5 32 3 0
188 586 1 0 57 4 0
189 997 3 8 46 3 0
195 1169 3 4 82 5 0
200 790 2 1 37 5 0
204 1032 1 4 24 4 0
207 299 0 8 74 5 0
209 507 1 8 35 4 0
209 737 2 0 78 5 0
214 347 3 7 96 3 0
219 163 4 2 84 4 0
221 880 4 6 42 5 0
223 1065 2 1 80 3 0
223 322 2 5 79 5 0
226 651 1 3 81 4 0
229 391 4 8 25 4 0
238 55 4 3 50 3 0
239 183 0 6 49 5 0
240 529 4 2 40 4 0
241 233 3 2 50 4 0
242 936 1 4 96 3 0
242 533 1 4 59 3 0
242 1121 4 3 97 4 0
243 302 0 0 18 5 0
254 28 2 4 4 5 0
256 965 1 4 86 3 0
259 987 3 2 47 3 0
260 462 0 8 78 5 0
264 58 2 0 31 3 0
267 572 0 4 15 3 0
267 170 4 2 62 5 0
271 455 4 6 62 3 0
274 965 4 1 73 3 0
275 448 1 3 91 3 0
275 75 4 8 49 3 0
276 992 2 8 25 4 0
279 981 3 1 46 4 0
279 383 0 8 87 5 0
280 858 2 5 85 4 0
280 510 3 5 54 3 0
281 100 4 8 45 3 0
286 117 2 1 65 5 0
287 46 2 9 16 5 0
296 932 0 5 64 4 0
301 938 2 9 71 5 0
301 651 3 4 65 4 0
310 940 4 3 79 5 0
310 583 0 1 96 3 0
317 984 3 8 60 4 0
319 282 4 0 68 4 0
322 5 0 1 80 4 0
323 766 3 5 40 3 0
327 227 3 9 20 3 0
328 370 3 7 53 4 0
334 158 2 3 90 5 0
339 41 1 2 98 3 0
340 1008 0 8 39 4 0
344 171 0 5 1 5 0
344 187 1 2 77 3 0
345 1174 3 6 62 3 0
357 1022 3 7 88 3 0
360 241 0 7 54 5 0
367 504 3 8 63 4 0
369 236 4 2 97 3 0
379 295 3 3 92 5 0
380 903 0 4 64 3 0
385 464 0 5 87 3 0
387 1173 4 7 42 3 0
395 53 1 2 97 3 0
403 892 1 8 20 5 0
416 639 0 0 77 3 0
416 130 2 2 36 3 0
420 223 4 1 36 3 0
425 338 3 0 85 4 0
428 907 1 2 10 3 0
430 1093 1 8 56 3 0
432 434 4 4 45 5 0
437 1072 0 0 92 3 0
442 737 4 2 46 5 0
443 614 2 2 34 5 0
445 467 1 2 81 5 0
446 994 1 6 89 5 0
447 1084 2 0 92 3 0
450 1115 4 6 46 4 0
453 679 1 3 18 5 0
454 115 1 4 37 3 0
457 370 3 9 37 4 0
458 836 1 1 46 4 0
461 2 0 2 19 4 0
464 359 4 7 26 4 0
466 215 0 6 15 4 0
468 904 3 1 91 4 0
469 415 3 9 42 5 0
472 252 4 6 8 3 0
473 892 1 6 75 5 0
475 562 4 6 6 4 0
477 540 0 5 92 4 0
479 524 0 8 53 4 0
485 338 3 7 6 3 0
490 789 3 0 67 3 0
493 33 0 8 54 3 0
495 642 1 3 50 3 0
499 758 0 9 74 4 0
503 922 3 7 35 3 0
504 587 3 3 35 3 0
506 1085 2 5 55 5 0
511 357 4 7 9 5 0
513 996 0 3 15 4 0
513 5 4 4 80 5 0
516 9 0 9 66 3 0
517 645 1 6 72 3 0
518 396 1 1 90 5 0
519 379 1 0 57 5 0
523 295 3 2 87 4 0
526 71 3 0 53 3 0
526 707 2 2 23 4 0
529 957 4 1 92 3 0
532 208 0 2 42 4 0
533 1015 2 1 60 5 0
534 965 2 8 85 5 0
537 647 3 1 29 4 0
550 49 4 4 21 4 0
557 9 2 1 44 4 0
559 1045 2 0 96 4 0
561 393 1 4 15 4 0
561 1107 0 5 21 3 0
562 602 1 3 6 4 0
564 94 3 0 7 4 0
566 514 3 2 83 3 0
569 48 4 9 41 3 0
569 894 1 6 35 3 0
570 298 1 9 85 4 0
577 117 4 9 72 4 0
579 1151 2 0 41 5 0
582 315 2 2 14 3 0
583 49 2 0 94 3 0
587 232 3 4 67 4 0
587 959 3 3 75 3 0
590 473 2 0 3 4 0
590 359 2 0 84 4 0
594 384 1 9 34 3 0
604 987 1 9 30 5 0
609 556 2 5 29 5 0
609 519 3 4 39 5 0
611 14 0 9 5 4 0
612 633 1 8 24 3 0
614 395 0 6 31 5 0
617 441 3 1 22 3 0
619 797 1 1 49 4 0
621 794 1 4 47 5 0
625 332 3 7 33 4 0
632 992 1 6 28 4 0
635 318 1 2 8 3 0
639 451 0 6 2 5 0
641 547 1 1 37 3 0
642 479 0 1 64 5 0
646 710 1 1 4 5 0
648 908 4 9 48 3 0
649 205 1 8 42 4 0
649 428 4 8 54 5 0
653 800 1 4 32 4 0
654 1150 3 5 43 4 0
659 582 3 7 43 5 0
664 1168 1 8 85 3 0
670 522 1 4 87 3 0
670 135 0 9 72 3 0
671 796 4 7 41 5 0
674 534 1 5 77 4 0
676 1127 3 5 65 4 0
680 857 4 7 40 3 0
680 301 3 0 18 4 0
685 254 3 2 8 5 0
691 541 4 9 15 5 0
694 723 0 0 82 5 0
694 50 0 9 42 3 0
696 1079 4 2 67 4 0
702 1009 2 5 23 3 0
702 558 4 5 64 4 0
715 1165 2 0 22 3 0
718 575 0 7 3 5 0
721 399 1 0 83 3 0
723 531 3 2 9 4 0
725 205 2 0 68 3 0
725 766 2 1 66 4 0
733 409 4 9 10 5 0
740 449 3 7 6 5 0
741 185 1 8 49 3 0
750 339 0 0 69 5 0
752 736 4 5 50 5 0
757 111 1 1 3 5 0
758 654 4 6 71 3 0
762 975 3 2 85 3 0
766 836 2 4 33 3 0
768 544 2 5 4 3 0
777 13 1 0 55 3 0
780 512 3 5 2 4 0
785 488 4 9 3 5 0
786 146 3 0 16 4 0
791 13 1 3 62 4 0
794 771 1 6 89 4 0
797 30 2 7 48 3 0
799 108 1 7 68 5 0
805 953 3 9 9 3 0
807 1181 1 9 75 3 0
807 103 4 7 30 4 0
807 8 0 8 3 4 0
810 564 2 7 74 4 0
811 1126 2 4 69 5 0
811 343 1 8 3 5 0
817 356 3 7 4 3 0
818 269 3 3 1 3 0
821 737 1 8 94 4 0
824 270 2 0 13 4 0
836 23 0 7 30 3 0
837 318 0 6 7 4 0
852 932 2 3 82 4 0
852 547 0 4 98 4 0
854 302 0 4 96 3 0
858 1198 0 7 91 5 0
862 297 2 0 35 3 0
867 121 0 7 49 5 0
869 631 0 0 43 3 0
871 1080 2 7 19 4 0
875 683 3 0 67 4 0
876 1062 3 4 16 3 0
878 1018 3 6 78 4 0
880 605 3 1 65 4 0
883 983 3 9 49 3 0
884 633 2 9 65 4 0
898 248 4 0 92 4 0
898 1082 3 9 29 4 0
902 894 1 4 19 4 0
903 711 1 5 83 3 0
905 525 0 9 44 3 0
906 159 4 7 5 5 0
907 1035 4 6 59 3 0
909 396 3 0 74 3 0
910 1076 3 0 43 3 0
911 540 1 3 20 3 0
917 260 2 9 80 5 0
922 1083 0 6 2 4 0
928 120 4 0 94 5 0
929 1060 1 5 18 5 0
932 1184 3 7 71 3 0
939 814 0 6 15 4 0
941 584 4 8 60 5 0
946 191 1 9 19 5 0
954 411 2 3 49 4 0
957 662 1 0 60 4 0
959 893 4 5 29 3 0
961 697 0 5 41 4 0
962 1053 4 8 32 3 0
964 103 4 7 89 5 0
965 645 3 1 26 5 0
968 207 1 1 46 3 0
969 698 1 2 51 3 0
971 809 3 9 8 3 0
974 922 3 7 35 3 0
976 1136 1 4 33 4 0
977 701 0 0 12 3 0
987 587 3 1 52 5 0
987 1157 3 7 51 4 0
989 595 2 7 82 5 0
991 928 1 1 6 3 0
991 1193 4 6 31 3 0
995 603 1 8 52 3 0
997 1038 2 3 14 3 0
999 1050 3 5 44 5 0
1000 199 4 1 75 3 0
1010 396 3 6 13 3 0
1020 285 3 6 2 3 0
1021 56 0 7 23 4 0
1024 465 3 2 86 5 0
1024 1104 4 0 63 5 0
1028 479 4 5 98 4 0
1029 336 3 8 55 5 0
1030 830 0 3 62 4 0
1030 1116 1 6 73 5 0
1032 350 0 0 88 3 0
1040 122 0 6 16 5 0
1046 137 2 9 56 3 0
1047 1156 3 3 26 5 0
1049 479 2 3 16 3 0
1055 104 0 1 4 4 0
1056 272 0 2 61 3 0
1056 397 2 9 3 4 0
1058 1045 1 8 2 5 0
1063 151 2 1 84 4 0
1072 594 4 3 41 5 0
1073 1113 1 1 80 3 0
1078 454 2 4 31 3 0
1091 777 0 7 67 4 0
1101 795 1 7 91 4 0
1105 453 0 6 53 3 0
1106 881 3 7 18 5 0
1106 212 3 8 47 4 0
1106 255 4 7 81 3 0
1109 826 2 2 19 3 0
1114 415 2 5 35 3 0
1124 765 1 2 25 5 0
1124 50 3 4 89 5 0
1129 556 0 5 31 5 0
1130 1018 3 3 84 3 0
1135 85 0 0 84 4 0
1137 174 3 5 87 4 0
1137 253 2 7 49 3 0
1138 732 1 7 14 3 0
1140 830 4 9 49 4 0
1143 79 3 7 10 3 0
1149 269 3 8 86 4 0
1150 941 1 5 67 4 0
1151 1023 3 3 20 3 0
1152 580 4 7 56 5 0
1153 411 4 6 34 3 0
1155 660 0 7 81 4 0
1162 757 2 4 48 4 0
1166 1029 0 4 34 4 0
1168 386 1 7 12 3 0
1169 134 0 8 4 4 0
1177 965 1 3 23 4 0
1177 781 1 5 73 4 0
1180 657 3 9 56 5 0
1180 1169 3 3 88 4 0
1191 1016 4 6 18 5 0
1192 270 2 7 94 5 0
1193 111 2 7 52 4 0
1193 173 2 7 58 4 0
1195 576 4 0 8 5 0
1195 45 2 7 65 4 0

