10

5
0 20 20 20 20 20 20 20 20 20 20
1 20 20 20 20 20 20 20 20 20 20
2 20 20 20 20 20 20 20 20 20 20
3 20 20 20 20 20 20 20 20 20 20
4 20 20 20 20 20 20 20 20 20 20

25
309 532 100000 6 0
0 126 2 2
1 108 6 8
2 137 8 7
5 113 4 6
6 140 6 6
9 127 2 9
1007 829 100000 6 1
0 139 2 1
1 117 4 4
2 136 4 1
3 100 10 5
4 117 3 6
9 138 8 3
560 1138 100000 6 3
1 107 10 1
2 133 4 7
3 111 3 2
5 107 5 1
6 141 6 7
9 129 9 1
336 240 100000 6 3
0 147 2 2
1 121 5 2
5 142 5 1
7 150 1 4
8 114 9 9
9 144 1 3
48 1079 100000 6 2
1 124 3 2
2 128 8 1
3 111 4 5
4 125 2 5
6 113 6 10
8 119 3 2
9 565 100000 6 1
0 104 10 8
1 113 1 9
4 104 9 10
5 121 1 3
6 117 5 10
7 106 1 1
432 423 100000 6 1
1 103 3 10
4 124 9 7
5 125 5 1
6 149 8 2
7 137 8 6
9 114 4 5
922 689 100000 6 4
0 105 6 1
2 148 2 8
3 115 9 3
5 118 1 3
6 143 6 6
9 133 3 1
470 886 100000 6 3
3 141 5 10
4 148 2 8
6 117 6 3
7 129 4 8
8 108 6 6
9 140 9 3
1103 252 100000 6 2
0 113 9 9
3 145 5 8
4 140 3 3
5 108 5 1
6 136 2 3
8 121 5 4
650 174 100000 6 2
0 102 8 8
1 125 9 2
2 141 3 5
4 132 9 7
7 110 8 8
8 143 9 8
313 365 100000 6 4
1 107 4 4
3 146 5 4
4 132 5 7
6 130 2 6
7 133 4 3
8 135 10 6
598 308 100000 6 2
0 146 3 9
2 104 3 10
4 132 9 1
5 107 5 7
6 136 2 9
8 112 10 8
910 834 100000 6 4
0 110 4 5
1 114 2 2
2 135 9 10
4 128 7 6
7 150 4 9
9 146 3 9
114 924 100000 6 4
0 140 2 6
1 100 1 10
4 147 3 3
5 114 2 8
6 126 1 1
8 138 4 7
1106 1149 100000 6 0
1 109 10 2
3 147 1 6
4 111 4 3
5 114 5 1
7 107 1 4
8 127 9 10
775 565 100000 6 0
0 132 9 9
1 130 3 3
2 113 9 6
5 108 3 5
8 150 2 3
9 135 5 8
416 173 100000 6 0
0 119 6 1
1 116 1 8
2 100 6 5
5 144 8 8
8 150 5 1
9 101 1 2
41 1043 100000 6 3
0 125 1 5
1 147 1 9
4 137 2 1
6 120 2 8
7 127 2 6
9 133 1 1
240 1154 100000 6 3
0 104 9 2
3 145 2 4
5 116 10 8
7 129 8 1
8 102 8 2
9 111 3 10
1069 443 100000 6 0
0 122 10 10
2 129 6 8
3 131 1 5
4 138 2 6
8 147 4 5
9 149 3 10
1193 1172 100000 6 1
0 112 2 8
1 129 9 5
2 114 1 7
3 115 5 6
4 119 4 6
8 131 7 2
419 417 100000 6 4
2 104 1 3
3 130 4 10
5 137 9 1
6 130 5 1
7 106 9 8
8 102 4 2
34 275 100000 6 2
0 113 5 9
1 117 6 4
3 145 4 7
5 103 5 9
6 139 1 9
8 115 8 6
862 670 100000 6 1
1 117 3 2
2 144 3 1
5 108 4 2
6 137 1 4
7 105 6 4
9 102 8 4

500
9 592 3 3 55 4 0
10 857 2 1 11 3 0
12 344 4 1 46 4 0
14 755 0 1 27 5 0
16 825 1 6 82 3 0
21 528 1 4 45 3 0
24 493 2 9 28 5 0
25 428 4 6 82 4 0
26 1053 3 6 55 3 0
28 362 3 1 7 3 0
32 480 1 9 51 5 0
36 495 1 9 87 5 0
39 1039 1 3 52 3 0
44 1182 1 4 1 5 0
45 460 0 4 84 4 0
46 307 2 2 56 3 0
49 84 4 0 44 5 0
51 1002 2 2 63 5 0
54 158 3 5 1 3 0
56 136 2 8 80 5 0
61 221 2 3 28 4 0
62 107 0 3 21 3 0
62 1131 2 6 32 5 0
63 872 2 6 18 3 0
64 632 0 1 100 5 0
65 728 0 1 89 3 0
70 775 3 4 10 3 0
71 1085 4 7 80 4 0
71 771 4 2 21 5 0
76 347 1 3 60 4 0
79 587 3 6 5 4 0
80 200 3 1 16 5 0
81 1075 0 3 31 3 0
82 796 2 0 51 3 0
84 478 4 7 43 3 0
86 623 0 5 32 3 0
88 586 1 0 57 4 0
90 997 3 8 46 3 0
90 1169 3 4 82 5 0
91 790 2 1 37 5 0
91 1032 1 4 24 4 0
102 299 0 8 74 5 0
102 507 1 8 35 4 0
102 737 2 0 78 5 0
103 347 3 7 96 3 0
105 163 4 2 84 4 0
108 880 4 6 42 5 0
111 1065 2 1 80 3 0
112 322 2 5 79 5 0
114 651 1 3 81 4 0
116 391 4 8 25 4 0
116 55 4 3 50 3 0
118 183 0 6 49 5 0
120 529 4 2 40 4 0
122 233 3 2 50 4 0
125 936 1 4 96 3 0
126 533 1 4 59 3 0
129 1121 4 3 97 4 0
132 302 0 0 18 5 0
136 28 2 4 4 5 0
138 965 1 4 86 3 0
140 987 3 2 47 3 0
140 462 0 8 78 5 0
140 58 2 0 31 3 0
144 572 0 4 15 3 0
151 170 4 2 62 5 0
152 455 4 6 62 3 0
160 965 4 1 73 3 0
160 448 1 3 91 3 0
161 75 4 8 49 3 0
161 992 2 8 25 4 0
162 981 3 1 46 4 0
164 383 0 8 87 5 0
166 858 2 5 85 4 0
169 510 3 5 54 3 0
170 100 4 8 45 3 0
171 117 2 1 65 5 0
171 46 2 9 16 5 0
173 932 0 5 64 4 0
177 938 2 9 71 5 0
177 651 3 4 65 4 0
180 940 4 3 79 5 0
185 583 0 1 96 3 0
187 984 3 8 60 4 0
188 282 4 0 68 4 0
189 5 0 1 80 4 0
189 766 3 5 40 3 0
195 227 3 9 20 3 0
200 370 3 7 53 4 0
201 158 2 3 90 5 0
204 41 1 2 98 3 0
206 1008 0 8 39 4 0
207 171 0 5 1 5 0
209 187 1 2 77 3 0
209 1174 3 6 62 3 0
209 1022 3 7 88 3 0
214 241 0 7 54 5 0
219 504 3 8 63 4 0
220 236 4 2 97 3 0
221 295 3 3 92 5 0
222 903 0 4 64 3 0
223 464 0 5 87 3 0
224 1173 4 7 42 3 0
226 53 1 2 97 3 0
229 892 1 8 20 5 0
236 639 0 0 77 3 0
238 130 2 2 36 3 0
238 223 4 1 36 3 0
239 338 3 0 85 4 0
240 907 1 2 10 3 0
241 1093 1 8 56 3 0
242 434 4 4 45 5 0
243 1072 0 0 92 3 0
254 737 4 2 46 5 0
259 614 2 2 34 5 0
260 467 1 2 81 5 0
263 994 1 6 89 5 0
264 1084 2 0 92 3 0
267 1115 4 6 46 4 0
267 679 1 3 18 5 0
267 115 1 4 37 3 0
270 370 3 9 37 4 0
271 836 1 1 46 4 0
271 2 0 2 19 4 0
272 359 4 7 26 4 0
274 215 0 6 15 4 0
275 904 3 1 91 4 0
276 415 3 9 42 5 0
279 252 4 6 8 3 0
280 892 1 6 75 5 0
280 562 4 6 6 4 0
286 540 0 5 92 4 0
287 524 0 8 53 4 0
290 338 3 7 6 3 0
296 789 3 0 67 3 0
299 33 0 8 54 3 0
301 642 1 3 50 3 0
301 758 0 9 74 4 0
304 922 3 7 35 3 0
310 587 3 3 35 3 0
315 1085 2 5 55 5 0
317 357 4 7 9 5 0
319 996 0 3 15 4 0
322 5 4 4 80 5 0
323 9 0 9 66 3 0
323 645 1 6 72 3 0
324 396 1 1 90 5 0
327 379 1 0 57 5 0
328 295 3 2 87 4 0
334 71 3 0 53 3 0
339 707 2 2 23 4 0
340 957 4 1 92 3 0
344 208 0 2 42 4 0
344 1015 2 1 60 5 0
345 965 2 8 85 5 0
348 647 3 1 29 4 0
357 49 4 4 21 4 0
360 9 2 1 44 4 0
364 1045 2 0 96 4 0
366 393 1 4 15 4 0
367 1107 0 5 21 3 0
369 602 1 3 6 4 0
376 94 3 0 7 4 0
379 514 3 2 83 3 0
380 48 4 9 41 3 0
385 894 1 6 35 3 0
387 298 1 9 85 4 0
395 117 4 9 72 4 0
401 1151 2 0 41 5 0
403 315 2 2 14 3 0
414 49 2 0 94 3 0
416 232 3 4 67 4 0
420 959 3 3 75 3 0
425 473 2 0 3 4 0
428 359 2 0 84 4 0
430 384 1 9 34 3 0
431 987 1 9 30 5 0
437 556 2 5 29 5 0
441 519 3 4 39 5 0
442 14 0 9 5 4 0
443 633 1 8 24 3 0
444 395 0 6 31 5 0
446 441 3 1 22 3 0
447 797 1 1 49 4 0
447 794 1 4 47 5 0
450 332 3 7 33 4 0
453 992 1 6 28 4 0
454 318 1 2 8 3 0
457 451 0 6 2 5 0
468 547 1 1 37 3 0
472 479 0 1 64 5 0
473 710 1 1 4 5 0
473 908 4 9 48 3 0
475 205 1 8 42 4 0
477 428 4 8 54 5 0
478 800 1 4 32 4 0
479 1150 3 5 43 4 0
493 582 3 7 43 5 0
494 1168 1 8 85 3 0
495 522 1 4 87 3 0
498 135 0 9 72 3 0
499 796 4 7 41 5 0
503 534 1 5 77 4 0
504 1127 3 5 65 4 0
506 857 4 7 40 3 0
511 301 3 0 18 4 0
513 254 3 2 8 5 0
513 541 4 9 15 5 0
513 723 0 0 82 5 0
516 50 0 9 42 3 0
516 1079 4 2 67 4 0
517 1009 2 5 23 3 0
519 558 4 5 64 4 0
519 1165 2 0 22 3 0
523 575 0 7 3 5 0
529 399 1 0 83 3 0
532 531 3 2 9 4 0
533 205 2 0 68 3 0
533 766 2 1 66 4 0
534 409 4 9 10 5 0
537 449 3 7 6 5 0
537 185 1 8 49 3 0
541 339 0 0 69 5 0
557 736 4 5 50 5 0
559 111 1 1 3 5 0
559 654 4 6 71 3 0
559 975 3 2 85 3 0
561 836 2 4 33 3 0
561 544 2 5 4 3 0
562 13 1 0 55 3 0
564 512 3 5 2 4 0
566 488 4 9 3 5 0
569 146 3 0 16 4 0
570 13 1 3 62 4 0
575 771 1 6 89 4 0
577 30 2 7 48 3 0
578 108 1 7 68 5 0
579 953 3 9 9 3 0
582 1181 1 9 75 3 0
583 103 4 7 30 4 0
587 8 0 8 3 4 0
587 564 2 7 74 4 0
590 1126 2 4 69 5 0
590 343 1 8 3 5 0
594 356 3 7 4 3 0
604 269 3 3 1 3 0
604 737 1 8 94 4 0
607 270 2 0 13 4 0
609 23 0 7 30 3 0
609 318 0 6 7 4 0
611 932 2 3 82 4 0
611 547 0 4 98 4 0
612 302 0 4 96 3 0
614 1198 0 7 91 5 0
614 297 2 0 35 3 0
617 121 0 7 49 5 0
618 631 0 0 43 3 0
619 1080 2 7 19 4 0
621 683 3 0 67 4 0
625 1062 3 4 16 3 0
625 1018 3 6 78 4 0
625 605 3 1 65 4 0
626 983 3 9 49 3 0
630 633 2 9 65 4 0
632 248 4 0 92 4 0
635 1082 3 9 29 4 0
639 894 1 4 19 4 0
642 711 1 5 83 3 0
646 525 0 9 44 3 0
648 159 4 7 5 5 0
649 1035 4 6 59 3 0
649 396 3 0 74 3 0
649 1076 3 0 43 3 0
653 540 1 3 20 3 0
654 260 2 9 80 5 0
655 1083 0 6 2 4 0
659 120 4 0 94 5 0
664 1060 1 5 18 5 0
666 1184 3 7 71 3 0
670 814 0 6 15 4 0
671 584 4 8 60 5 0
673 191 1 9 19 5 0
674 411 2 3 49 4 0
678 662 1 0 60 4 0
680 893 4 5 29 3 0
680 697 0 5 41 4 0
683 1053 4 8 32 3 0
685 103 4 7 89 5 0
688 645 3 1 26 5 0
691 207 1 1 46 3 0
694 698 1 2 51 3 0
694 809 3 9 8 3 0
696 922 3 7 35 3 0
702 1136 1 4 33 4 0
707 701 0 0 12 3 0
710 587 3 1 52 5 0
715 1157 3 7 51 4 0
717 595 2 7 82 5 0
718 928 1 1 6 3 0
721 1193 4 6 31 3 0
723 603 1 8 52 3 0
725 1038 2 3 14 3 0
725 1050 3 5 44 5 0
733 199 4 1 75 3 0
735 396 3 6 13 3 0
737 285 3 6 2 3 0
740 56 0 7 23 4 0
741 465 3 2 86 5 0
746 1104 4 0 63 5 0
750 479 4 5 98 4 0
750 336 3 8 55 5 0
752 830 0 3 62 4 0
757 1116 1 6 73 5 0
758 350 0 0 88 3 0
762 122 0 6 16 5 0
762 137 2 9 56 3 0
766 1156 3 3 26 5 0
766 479 2 3 16 3 0
768 104 0 1 4 4 0
769 272 0 2 61 3 0
777 397 2 9 3 4 0
780 1045 1 8 2 5 0
785 151 2 1 84 4 0
786 594 4 3 41 5 0
791 1113 1 1 80 3 0
797 454 2 4 31 3 0
797 777 0 7 67 4 0
799 795 1 7 91 4 0
800 453 0 6 53 3 0
804 881 3 7 18 5 0
805 212 3 8 47 4 0
806 255 4 7 81 3 0
807 826 2 2 19 3 0
807 415 2 5 35 3 0
807 765 1 2 25 5 0
811 50 3 4 89 5 0
811 556 0 5 31 5 0
817 1018 3 3 84 3 0
818 85 0 0 84 4 0
821 174 3 5 87 4 0
824 253 2 7 49 3 0
829 732 1 7 14 3 0
834 830 4 9 49 4 0
835 79 3 7 10 3 0
836 269 3 8 86 4 0
837 941 1 5 67 4 0
852 1023 3 3 20 3 0
852 580 4 7 56 5 0
854 411 4 6 34 3 0
855 660 0 7 81 4 0
858 757 2 4 48 4 0
865 1029 0 4 34 4 0
867 386 1 7 12 3 0
869 134 0 8 4 4 0
870 965 1 3 23 4 0
871 781 1 5 73 4 0
875 657 3 9 56 5 0
876 1169 3 3 88 4 0
878 1016 4 6 18 5 0
878 270 2 7 94 5 0
880 111 2 7 52 4 0
883 173 2 7 58 4 0
884 576 4 0 8 5 0
884 45 2 7 65 4 0
893 767 4 5 32 4 0
896 265 2 1 51 5 0
898 1158 4 9 64 3 0
898 354 2 2 98 3 0
899 552 0 1 9 5 0
903 551 0 8 51 4 0
905 1000 1 9 53 4 0
905 124 2 9 85 5 0
906 682 3 5 59 4 0
907 875 1 3 80 3 0
909 311 4 6 49 4 0
910 218 0 2 100 5 0
911 771 3 0 55 4 0
911 1054 2 1 25 4 0
917 615 4 5 98 3 0
918 177 3 3 59 3 0
922 279 4 5 41 5 0
928 1091 0 8 28 3 0
929 154 3 6 79 3 0
932 1194 4 5 27 5 0
933 217 3 6 9 4 0
935 930 0 8 48 3 0
936 936 0 8 10 3 0
939 470 4 4 87 3 0
941 83 4 9 94 5 0
941 458 0 6 40 3 0
949 143 4 4 71 4 0
952 1155 2 6 14 3 0
953 28 0 8 45 3 0
954 906 3 5 13 3 0
957 444 2 0 58 3 0
959 791 0 9 77 5 0
961 593 4 5 74 5 0
961 994 0 1 79 4 0
962 437 0 6 38 4 0
964 799 1 2 76 5 0
965 343 1 1 33 5 0
968 144 4 0 15 3 0
969 863 2 3 77 3 0
974 869 1 5 10 4 0
976 780 1 7 58 5 0
977 808 1 1 28 3 0
978 706 1 4 2 4 0
987 806 0 4 98 4 0
987 1044 3 8 25 5 0
991 369 3 0 26 3 0
991 959 4 7 27 5 0
995 123 2 1 83 5 0
997 792 0 1 59 4 0
1000 51 0 0 73 3 0
1002 499 3 8 45 4 0
1002 217 3 4 31 4 0
1009 1013 0 0 51 4 0
1010 1125 2 7 22 4 0
1016 954 3 3 98 3 0
1020 913 3 8 4 3 0
1021 390 0 5 89 4 0
1022 1151 1 7 42 3 0
1024 824 4 0 87 5 0
1024 3 0 7 81 4 0
1028 519 3 5 11 4 0
1029 1138 0 3 17 4 0
1030 186 1 2 60 4 0
1030 941 4 7 2 4 0
1032 566 3 0 61 5 0
1034 645 2 4 97 5 0
1035 351 4 9 63 4 0
1040 539 1 3 57 4 0
1046 322 1 8 69 3 0
1050 248 2 0 23 4 0
1055 182 3 1 10 5 0
1055 772 0 8 12 4 0
1055 1153 4 7 36 4 0
1056 1158 0 0 3 3 0
1056 1098 0 0 23 4 0
1058 1075 1 7 63 4 0
1061 473 3 6 72 3 0
1063 693 0 5 35 3 0
1063 1012 2 3 83 4 0
1070 32 4 3 33 5 0
1070 1097 0 1 88 5 0
1072 247 0 8 44 3 0
1072 233 3 0 60 5 0
1077 817 1 3 89 4 0
1078 109 0 6 2 5 0
1089 131 1 8 14 5 0
1091 103 2 8 44 3 0
1101 1046 3 2 91 5 0
1105 965 3 4 74 4 0
1106 1026 3 8 28 5 0
1106 184 4 4 9 3 0
1109 438 2 2 82 5 0
1109 130 4 5 83 5 0
1114 1026 0 0 11 3 0
1115 283 1 6 15 5 0
1124 1132 0 6 47 4 0
1128 1094 2 2 43 5 0
1129 423 0 0 95 5 0
1130 58 4 3 40 4 0
1135 247 0 4 98 3 0
1135 60 1 9 10 4 0
1137 1002 4 3 16 3 0
1137 668 4 2 77 5 0
1138 1110 3 7 59 4 0
1140 886 0 6 75 3 0
1149 425 2 4 56 4 0
1149 1119 3 2 45 4 0
1150 1111 3 7 84 3 0
1151 686 3 0 100 3 0
1151 218 3 2 66 4 0
1152 407 2 1 18 4 0
1153 1056 1 1 33 4 0
1155 181 2 5 27 5 0
1162 149 2 5 7 4 0
1166 709 1 5 80 3 0
1168 156 1 4 71 5 0
1169 289 1 6 80 4 0
1169 283 2 6 81 5 0
1171 56 3 9 60 4 0
1177 792 4 0 70 4 0
1177 329 1 5 39 5 0
1177 825 4 4 57 3 0
1179 532 1 8 28 4 0
1180 794 0 9 77 4 0
1180 710 1 6 34 5 0
1185 170 3 5 40 4 0
1191 106 3 4 66 3 0
1192 241 1 7 94 4 0
1192 903 2 3 94 4 0
1193 1109 4 3 2 4 0
1193 1018 1 1 18 5 0
1193 682 4 9 46 3 0
1193 466 3 3 24 5 0
1195 370 2 7 32 4 0
1195 419 0 8 94 3 0
1198 334 3 9 76 4 0

