10

5
0 20 20 20 20 20 20 20 20 20 20
1 20 20 20 20 20 20 20 20 20 20
2 20 20 20 20 20 20 20 20 20 20
3 20 20 20 20 20 20 20 20 20 20
4 20 20 20 20 20 20 20 20 20 20

25
300 900 100000 6 3
0 126 7 2
1 106 3 6
2 130 10 8
4 126 4 4
5 120 6 6
9 127 2 9
600 600 100000 6 3
0 112 2 2
1 112 5 5
3 119 5 3
6 139 2 1
7 117 4 4
9 136 4 1
900 1200 100000 6 4
0 109 5 9
2 127 3 3
4 125 2 3
5 149 10 7
7 122 4 2
9 138 1 9
900 300 100000 6 2
0 141 6 7
1 129 9 1
2 142 3 2
3 129 9 6
4 100 2 10
6 147 2 2
0 900 100000 6 0
0 132 1 3
1 101 9 3
3 119 3 7
4 117 2 7
5 106 4 4
8 112 4 2
1200 0 100000 6 1
1 131 1 3
2 112 5 7
4 106 5 4
6 123 10 5
7 109 2 1
8 117 1 7
900 900 100000 6 0
1 130 4 1
4 144 9 2
5 148 9 10
6 121 1 3
7 117 5 10
9 106 1 1
0 1200 100000 6 0
1 128 1 3
3 139 7 9
4 125 7 5
5 100 8 2
6 137 8 6
9 114 4 5
900 0 100000 6 2
0 122 3 2
3 147 6 1
5 148 2 8
6 115 9 3
7 118 1 3
9 143 6 6
1200 300 100000 6 2
0 115 7 7
2 144 9 5
3 132 10 5
6 139 2 8
7 117 6 3
8 129 4 8
300 300 100000 6 1
0 133 4 6
1 125 4 9
2 132 5 8
4 140 3 3
5 108 5 1
8 136 2 3
1200 900 100000 6 2
1 102 9 1
2 130 8 7
3 145 9 2
4 141 3 5
5 132 9 7
7 110 8 8
900 600 100000 6 3
1 112 8 7
2 129 2 5
3 140 9 2
4 113 4 5
7 113 9 5
8 127 8 2
300 1200 100000 6 0
2 109 1 6
3 124 3 5
4 132 3 9
5 104 3 10
8 132 9 1
9 107 5 7
600 300 100000 6 1
1 145 1 3
3 111 2 8
6 145 10 10
7 147 5 3
8 115 5 4
9 107 2 9
300 600 100000 6 3
3 134 3 9
5 103 8 2
6 132 1 5
7 101 5 6
8 116 5 9
9 125 2 6
0 300 100000 6 2
0 126 1 1
1 138 4 7
2 134 9 8
3 105 5 8
7 144 9 5
9 121 2 8
600 900 100000 6 1
0 111 4 3
1 114 5 1
2 107 1 4
3 127 9 10
5 124 5 10
9 121 10 9
0 0 100000 6 0
0 111 3 4
1 135 6 3
2 109 5 2
5 110 9 5
7 129 4 2
8 107 3 1
600 0 100000 6 4
0 116 1 8
2 100 6 5
4 144 8 8
5 150 5 1
8 101 1 2
9 101 9 5
0 600 100000 6 4
0 125 1 5
1 147 1 9
4 137 2 1
6 120 2 8
7 127 2 6
9 133 1 1
300 0 100000 6 4
0 123 9 2
1 145 9 2
3 145 2 4
5 116 10 8
7 129 8 1
9 102 8 2
600 1200 100000 6 3
0 108 6 10
2 147 10 8
3 146 6 8
4 131 1 5
8 138 2 6
9 147 4 5
1200 1200 100000 6 4
0 111 9 1
2 149 9 1
3 140 2 4
4 106 8 8
8 133 5 4
9 103 7 4
1200 600 100000 6 1
1 113 4 4
3 146 8 8
4 141 6 3
5 129 9 7
6 104 1 3
7 130 4 10

600
4 870 0 2 60 3 0
9 106 1 3 27 5 0
10 1192 3 3 89 3 0
12 1197 4 2 32 4 0
14 167 4 3 37 3 0
16 460 0 4 84 4 0
21 307 2 2 56 3 0
22 84 4 0 44 5 0
24 1002 2 2 63 5 0
25 158 3 5 1 3 0
26 136 2 8 80 5 0
28 221 2 3 28 4 0
32 107 0 3 21 3 0
34 1131 2 6 32 5 0
36 872 2 6 18 3 0
39 632 0 1 100 5 0
44 728 0 1 89 3 0
45 775 3 4 10 3 0
46 1085 4 7 80 4 0
48 771 4 2 21 5 0
48 347 1 3 60 4 0
49 587 3 6 5 4 0
51 200 3 1 16 5 0
54 1075 0 3 31 3 0
56 796 2 0 51 3 0
59 478 4 7 43 3 0
61 623 0 5 32 3 0
62 586 1 0 57 4 0
62 997 3 8 46 3 0
63 1169 3 4 82 5 0
64 790 2 1 37 5 0
65 1032 1 4 24 4 0
70 299 0 8 74 5 0
71 507 1 8 35 4 0
71 737 2 0 78 5 0
76 347 3 7 96 3 0
79 163 4 2 84 4 0
80 880 4 6 42 5 0
81 1065 2 1 80 3 0
82 322 2 5 79 5 0
83 651 1 3 81 4 0
84 391 4 8 25 4 0
86 55 4 3 50 3 0
88 183 0 6 49 5 0
90 529 4 2 40 4 0
90 233 3 2 50 4 0
91 936 1 4 96 3 0
91 533 1 4 59 3 0
91 1121 4 3 97 4 0
91 302 0 0 18 5 0
97 28 2 4 4 5 0
98 965 1 4 86 3 0
102 987 3 2 47 3 0
102 462 0 8 78 5 0
102 58 2 0 31 3 0
103 572 0 4 15 3 0
105 170 4 2 62 5 0
108 455 4 6 62 3 0
108 965 4 1 73 3 0
111 448 1 3 91 3 0
112 75 4 8 49 3 0
114 992 2 8 25 4 0
116 981 3 1 46 4 0
116 383 0 8 87 5 0
118 858 2 5 85 4 0
120 510 3 5 54 3 0
122 100 4 8 45 3 0
125 117 2 1 65 5 0
126 46 2 9 16 5 0
129 932 0 5 64 4 0
132 938 2 9 71 5 0
136 651 3 4 65 4 0
138 940 4 3 79 5 0
140 583 0 1 96 3 0
140 984 3 8 60 4 0
140 282 4 0 68 4 0
144 5 0 1 80 4 0
148 766 3 5 40 3 0
151 227 3 9 20 3 0
152 370 3 7 53 4 0
152 158 2 3 90 5 0
160 41 1 2 98 3 0
160 1008 0 8 39 4 0
161 171 0 5 1 5 0
161 187 1 2 77 3 0
162 1174 3 6 62 3 0
162 1022 3 7 88 3 0
164 241 0 7 54 5 0
165 504 3 8 63 4 0
166 236 4 2 97 3 0
169 295 3 3 92 5 0
170 903 0 4 64 3 0
171 464 0 5 87 3 0
171 1173 4 7 42 3 0
172 53 1 2 97 3 0
173 892 1 8 20 5 0
177 639 0 0 77 3 0
177 130 2 2 36 3 0
180 223 4 1 36 3 0
180 338 3 0 85 4 0
185 907 1 2 10 3 0
186 1093 1 8 56 3 0
187 434 4 4 45 5 0
188 1072 0 0 92 3 0
188 737 4 2 46 5 0
189 614 2 2 34 5 0
189 467 1 2 81 5 0
195 994 1 6 89 5 0
200 1084 2 0 92 3 0
201 1115 4 6 46 4 0
204 679 1 3 18 5 0
206 115 1 4 37 3 0
207 370 3 9 37 4 0
209 836 1 1 46 4 0
209 2 0 2 19 4 0
209 359 4 7 26 4 0
214 215 0 6 15 4 0
219 904 3 1 91 4 0
220 415 3 9 42 5 0
221 252 4 6 8 3 0
222 892 1 6 75 5 0
223 562 4 6 6 4 0
223 540 0 5 92 4 0
224 524 0 8 53 4 0
226 338 3 7 6 3 0
228 789 3 0 67 3 0
229 33 0 8 54 3 0
236 642 1 3 50 3 0
236 758 0 9 74 4 0
238 922 3 7 35 3 0
238 587 3 3 35 3 0
239 1085 2 5 55 5 0
240 357 4 7 9 5 0
241 996 0 3 15 4 0
242 5 4 4 80 5 0
242 9 0 9 66 3 0
242 645 1 6 72 3 0
243 396 1 1 90 5 0
245 379 1 0 57 5 0
254 295 3 2 87 4 0
256 71 3 0 53 3 0
259 707 2 2 23 4 0
260 957 4 1 92 3 0
263 208 0 2 42 4 0
264 1015 2 1 60 5 0
267 965 2 8 85 5 0
267 647 3 1 29 4 0
267 49 4 4 21 4 0
270 9 2 1 44 4 0
271 1045 2 0 96 4 0
271 393 1 4 15 4 0
272 1107 0 5 21 3 0
274 602 1 3 6 4 0
275 94 3 0 7 4 0
275 514 3 2 83 3 0
276 48 4 9 41 3 0
279 894 1 6 35 3 0
279 298 1 9 85 4 0
280 117 4 9 72 4 0
280 1151 2 0 41 5 0
281 315 2 2 14 3 0
286 49 2 0 94 3 0
287 232 3 4 67 4 0
290 959 3 3 75 3 0
291 473 2 0 3 4 0
296 359 2 0 84 4 0
299 384 1 9 34 3 0
301 987 1 9 30 5 0
301 556 2 5 29 5 0
304 519 3 4 39 5 0
310 14 0 9 5 4 0
310 633 1 8 24 3 0
315 395 0 6 31 5 0
317 441 3 1 22 3 0
319 797 1 1 49 4 0
322 794 1 4 47 5 0
323 332 3 7 33 4 0
323 992 1 6 28 4 0
324 318 1 2 8 3 0
327 451 0 6 2 5 0
328 547 1 1 37 3 0
334 479 0 1 64 5 0
336 710 1 1 4 5 0
339 908 4 9 48 3 0
340 205 1 8 42 4 0
344 428 4 8 54 5 0
344 800 1 4 32 4 0
344 1150 3 5 43 4 0
345 582 3 7 43 5 0
348 1168 1 8 85 3 0
357 522 1 4 87 3 0
360 135 0 9 72 3 0
364 796 4 7 41 5 0
366 534 1 5 77 4 0
367 1127 3 5 65 4 0
367 857 4 7 40 3 0
369 301 3 0 18 4 0
376 254 3 2 8 5 0
379 541 4 9 15 5 0
380 723 0 0 82 5 0
385 50 0 9 42 3 0
387 1079 4 2 67 4 0
395 1009 2 5 23 3 0
401 558 4 5 64 4 0
403 1165 2 0 22 3 0
414 575 0 7 3 5 0
416 399 1 0 83 3 0
416 531 3 2 9 4 0
420 205 2 0 68 3 0
425 766 2 1 66 4 0
428 409 4 9 10 5 0
428 449 3 7 6 5 0
428 185 1 8 49 3 0
430 339 0 0 69 5 0
431 736 4 5 50 5 0
432 111 1 1 3 5 0
434 654 4 6 71 3 0
437 975 3 2 85 3 0
441 836 2 4 33 3 0
442 544 2 5 4 3 0
443 13 1 0 55 3 0
444 512 3 5 2 4 0
445 488 4 9 3 5 0
446 146 3 0 16 4 0
447 13 1 3 62 4 0
447 771 1 6 89 4 0
450 30 2 7 48 3 0
453 108 1 7 68 5 0
454 953 3 9 9 3 0
457 1181 1 9 75 3 0
458 103 4 7 30 4 0
461 8 0 8 3 4 0
464 564 2 7 74 4 0
464 1126 2 4 69 5 0
466 343 1 8 3 5 0
468 356 3 7 4 3 0
469 269 3 3 1 3 0
472 737 1 8 94 4 0
473 270 2 0 13 4 0
473 23 0 7 30 3 0
475 318 0 6 7 4 0
477 932 2 3 82 4 0
478 547 0 4 98 4 0
479 302 0 4 96 3 0
485 1198 0 7 91 5 0
490 297 2 0 35 3 0
493 121 0 7 49 5 0
493 631 0 0 43 3 0
494 1080 2 7 19 4 0
495 683 3 0 67 4 0
498 1062 3 4 16 3 0
499 1018 3 6 78 4 0
503 605 3 1 65 4 0
504 983 3 9 49 3 0
506 633 2 9 65 4 0
511 248 4 0 92 4 0
513 1082 3 9 29 4 0
513 894 1 4 19 4 0
513 711 1 5 83 3 0
516 525 0 9 44 3 0
516 159 4 7 5 5 0
517 1035 4 6 59 3 0
518 396 3 0 74 3 0
519 1076 3 0 43 3 0
519 540 1 3 20 3 0
523 260 2 9 80 5 0
526 1083 0 6 2 4 0
526 120 4 0 94 5 0
528 1060 1 5 18 5 0
529 1184 3 7 71 3 0
532 814 0 6 15 4 0
533 584 4 8 60 5 0
533 191 1 9 19 5 0
534 411 2 3 49 4 0
537 662 1 0 60 4 0
537 893 4 5 29 3 0
541 697 0 5 41 4 0
543 1053 4 8 32 3 0
550 103 4 7 89 5 0
557 645 3 1 26 5 0
559 207 1 1 46 3 0
559 698 1 2 51 3 0
559 809 3 9 8 3 0
561 922 3 7 35 3 0
561 1136 1 4 33 4 0
562 701 0 0 12 3 0
564 587 3 1 52 5 0
566 1157 3 7 51 4 0
569 595 2 7 82 5 0
569 928 1 1 6 3 0
570 1193 4 6 31 3 0
575 603 1 8 52 3 0
577 1038 2 3 14 3 0
578 1050 3 5 44 5 0
579 199 4 1 75 3 0
582 396 3 6 13 3 0
583 285 3 6 2 3 0
587 56 0 7 23 4 0
587 465 3 2 86 5 0
590 1104 4 0 63 5 0
590 479 4 5 98 4 0
591 336 3 8 55 5 0
592 830 0 3 62 4 0
594 1116 1 6 73 5 0
604 350 0 0 88 3 0
604 122 0 6 16 5 0
607 137 2 9 56 3 0
609 1156 3 3 26 5 0
609 479 2 3 16 3 0
611 104 0 1 4 4 0
611 272 0 2 61 3 0
612 397 2 9 3 4 0
614 1045 1 8 2 5 0
614 151 2 1 84 4 0
617 594 4 3 41 5 0
618 1113 1 1 80 3 0
619 454 2 4 31 3 0
621 777 0 7 67 4 0
621 795 1 7 91 4 0
625 453 0 6 53 3 0
625 881 3 7 18 5 0
625 212 3 8 47 4 0
626 255 4 7 81 3 0
630 826 2 2 19 3 0
632 415 2 5 35 3 0
635 765 1 2 25 5 0
639 50 3 4 89 5 0
641 556 0 5 31 5 0
642 1018 3 3 84 3 0
646 85 0 0 84 4 0
648 174 3 5 87 4 0
649 253 2 7 49 3 0
649 732 1 7 14 3 0
649 830 4 9 49 4 0
653 79 3 7 10 3 0
654 269 3 8 86 4 0
655 941 1 5 67 4 0
659 1023 3 3 20 3 0
664 580 4 7 56 5 0
666 411 4 6 34 3 0
670 660 0 7 81 4 0
670 757 2 4 48 4 0
671 1029 0 4 34 4 0
673 386 1 7 12 3 0
674 134 0 8 4 4 0
676 965 1 3 23 4 0
678 781 1 5 73 4 0
680 657 3 9 56 5 0
680 1169 3 3 88 4 0
683 1016 4 6 18 5 0
685 270 2 7 94 5 0
688 111 2 7 52 4 0
691 173 2 7 58 4 0
694 576 4 0 8 5 0
694 45 2 7 65 4 0
694 767 4 5 32 4 0
696 265 2 1 51 5 0
702 1158 4 9 64 3 0
702 354 2 2 98 3 0
706 552 0 1 9 5 0
707 551 0 8 51 4 0
710 1000 1 9 53 4 0
715 124 2 9 85 5 0
717 682 3 5 59 4 0
718 875 1 3 80 3 0
721 311 4 6 49 4 0
723 218 0 2 100 5 0
725 771 3 0 55 4 0
725 1054 2 1 25 4 0
733 615 4 5 98 3 0
733 177 3 3 59 3 0
735 279 4 5 41 5 0
737 1091 0 8 28 3 0
740 154 3 6 79 3 0
741 1194 4 5 27 5 0
746 217 3 6 9 4 0
750 930 0 8 48 3 0
750 936 0 8 10 3 0
752 470 4 4 87 3 0
755 83 4 9 94 5 0
757 458 0 6 40 3 0
758 143 4 4 71 4 0
758 1155 2 6 14 3 0
762 28 0 8 45 3 0
762 906 3 5 13 3 0
766 444 2 0 58 3 0
766 791 0 9 77 5 0
768 593 4 5 74 5 0
769 994 0 1 79 4 0
777 437 0 6 38 4 0
780 799 1 2 76 5 0
785 343 1 1 33 5 0
786 144 4 0 15 3 0
791 863 2 3 77 3 0
794 869 1 5 10 4 0
797 780 1 7 58 5 0
797 808 1 1 28 3 0
799 706 1 4 2 4 0
800 806 0 4 98 4 0
804 1044 3 8 25 5 0
805 369 3 0 26 3 0
806 959 4 7 27 5 0
807 123 2 1 83 5 0
807 792 0 1 59 4 0
807 51 0 0 73 3 0
810 499 3 8 45 4 0
811 217 3 4 31 4 0
811 1013 0 0 51 4 0
814 1125 2 7 22 4 0
817 954 3 3 98 3 0
818 913 3 8 4 3 0
821 390 0 5 89 4 0
824 1151 1 7 42 3 0
825 824 4 0 87 5 0
829 3 0 7 81 4 0
834 519 3 5 11 4 0
835 1138 0 3 17 4 0
836 186 1 2 60 4 0
837 941 4 7 2 4 0
852 566 3 0 61 5 0
852 645 2 4 97 5 0
854 351 4 9 63 4 0
854 539 1 3 57 4 0
855 322 1 8 69 3 0
856 248 2 0 23 4 0
857 182 3 1 10 5 0
858 772 0 8 12 4 0
862 1153 4 7 36 4 0
864 1158 0 0 3 3 0
865 1098 0 0 23 4 0
865 1075 1 7 63 4 0
867 473 3 6 72 3 0
869 693 0 5 35 3 0
870 1012 2 3 83 4 0
871 32 4 3 33 5 0
874 1097 0 1 88 5 0
875 247 0 8 44 3 0
876 233 3 0 60 5 0
878 817 1 3 89 4 0
878 109 0 6 2 5 0
880 131 1 8 14 5 0
883 103 2 8 44 3 0
884 1046 3 2 91 5 0
884 965 3 4 74 4 0
893 1026 3 8 28 5 0
896 184 4 4 9 3 0
898 438 2 2 82 5 0
898 130 4 5 83 5 0
899 1026 0 0 11 3 0
902 283 1 6 15 5 0
903 1132 0 6 47 4 0
905 1094 2 2 43 5 0
905 423 0 0 95 5 0
906 58 4 3 40 4 0
907 247 0 4 98 3 0
909 60 1 9 10 4 0
910 1002 4 3 16 3 0
911 668 4 2 77 5 0
911 1110 3 7 59 4 0
917 886 0 6 75 3 0
918 425 2 4 56 4 0
922 1119 3 2 45 4 0
928 1111 3 7 84 3 0
929 686 3 0 100 3 0
932 218 3 2 66 4 0
933 407 2 1 18 4 0
935 1056 1 1 33 4 0
936 181 2 5 27 5 0
939 149 2 5 7 4 0
941 709 1 5 80 3 0
941 156 1 4 71 5 0
946 289 1 6 80 4 0
949 283 2 6 81 5 0
952 56 3 9 60 4 0
953 792 4 0 70 4 0
954 329 1 5 39 5 0
957 825 4 4 57 3 0
959 532 1 8 28 4 0
961 794 0 9 77 4 0
961 710 1 6 34 5 0
962 170 3 5 40 4 0
964 106 3 4 66 3 0
965 241 1 7 94 4 0
968 903 2 3 94 4 0
969 1109 4 3 2 4 0
971 1018 1 1 18 5 0
974 682 4 9 46 3 0
976 466 3 3 24 5 0
977 370 2 7 32 4 0
978 419 0 8 94 3 0
987 334 3 9 76 4 0
987 1064 3 7 27 4 0
989 801 2 0 98 3 0
990 32 4 0 53 3 0
991 590 4 5 62 4 0
991 233 2 4 76 3 0
995 999 3 9 79 3 0
997 954 2 6 33 4 0
998 1175 2 2 69 3 0
999 855 4 1 12 4 0
1000 925 1 6 82 5 0
1002 346 4 5 94 3 0
1002 507 4 9 45 5 0
1009 143 0 4 95 5 0
1010 1176 1 5 83 3 0
1016 501 0 3 81 4 0
1020 415 4 9 1 3 0
1021 274 2 3 36 4 0
1021 951 4 8 4 5 0
1022 221 1 0 71 5 0
1022 973 2 1 81 3 0
1024 1102 3 8 29 4 0
1024 167 3 1 35 3 0
1028 649 2 5 78 3 0
1029 317 1 5 29 5 0
1030 203 2 0 57 4 0
1030 556 4 0 32 5 0
1032 1182 0 9 11 3 0
1034 488 4 8 13 3 0
1035 647 3 3 1 3 0
1040 408 2 5 4 4 0
1046 674 2 9 73 4 0
1047 350 1 1 73 3 0
1049 169 0 5 80 5 0
1050 1172 3 7 53 3 0
1053 963 0 1 49 4 0
1053 924 0 8 1 4 0
1055 251 2 9 7 5 0
1055 123 3 5 43 5 0
1055 376 3 8 37 5 0
1056 561 3 8 88 5 0
1056 763 3 2 68 4 0
1058 157 3 6 27 4 0
1061 318 0 1 38 3 0
1063 111 1 3 91 3 0
1063 471 2 8 98 5 0
1070 864 4 1 90 4 0
1070 645 4 2 93 3 0
1072 120 1 3 76 4 0
1072 207 0 0 49 4 0
1072 993 2 1 81 5 0
1073 371 4 2 55 4 0
1077 423 3 0 25 4 0
1078 579 2 9 18 5 0
1088 608 2 7 81 4 0
1089 636 4 5 31 5 0
1091 730 1 6 70 5 0
1101 948 1 9 15 3 0
1105 999 0 7 69 4 0
1106 1000 1 9 14 5 0
1106 551 4 5 90 5 0
1106 325 0 6 94 5 0
1109 850 1 7 96 5 0
1109 54 0 7 58 3 0
1114 875 0 5 95 5 0
1115 319 1 2 42 3 0
1124 612 4 0 22 3 0
1124 20 0 7 16 5 0
1128 23 4 6 44 3 0
1129 1034 2 9 45 4 0
1130 624 2 1 43 5 0
1135 75 0 4 30 5 0
1135 136 0 4 92 5 0
1137 740 0 2 7 4 0
1137 601 3 8 96 5 0
1138 460 3 3 8 5 0
1140 581 4 4 43 3 0
1143 663 3 6 73 5 0
1149 491 3 8 60 3 0
1149 55 2 1 92 5 0
1150 1113 1 9 33 3 0
1150 751 4 2 50 4 0
1151 451 0 8 7 3 0
1151 208 3 5 3 5 0
1152 139 0 1 59 3 0
1153 530 2 2 38 4 0
1155 186 3 2 32 5 0
1162 1081 2 9 84 3 0
1166 1017 2 9 26 4 0
1168 373 4 3 40 5 0
1169 594 2 1 36 5 0
1169 23 0 6 45 3 0
1171 809 0 0 79 4 0
1177 596 0 2 82 4 0
1177 921 3 3 62 5 0
1177 778 0 5 45 5 0
1179 134 2 2 70 4 0
1180 633 0 3 11 5 0
1180 783 3 1 21 5 0
1185 242 0 0 20 4 0
1191 540 3 8 60 3 0
1192 443 1 1 71 4 0
1192 904 3 3 21 5 0
1193 891 2 4 45 4 0
1193 132 4 2 87 3 0
1193 795 0 3 66 5 0
1193 1030 3 3 33 4 0
1195 1011 3 0 74 5 0
1195 57 2 6 27 5 0
1198 129 0 6 88 5 0

