10

5
0 20 20 20 20 20 20 20 20 20 20
1 20 20 20 20 20 20 20 20 20 20
2 20 20 20 20 20 20 20 20 20 20
3 20 20 20 20 20 20 20 20 20 20
4 20 20 20 20 20 20 20 20 20 20

25
309 532 100000 6 0
0 126 2 2
1 108 6 8
2 137 8 7
5 113 4 6
6 140 6 6
9 127 2 9
1007 829 100000 6 1
0 139 2 1
1 117 4 4
2 136 4 1
3 100 10 5
4 117 3 6
9 138 8 3
560 1138 100000 6 3
1 107 10 1
2 133 4 7
3 111 3 2
5 107 5 1
6 141 6 7
9 129 9 1
336 240 100000 6 3
0 147 2 2
1 121 5 2
5 142 5 1
7 150 1 4
8 114 9 9
9 144 1 3
48 1079 100000 6 2
1 124 3 2
2 128 8 1
3 111 4 5
4 125 2 5
6 113 6 10
8 119 3 2
9 565 100000 6 1
0 104 10 8
1 113 1 9
4 104 9 10
5 121 1 3
6 117 5 10
7 106 1 1
432 423 100000 6 1
1 103 3 10
4 124 9 7
5 125 5 1
6 149 8 2
7 137 8 6
9 114 4 5
922 689 100000 6 4
0 105 6 1
2 148 2 8
3 115 9 3
5 118 1 3
6 143 6 6
9 133 3 1
470 886 100000 6 3
3 141 5 10
4 148 2 8
6 117 6 3
7 129 4 8
8 108 6 6
9 140 9 3
1103 252 100000 6 2
0 113 9 9
3 145 5 8
4 140 3 3
5 108 5 1
6 136 2 3
8 121 5 4
650 174 100000 6 2
0 102 8 8
1 125 9 2
2 141 3 5
4 132 9 7
7 110 8 8
8 143 9 8
313 365 100000 6 4
1 107 4 4
3 146 5 4
4 132 5 7
6 130 2 6
7 133 4 3
8 135 10 6
598 308 100000 6 2
0 146 3 9
2 104 3 10
4 132 9 1
5 107 5 7
6 136 2 9
8 112 10 8
910 834 100000 6 4
0 110 4 5
1 114 2 2
2 135 9 10
4 128 7 6
7 150 4 9
9 146 3 9
114 924 100000 6 4
0 140 2 6
1 100 1 10
4 147 3 3
5 114 2 8
6 126 1 1
8 138 4 7
1106 1149 100000 6 0
1 109 10 2
3 147 1 6
4 111 4 3
5 114 5 1
7 107 1 4
8 127 9 10
775 565 100000 6 0
0 132 9 9
1 130 3 3
2 113 9 6
5 108 3 5
8 150 2 3
9 135 5 8
416 173 100000 6 0
0 119 6 1
1 116 1 8
2 100 6 5
5 144 8 8
8 150 5 1
9 101 1 2
41 1043 100000 6 3
0 125 1 5
1 147 1 9
4 137 2 1
6 120 2 8
7 127 2 6
9 133 1 1
240 1154 100000 6 3
0 104 9 2
3 145 2 4
5 116 10 8
7 129 8 1
8 102 8 2
9 111 3 10
1069 443 100000 6 0
0 122 10 10
2 129 6 8
3 131 1 5
4 138 2 6
8 147 4 5
9 149 3 10
1193 1172 100000 6 1
0 112 2 8
1 129 9 5
2 114 1 7
3 115 5 6
4 119 4 6
8 131 7 2
419 417 100000 6 4
2 104 1 3
3 130 4 10
5 137 9 1
6 130 5 1
7 106 9 8
8 102 4 2
34 275 100000 6 2
0 113 5 9
1 117 6 4
3 145 4 7
5 103 5 9
6 139 1 9
8 115 8 6
862 670 100000 6 1
1 117 3 2
2 144 3 1
5 108 4 2
6 137 1 4
7 105 6 4
9 102 8 4

3000
0 612 4 0 22 3 0
0 20 0 7 16 5 0
0 23 4 6 44 3 0
0 1034 2 9 45 4 0
1 624 2 1 43 5 0
1 75 0 4 30 5 0
2 136 0 4 92 5 0
3 740 0 2 7 4 0
3 601 3 8 96 5 0
3 460 3 3 8 5 0
4 581 4 4 43 3 0
4 663 3 6 73 5 0
5 491 3 8 60 3 0
5 55 2 1 92 5 0
5 1113 1 9 33 3 0
6 751 4 2 50 4 0
7 451 0 8 7 3 0
8 208 3 5 3 5 0
8 139 0 1 59 3 0
8 530 2 2 38 4 0
8 186 3 2 32 5 0
9 1081 2 9 84 3 0
9 1017 2 9 26 4 0
9 373 4 3 40 5 0
9 594 2 1 36 5 0
9 23 0 6 45 3 0
10 809 0 0 79 4 0
10 596 0 2 82 4 0
10 921 3 3 62 5 0
10 778 0 5 45 5 0
10 134 2 2 70 4 0
12 633 0 3 11 5 0
13 783 3 1 21 5 0
13 242 0 0 20 4 0
13 540 3 8 60 3 0
13 443 1 1 71 4 0
13 904 3 3 21 5 0
13 891 2 4 45 4 0
14 132 4 2 87 3 0
14 795 0 3 66 5 0
14 1030 3 3 33 4 0
14 1011 3 0 74 5 0
15 57 2 6 27 5 0
15 129 0 6 88 5 0
16 1121 2 2 67 3 0
16 457 0 7 43 4 0
16 631 1 1 67 3 0
16 348 3 9 63 3 0
17 533 2 7 12 4 0
18 1015 3 6 96 3 0
18 315 3 6 100 4 0
18 876 0 2 63 3 0
19 634 0 4 39 4 0
19 710 1 1 39 4 0
19 666 1 2 77 5 0
19 682 2 8 51 4 0
20 711 4 3 27 5 0
21 1098 4 6 32 5 0
21 578 1 2 4 3 0
21 1130 4 3 37 4 0
21 524 2 8 83 3 0
22 693 4 7 50 5 0
22 397 1 5 46 3 0
23 372 3 1 65 5 0
23 958 1 7 81 4 0
23 467 1 0 10 5 0
24 533 4 0 69 4 0
24 277 1 0 44 5 0
25 437 3 8 37 5 0
25 452 4 9 44 5 0
25 692 1 2 6 4 0
25 1076 2 7 16 4 0
26 468 4 5 83 5 0
27 536 1 7 56 5 0
27 274 4 1 95 4 0
27 863 2 4 98 4 0
27 673 4 6 44 4 0
28 1136 4 0 6 3 0
28 994 0 2 44 5 0
28 636 4 5 45 4 0
28 26 3 9 54 4 0
28 1198 1 4 82 4 0
28 323 3 6 53 3 0
28 1190 0 6 77 4 0
29 736 1 8 84 5 0
29 565 4 8 11 3 0
30 988 2 8 44 4 0
30 232 0 2 72 4 0
30 279 3 9 79 4 0
31 147 0 4 78 5 0
32 724 3 3 56 4 0
32 582 3 4 56 3 0
32 458 3 6 10 4 0
32 355 2 1 10 5 0
32 332 0 3 14 4 0
33 425 1 8 67 4 0
33 948 2 9 51 3 0
33 341 2 1 85 4 0
34 822 3 2 35 5 0
34 238 4 4 28 4 0
34 238 0 3 93 5 0
35 97 0 1 80 3 0
35 932 3 2 22 5 0
35 289 0 0 17 4 0
36 188 1 6 52 4 0
36 84 4 1 93 3 0
37 459 1 6 7 5 0
37 949 2 2 44 3 0
38 110 3 0 52 5 0
38 43 4 5 43 4 0
38 697 4 3 13 4 0
39 543 4 5 79 4 0
39 663 3 0 40 4 0
40 981 2 2 93 3 0
41 193 2 8 7 3 0
41 712 1 8 1 3 0
41 405 2 4 94 5 0
41 854 0 0 100 3 0
42 494 1 6 43 3 0
42 304 2 1 28 4 0
43 163 4 9 31 4 0
44 1100 4 5 60 5 0
45 1153 1 5 27 5 0
45 692 1 9 99 5 0
45 639 4 9 67 3 0
45 1119 0 2 100 5 0
45 1025 3 8 70 4 0
46 653 2 9 10 4 0
46 553 1 9 66 3 0
46 234 1 1 47 5 0
46 410 4 2 8 5 0
46 782 0 8 26 5 0
48 318 4 8 50 4 0
48 843 2 6 70 3 0
49 1155 1 2 37 3 0
49 639 3 9 91 4 0
49 1155 0 1 55 4 0
49 610 3 2 4 3 0
49 165 3 4 50 4 0
49 126 2 3 67 3 0
49 170 0 8 20 3 0
50 489 0 8 57 5 0
50 1195 1 5 96 3 0
50 1126 4 9 31 5 0
50 168 4 3 51 5 0
50 442 2 4 64 3 0
51 347 2 8 91 5 0
51 319 3 3 40 5 0
53 872 0 4 58 5 0
53 186 4 9 94 4 0
53 521 4 0 66 4 0
53 913 3 7 9 5 0
53 1003 1 2 13 3 0
54 887 4 1 99 5 0
54 1047 3 3 77 5 0
54 348 3 8 15 3 0
54 576 2 8 49 5 0
54 103 1 0 18 3 0
55 311 2 6 81 4 0
55 137 0 7 43 5 0
55 505 2 4 84 5 0
55 647 1 8 7 5 0
56 74 3 3 66 4 0
56 284 3 6 49 5 0
56 1157 3 3 29 4 0
56 336 2 3 85 5 0
56 747 4 1 79 3 0
56 552 4 2 9 5 0
56 718 4 6 69 4 0
56 245 2 2 53 4 0
57 505 0 7 8 3 0
58 1096 2 5 75 4 0
58 447 4 2 57 5 0
58 467 0 4 73 4 0
58 346 2 6 66 4 0
58 730 0 6 92 3 0
59 842 2 2 81 3 0
60 143 4 2 89 5 0
60 714 1 3 44 4 0
60 346 3 8 17 4 0
61 1196 2 2 72 3 0
61 555 1 7 54 3 0
61 777 2 8 69 4 0
62 1009 0 2 22 4 0
62 15 3 1 90 3 0
62 686 1 3 93 3 0
63 593 4 4 17 3 0
63 240 3 7 72 5 0
63 968 0 7 12 5 0
64 334 3 5 74 5 0
64 944 2 1 17 3 0
65 1160 3 2 46 4 0
65 1174 2 0 33 5 0
66 841 1 1 59 3 0
68 913 2 9 93 3 0
68 884 2 6 96 3 0
70 38 2 4 42 5 0
70 393 1 5 32 5 0
71 742 1 8 77 4 0
71 1109 3 8 48 5 0
71 855 3 2 22 5 0
71 595 2 9 54 3 0
72 1087 0 1 48 4 0
72 911 3 1 43 4 0
75 1110 2 1 91 4 0
75 59 3 5 47 3 0
75 658 4 2 52 3 0
75 507 4 1 25 5 0
76 956 0 8 19 5 0
76 948 1 4 7 3 0
78 1061 4 3 31 3 0
78 291 2 4 6 5 0
78 87 0 6 69 3 0
79 956 1 0 77 5 0
79 186 0 7 15 3 0
79 590 3 5 43 3 0
79 1105 3 4 70 4 0
80 970 4 1 23 4 0
81 707 4 2 2 3 0
81 863 1 1 45 3 0
81 666 3 8 30 3 0
82 3 1 4 15 3 0
82 787 1 2 58 3 0
82 918 0 9 9 4 0
83 616 2 2 14 3 0
84 662 4 1 16 4 0
84 1100 3 2 59 5 0
84 306 0 6 93 5 0
85 236 4 2 52 5 0
85 626 1 6 72 4 0
85 5 4 3 23 5 0
85 986 1 1 42 3 0
85 549 1 1 91 4 0
86 446 4 7 89 3 0
86 298 1 9 94 3 0
88 628 0 0 33 5 0
88 750 4 3 90 5 0
90 856 0 4 94 4 0
90 534 0 0 20 4 0
90 250 1 9 20 4 0
91 919 1 2 59 4 0
91 365 1 8 2 5 0
92 747 2 0 44 3 0
92 82 1 4 86 5 0
93 86 4 8 83 4 0
93 823 1 6 89 4 0
93 842 4 2 57 4 0
94 294 2 2 67 3 0
94 418 4 7 42 4 0
94 240 0 9 41 4 0
96 845 1 0 8 3 0
98 210 2 9 88 3 0
99 1101 1 7 88 3 0
99 355 1 4 2 4 0
99 1197 1 2 59 4 0
100 1063 0 4 33 3 0
100 914 4 0 8 4 0
100 78 0 3 73 3 0
100 604 2 3 48 3 0
100 431 1 6 28 3 0
101 46 2 6 4 4 0
102 614 4 8 22 5 0
102 845 0 9 63 3 0
102 1113 0 0 66 5 0
102 805 4 4 21 5 0
102 895 4 6 57 5 0
102 27 4 9 16 3 0
103 741 4 4 13 5 0
103 724 4 2 28 5 0
103 444 4 2 99 5 0
103 946 1 4 30 3 0
103 970 3 0 42 4 0
103 656 3 9 72 4 0
104 1098 3 1 14 4 0
104 1130 1 2 79 5 0
105 59 3 2 29 5 0
105 188 0 6 94 5 0
106 488 3 3 82 4 0
106 1163 4 0 13 5 0
106 663 0 4 73 3 0
106 798 0 9 91 5 0
106 219 3 3 57 5 0
106 226 3 7 78 5 0
106 1045 1 3 95 5 0
107 843 1 4 67 3 0
107 49 3 3 78 5 0
107 863 0 5 23 4 0
107 438 1 4 32 3 0
108 774 1 4 89 5 0
108 210 0 8 26 5 0
108 864 2 0 24 5 0
108 502 4 6 71 5 0
109 597 1 2 39 3 0
109 752 1 3 46 5 0
110 806 4 4 79 4 0
110 143 1 5 21 4 0
110 448 1 5 65 4 0
111 698 1 2 72 5 0
111 443 2 1 93 3 0
111 106 2 2 32 3 0
111 125 0 5 53 4 0
111 1036 0 3 90 3 0
112 1114 0 1 78 5 0
112 1079 4 3 64 5 0
112 397 0 5 69 3 0
112 227 2 1 15 5 0
113 322 2 7 21 3 0
114 73 1 2 58 3 0
114 1133 1 8 40 5 0
114 88 0 8 18 4 0
115 207 0 4 80 3 0
115 117 4 8 91 5 0
115 363 3 5 84 4 0
115 547 3 0 22 3 0
116 451 4 9 27 5 0
116 743 1 3 59 3 0
117 349 4 4 86 5 0
117 164 4 4 59 5 0
117 245 2 4 46 5 0
117 1103 3 8 37 5 0
118 801 0 7 11 4 0
118 954 3 2 36 4 0
119 1050 4 9 82 3 0
119 232 1 5 38 4 0
120 300 0 4 77 5 0
120 507 2 4 33 4 0
120 85 3 8 7 5 0
121 1036 1 6 16 4 0
122 1110 1 0 54 5 0
122 314 0 9 32 5 0
122 13 2 0 28 3 0
123 327 3 4 84 4 0
123 371 2 0 21 4 0
123 952 3 0 71 4 0
123 803 0 7 85 3 0
124 200 4 3 8 3 0
125 258 4 9 56 4 0
125 1031 4 3 8 5 0
125 154 3 4 38 4 0
125 1034 0 9 57 3 0
125 382 0 3 33 5 0
126 1187 1 9 5 4 0
126 784 0 8 8 4 0
126 409 3 7 20 5 0
127 360 3 8 9 4 0
129 801 4 2 91 4 0
129 939 2 5 77 5 0
129 391 3 4 59 4 0
129 582 0 0 53 4 0
129 1038 0 5 47 5 0
130 288 0 2 97 4 0
130 779 3 5 89 3 0
130 659 3 0 25 5 0
130 1002 1 9 38 3 0
131 587 3 2 99 3 0
131 481 3 1 5 3 0
132 92 4 7 79 4 0
132 876 4 6 21 5 0
133 772 4 8 82 4 0
133 1031 1 2 38 4 0
133 405 0 4 51 4 0
133 134 3 7 66 4 0
134 382 4 9 9 4 0
134 757 0 0 42 5 0
134 1053 4 0 42 4 0
134 739 3 9 54 3 0
135 654 2 2 8 3 0
135 574 4 6 46 5 0
136 477 0 9 11 5 0
136 1021 0 7 26 4 0
136 884 2 8 94 5 0
136 478 1 4 37 4 0
136 298 2 7 65 3 0
136 317 1 8 83 3 0
136 565 1 7 47 3 0
136 193 1 8 68 5 0
137 101 3 4 46 3 0
138 529 0 9 100 5 0
139 954 2 9 43 3 0
139 46 0 9 2 5 0
139 140 2 9 73 4 0
139 11 4 6 57 4 0
139 177 4 2 89 5 0
140 533 2 0 20 3 0
140 812 1 0 44 3 0
140 596 2 8 83 5 0
140 554 2 8 14 4 0
141 954 3 8 58 5 0
143 254 3 4 82 4 0
143 301 4 8 9 5 0
143 721 2 9 18 5 0
143 1043 2 4 72 5 0
144 486 1 1 86 4 0
144 669 0 8 51 3 0
144 1160 2 2 77 3 0
144 111 0 6 38 4 0
144 1122 0 9 29 5 0
144 383 3 1 6 4 0
144 870 4 5 60 4 0
145 800 0 1 42 4 0
145 69 3 4 2 5 0
145 423 3 8 50 3 0
146 498 0 2 25 3 0
146 200 0 7 83 3 0
146 488 0 1 93 4 0
146 1160 3 7 88 3 0
149 565 1 0 84 5 0
149 918 1 6 65 3 0
150 57 4 3 66 3 0
150 166 0 6 85 4 0
150 703 1 4 3 3 0
150 795 2 4 28 3 0
151 928 3 9 85 3 0
151 1131 3 1 74 5 0
151 27 1 0 50 5 0
151 1098 1 6 69 3 0
151 1148 0 1 68 5 0
151 719 3 8 87 3 0
152 12 0 0 39 3 0
152 1049 2 5 91 4 0
152 35 2 2 74 3 0
153 970 1 5 70 3 0
154 533 0 2 49 5 0
154 653 4 0 94 3 0
154 1181 1 4 14 4 0
155 1079 3 5 28 4 0
156 705 1 8 22 5 0
156 21 4 2 91 3 0
157 603 2 6 68 3 0
158 172 3 3 94 5 0
158 1125 3 8 48 4 0
158 535 0 4 57 3 0
159 1100 1 5 46 4 0
160 278 0 4 32 4 0
160 695 4 7 96 5 0
160 271 4 9 93 4 0
161 321 3 5 32 5 0
161 536 3 4 89 4 0
161 1024 2 2 84 5 0
162 611 3 2 7 4 0
162 1052 0 7 68 5 0
162 135 1 9 2 3 0
163 1043 2 8 29 5 0
163 507 0 3 50 3 0
163 923 4 4 33 3 0
163 627 3 6 50 4 0
164 790 2 8 91 3 0
164 1044 2 4 40 5 0
164 44 4 7 15 4 0
165 1148 4 0 60 5 0
166 702 3 5 53 4 0
166 1044 2 7 15 4 0
167 60 4 2 94 5 0
167 81 2 6 92 5 0
167 1083 1 6 68 5 0
167 956 3 0 75 3 0
168 991 0 2 95 4 0
169 75 3 7 67 5 0
169 1066 2 4 58 4 0
170 62 0 7 96 5 0
170 567 4 8 14 3 0
170 152 0 5 50 4 0
171 1042 4 3 18 4 0
171 1186 3 3 61 4 0
171 595 4 4 18 5 0
171 733 4 3 38 4 0
172 401 4 0 94 3 0
172 559 3 8 70 5 0
172 126 0 3 19 4 0
172 51 3 4 74 3 0
172 1069 0 9 26 4 0
173 3 0 7 57 5 0
173 679 3 8 40 5 0
173 1052 1 0 13 5 0
174 695 3 0 23 3 0
175 479 0 4 23 5 0
175 299 3 0 33 3 0
176 337 4 1 42 3 0
176 238 1 7 44 3 0
176 1146 3 7 41 3 0
176 289 2 2 65 3 0
176 840 1 2 89 3 0
177 909 0 8 24 5 0
177 933 2 0 8 5 0
177 60 4 2 57 3 0
178 741 2 6 74 5 0
178 7 4 4 93 4 0
180 646 1 9 84 3 0
181 1010 0 6 53 3 0
181 654 0 7 40 3 0
182 349 1 8 39 4 0
182 1021 3 1 8 4 0
183 377 4 0 66 5 0
183 703 3 2 1 4 0
183 958 0 9 44 5 0
184 544 4 5 74 4 0
185 409 3 5 84 5 0
185 859 2 3 13 3 0
186 1029 1 8 9 3 0
186 362 3 4 57 3 0
187 5 0 2 70 3 0
187 881 2 1 81 3 0
188 186 1 3 21 5 0
188 179 1 5 31 5 0
188 741 0 9 42 5 0
189 519 3 4 38 3 0
189 843 2 1 39 5 0
189 1132 1 8 72 5 0
190 1126 3 8 27 5 0
190 996 1 1 61 5 0
190 1164 4 0 14 5 0
191 123 1 9 11 3 0
192 588 0 3 54 5 0
192 713 3 3 63 4 0
193 886 1 4 89 5 0
194 1097 0 3 83 4 0
195 1189 3 2 76 5 0
195 1049 4 1 90 3 0
195 307 1 1 5 3 0
195 615 4 6 50 4 0
195 321 2 9 66 5 0
195 417 3 1 1 4 0
196 609 3 6 8 5 0
196 153 3 4 55 3 0
197 226 4 8 4 5 0
199 422 1 5 80 3 0
199 821 0 0 10 4 0
200 464 1 1 81 4 0
200 666 2 7 20 3 0
200 71 2 3 42 4 0
200 107 2 2 54 4 0
201 84 0 1 28 5 0
201 977 1 9 36 5 0
202 32 1 9 19 5 0
203 981 3 0 56 5 0
203 1033 1 3 50 4 0
203 102 0 7 46 4 0
204 672 3 2 67 5 0
205 294 3 2 38 3 0
205 388 1 7 61 5 0
205 78 1 2 11 4 0
206 258 3 9 16 3 0
206 1193 0 1 66 5 0
207 1146 0 6 1 3 0
207 649 1 6 49 3 0
207 1110 3 6 8 4 0
207 242 3 3 43 3 0
208 358 2 5 89 4 0
208 298 0 8 65 5 0
208 923 4 2 55 5 0
208 1184 2 3 59 4 0
209 1127 0 7 90 3 0
209 11 0 8 20 4 0
209 867 4 9 42 5 0
212 549 0 8 69 3 0
212 248 4 1 59 4 0
212 994 3 9 2 5 0
213 882 0 9 95 3 0
214 1103 0 1 94 5 0
214 94 2 1 76 3 0
214 436 0 3 98 5 0
215 631 4 2 52 5 0
215 733 2 6 20 5 0
215 814 1 2 100 5 0
215 853 2 2 61 4 0
216 622 1 7 31 5 0
216 722 1 9 55 3 0
217 414 3 3 28 3 0
217 2 1 7 63 5 0
217 570 2 7 3 5 0
217 551 0 0 14 5 0
217 847 2 7 82 5 0
217 43 4 1 31 3 0
218 345 3 8 95 3 0
218 528 2 4 48 5 0
219 353 1 8 82 3 0
220 719 1 8 12 4 0
220 996 4 4 40 4 0
220 1142 2 5 70 5 0
220 1187 4 4 58 3 0
221 490 0 9 69 5 0
221 74 1 7 6 5 0
221 41 3 2 65 3 0
221 261 3 8 84 4 0
221 683 1 7 55 4 0
222 183 2 1 89 5 0
222 692 1 2 93 3 0
222 701 1 9 80 4 0
223 257 3 6 42 3 0
223 65 0 3 17 3 0
223 443 4 8 30 5 0
223 902 4 7 68 5 0
223 529 2 1 25 3 0
223 879 4 2 92 4 0
224 295 4 7 16 4 0
224 139 4 6 30 5 0
224 659 3 7 12 4 0
225 1144 4 1 94 3 0
225 661 0 8 95 3 0
226 472 2 3 39 3 0
226 202 0 5 29 5 0
226 846 1 9 65 4 0
226 1068 1 0 43 3 0
226 17 0 6 33 4 0
226 229 0 0 68 3 0
227 42 0 1 52 5 0
227 11 4 3 3 5 0
227 289 2 1 2 5 0
227 339 2 4 96 3 0
227 151 0 8 1 4 0
228 62 1 0 48 5 0
228 1162 4 1 77 5 0
228 187 4 9 96 4 0
229 760 4 0 15 5 0
231 893 4 9 85 5 0
232 1194 2 0 92 3 0
232 175 0 3 9 4 0
233 809 4 6 32 4 0
233 725 4 5 90 4 0
233 1195 3 4 10 3 0
233 556 3 3 17 4 0
234 31 0 2 83 4 0
235 607 4 7 13 3 0
235 189 0 8 28 3 0
236 727 3 9 16 5 0
236 96 4 7 16 3 0
236 413 3 8 85 3 0
236 236 4 3 28 5 0
236 1038 0 1 87 5 0
237 1175 2 0 22 5 0
237 1120 3 0 13 5 0
237 235 4 7 63 5 0
238 914 0 8 41 3 0
238 890 2 2 3 5 0
238 599 3 9 52 3 0
239 1114 1 9 85 3 0
239 976 0 3 57 5 0
240 535 3 3 51 4 0
240 579 3 5 79 5 0
240 310 0 9 87 4 0
241 906 3 3 32 5 0
241 956 0 5 33 3 0
241 997 1 4 86 3 0
241 170 4 9 44 4 0
241 156 2 0 50 5 0
242 1140 2 1 96 5 0
242 143 4 4 99 4 0
242 1103 0 6 29 5 0
242 187 3 7 96 3 0
242 116 3 3 72 5 0
243 1132 3 5 49 3 0
243 27 4 6 37 3 0
244 168 1 0 85 5 0
244 516 3 0 29 3 0
244 891 2 1 18 5 0
244 472 1 1 86 4 0
245 390 4 9 33 3 0
245 659 3 1 55 3 0
245 486 1 1 25 3 0
245 961 4 8 41 4 0
245 829 4 2 85 4 0
247 110 2 6 89 3 0
247 721 3 8 12 5 0
247 888 4 6 66 5 0
247 150 3 7 80 5 0
247 152 4 6 47 3 0
248 1122 2 4 51 5 0
248 735 1 8 82 3 0
248 1062 2 5 56 4 0
248 1162 1 6 26 5 0
250 244 4 7 92 4 0
250 825 4 2 27 3 0
251 69 3 0 5 4 0
251 1174 0 3 10 4 0
251 669 0 2 65 4 0
252 416 2 0 61 5 0
252 1015 2 8 6 5 0
252 146 1 5 29 5 0
253 84 2 2 93 5 0
254 445 0 7 11 3 0
254 935 4 4 85 4 0
255 629 4 1 31 4 0
255 541 1 1 54 4 0
255 78 0 1 65 4 0
255 661 3 5 55 3 0
255 1022 3 9 17 3 0
256 474 0 8 57 3 0
256 325 4 7 30 3 0
256 148 3 1 97 3 0
257 215 1 2 78 5 0
257 87 2 1 29 5 0
258 1085 2 6 72 4 0
258 852 3 7 10 4 0
259 1117 4 9 15 3 0
259 260 3 0 36 5 0
260 849 4 7 92 5 0
260 117 4 3 31 3 0
261 177 3 9 31 4 0
262 700 4 8 23 3 0
262 836 0 9 99 4 0
263 543 3 1 61 3 0
263 490 2 3 61 3 0
264 624 4 3 4 4 0
264 429 4 1 61 4 0
265 961 0 3 39 3 0
266 238 0 0 78 4 0
267 809 1 9 29 5 0
267 998 4 9 71 3 0
267 1019 0 6 19 3 0
267 892 0 0 35 4 0
268 975 3 5 19 4 0
269 363 2 2 94 5 0
269 947 1 5 56 4 0
269 1195 0 3 24 3 0
269 105 1 0 52 4 0
270 263 3 8 94 5 0
270 587 4 7 54 5 0
270 408 2 8 76 3 0
270 795 1 3 12 3 0
270 173 2 2 1 5 0
270 1054 0 9 83 4 0
270 886 2 7 84 5 0
271 663 2 1 85 4 0
271 463 0 5 83 4 0
271 864 3 3 73 3 0
272 306 3 0 97 4 0
272 112 0 6 61 5 0
273 114 2 8 11 3 0
273 863 2 8 73 5 0
273 832 1 5 63 3 0
274 748 4 7 26 3 0
274 506 4 8 24 5 0
275 958 4 5 60 3 0
275 44 4 8 55 5 0
275 263 3 6 70 3 0
276 799 0 2 31 5 0
276 194 1 2 97 4 0
276 992 4 0 73 3 0
277 421 2 8 68 3 0
279 77 3 5 38 5 0
279 94 3 7 4 5 0
279 1007 3 9 23 3 0
279 884 3 1 30 4 0
280 287 4 3 22 3 0
280 678 2 6 89 3 0
280 810 2 8 77 3 0
280 511 3 3 70 5 0
281 584 4 0 76 5 0
282 740 3 7 100 4 0
283 759 1 8 12 3 0
283 1007 2 4 27 4 0
283 159 1 5 92 5 0
283 1197 0 7 96 3 0
284 22 4 8 95 5 0
285 779 3 4 41 3 0
285 493 1 5 33 3 0
285 860 4 0 51 3 0
286 323 0 3 94 5 0
286 407 3 1 95 3 0
286 854 4 4 25 4 0
286 465 1 2 97 3 0
287 209 1 2 11 3 0
287 356 0 6 91 3 0
289 523 3 9 54 3 0
289 291 2 5 17 3 0
289 1078 3 8 77 5 0
290 960 2 7 84 4 0
290 1179 4 1 88 3 0
291 415 3 8 64 5 0
291 505 1 1 99 3 0
291 599 1 5 49 3 0
292 337 0 5 59 4 0
292 263 0 1 82 4 0
293 621 1 1 61 5 0
293 147 4 0 47 5 0
294 1041 4 6 66 3 0
294 942 0 8 94 4 0
294 163 4 3 69 4 0
295 1037 2 6 18 5 0
295 615 2 9 38 3 0
296 830 4 0 84 3 0
296 845 2 4 69 5 0
297 479 1 8 25 3 0
297 1087 2 8 26 3 0
298 883 2 7 99 4 0
299 889 0 7 2 5 0
299 1156 0 9 23 5 0
299 809 3 9 1 4 0
299 831 0 2 28 4 0
299 935 4 4 78 3 0
300 120 2 7 1 4 0
300 3 4 0 3 3 0
301 180 1 4 100 3 0
301 575 2 5 12 5 0
301 859 2 9 31 4 0
301 962 4 1 61 4 0
301 851 3 5 24 3 0
302 46 4 4 29 4 0
302 1198 2 8 31 3 0
303 1165 4 4 3 4 0
303 1034 4 8 29 5 0
304 1199 2 2 87 3 0
305 635 0 3 14 5 0
305 1199 4 6 26 4 0
306 242 0 9 60 3 0
307 180 4 5 61 4 0
307 962 2 9 4 5 0
309 157 2 4 74 4 0
309 942 1 6 29 4 0
309 860 1 7 61 4 0
310 398 1 0 48 3 0
310 793 0 3 62 3 0
310 472 4 6 35 3 0
310 775 4 0 9 5 0
310 956 4 1 84 4 0
311 770 3 6 37 4 0
312 718 2 0 69 3 0
312 182 2 0 49 4 0
313 704 4 4 6 4 0
314 569 3 4 59 4 0
315 1173 3 2 63 5 0
315 803 2 5 15 5 0
315 89 0 1 22 3 0
315 693 2 9 35 5 0
315 205 0 0 16 3 0
315 1110 1 2 72 4 0
316 444 4 6 14 3 0
317 1084 2 6 50 5 0
317 1177 3 2 18 3 0
318 1163 1 3 93 5 0
318 1022 3 0 44 4 0
318 936 4 8 44 4 0
318 229 0 0 23 4 0
319 1059 4 1 92 5 0
319 392 4 2 16 4 0
320 747 1 1 73 5 0
321 285 1 3 39 4 0
321 1 0 0 72 4 0
321 356 3 8 20 4 0
322 815 4 9 81 3 0
322 935 4 3 75 4 0
322 449 0 1 63 3 0
322 447 3 6 30 3 0
323 388 1 0 97 3 0
323 246 2 7 89 3 0
323 11 3 3 75 4 0
324 69 2 1 88 5 0
324 826 2 2 76 5 0
325 962 3 5 69 3 0
326 586 4 9 63 3 0
327 685 3 7 57 5 0
327 904 2 8 35 5 0
327 128 3 0 69 4 0
328 399 1 4 70 3 0
328 1161 2 6 43 3 0
328 1024 4 9 78 4 0
329 1052 3 6 13 3 0
330 593 0 3 52 5 0
330 1020 4 0 82 3 0
331 4 2 0 5 3 0
332 1130 0 6 59 3 0
332 72 0 1 18 5 0
332 1168 2 3 52 5 0
332 528 1 7 82 3 0
333 854 1 4 63 5 0
333 807 4 7 53 5 0
334 243 2 5 2 5 0
334 429 2 2 40 5 0
334 380 1 2 1 3 0
335 543 1 9 48 3 0
336 298 3 5 3 3 0
336 1044 1 9 16 3 0
336 566 3 3 61 4 0
338 602 3 9 50 3 0
338 588 1 6 88 5 0
338 307 1 2 27 4 0
338 1093 0 6 66 3 0
338 134 0 2 41 4 0
338 890 3 3 99 5 0
339 60 2 2 89 3 0
339 407 0 2 8 4 0
339 796 0 5 77 3 0
340 470 1 9 83 5 0
340 131 3 2 8 3 0
341 770 3 0 50 5 0
341 1136 3 7 36 5 0
342 964 3 6 27 4 0
342 570 2 1 34 3 0
342 285 3 9 87 4 0
342 469 2 2 12 5 0
342 595 2 4 5 4 0
342 79 2 2 24 5 0
342 373 4 1 94 4 0
342 541 1 0 15 4 0
343 918 4 6 29 5 0
343 280 0 4 4 5 0
344 548 0 0 6 4 0
344 265 4 6 72 5 0
344 823 0 6 16 5 0
344 398 4 6 70 4 0
344 2 4 0 33 3 0
345 872 3 8 4 3 0
345 1104 4 3 42 3 0
345 543 3 0 65 3 0
345 967 1 6 43 5 0
346 568 2 7 44 4 0
346 454 3 5 6 3 0
347 614 4 3 57 4 0
347 513 0 5 2 4 0
348 256 1 9 99 5 0
348 44 3 9 97 4 0
348 886 1 2 100 4 0
348 57 0 8 95 4 0
349 555 0 4 30 3 0
349 960 1 3 10 5 0
349 858 2 2 8 5 0
350 846 2 1 15 3 0
350 423 1 0 66 3 0
351 859 0 5 84 3 0
351 568 0 9 23 5 0
351 820 2 1 78 5 0
352 711 0 8 88 4 0
352 1000 2 9 56 4 0
352 1144 3 7 86 5 0
353 379 0 5 10 3 0
353 49 0 1 87 5 0
353 1076 1 5 83 4 0
354 543 2 8 68 5 0
354 834 1 7 77 3 0
354 78 4 6 79 3 0
356 893 1 0 19 4 0
356 94 2 7 1 3 0
357 429 4 2 37 5 0
357 830 2 2 92 5 0
357 476 2 5 16 4 0
358 721 2 6 45 4 0
359 550 1 0 56 4 0
359 585 3 1 11 3 0
359 604 3 2 37 4 0
359 1092 3 8 29 4 0
359 383 3 1 91 5 0
360 182 2 5 64 3 0
360 195 1 4 88 3 0
361 448 0 5 58 3 0
361 193 2 5 9 3 0
362 715 1 3 40 5 0
362 250 1 9 64 3 0
364 1073 0 1 94 3 0
364 974 1 4 3 3 0
364 933 3 8 20 3 0
365 1033 1 9 77 4 0
365 348 1 4 12 3 0
365 58 1 0 87 5 0
366 424 0 8 19 3 0
366 479 1 0 79 3 0
366 954 3 5 12 5 0
367 575 4 5 36 5 0
368 101 0 3 87 5 0
368 815 3 8 54 3 0
368 747 1 5 37 4 0
369 458 3 0 69 4 0
369 57 2 3 61 4 0
369 70 1 5 79 5 0
369 369 0 4 2 5 0
370 852 1 3 23 3 0
370 879 2 4 11 5 0
370 1137 4 7 89 3 0
370 770 1 1 23 3 0
371 436 0 1 5 5 0
372 955 1 7 70 4 0
372 898 3 9 64 3 0
372 249 0 8 57 4 0
373 196 4 3 35 4 0
374 431 1 1 66 5 0
374 239 2 3 14 3 0
375 116 3 4 42 3 0
376 623 0 9 55 5 0
376 88 0 3 58 5 0
377 286 3 7 97 3 0
377 1108 1 6 24 3 0
377 589 3 1 33 5 0
378 192 4 0 91 3 0
379 772 1 7 2 5 0
379 963 4 8 98 5 0
379 1051 2 8 98 3 0
379 358 0 1 25 3 0
380 1145 1 7 81 3 0
381 536 0 1 16 5 0
383 359 4 0 84 4 0
383 731 0 8 34 3 0
383 647 3 6 39 4 0
384 676 2 2 30 4 0
384 809 2 9 75 4 0
385 714 0 6 87 5 0
385 379 4 9 99 3 0
386 180 3 9 46 4 0
386 640 4 0 22 5 0
386 1185 0 3 28 4 0
386 587 0 4 50 3 0
386 371 0 4 38 5 0
386 946 0 3 77 5 0
387 679 4 4 66 5 0
387 324 4 8 8 3 0
387 422 3 9 46 4 0
387 1189 0 0 24 4 0
387 276 2 6 90 5 0
388 818 4 6 9 5 0
388 159 2 8 75 3 0
388 831 2 1 48 5 0
389 1047 2 3 54 3 0
389 819 2 5 76 4 0
390 470 3 8 90 5 0
390 241 0 0 29 4 0
390 341 0 9 24 4 0
391 269 0 1 46 5 0
391 965 4 0 52 3 0
392 1185 1 7 4 5 0
393 633 1 3 73 4 0
393 288 0 6 91 4 0
393 899 1 4 5 4 0
394 452 2 7 95 3 0
395 328 0 6 88 5 0
395 426 2 1 24 3 0
396 1051 2 1 15 4 0
396 670 1 5 28 5 0
396 62 4 6 69 3 0
396 819 0 0 84 3 0
396 549 4 1 21 5 0
396 815 1 1 76 3 0
397 1146 3 6 29 3 0
397 608 0 5 71 5 0
397 404 3 8 75 3 0
398 497 3 5 86 4 0
398 1182 1 5 62 5 0
399 1061 2 2 36 3 0
399 428 4 4 35 5 0
399 636 1 6 64 3 0
401 1028 3 3 22 4 0
401 839 2 2 47 3 0
402 196 3 9 32 3 0
402 1106 1 9 86 3 0
403 948 3 7 85 3 0
404 140 2 8 83 4 0
404 1119 4 7 53 4 0
405 389 2 9 54 3 0
405 734 2 7 74 3 0
405 547 4 8 60 3 0
406 490 3 8 1 4 0
406 172 2 7 72 5 0
406 265 4 8 91 4 0
407 5 4 6 56 5 0
407 717 3 1 43 3 0
408 268 3 7 7 3 0
408 5 2 9 86 5 0
409 902 2 6 69 5 0
409 431 2 6 60 5 0
410 689 3 8 65 3 0
410 466 0 3 31 5 0
411 478 4 1 55 3 0
411 808 3 6 35 3 0
412 962 1 9 31 3 0
413 1057 2 2 62 4 0
413 526 3 8 84 3 0
414 594 2 0 81 3 0
414 1101 1 7 78 3 0
415 661 3 9 28 5 0
415 497 3 8 24 4 0
415 674 4 7 33 4 0
415 846 0 6 15 4 0
415 525 1 2 2 4 0
416 666 1 1 78 3 0
416 810 0 4 70 5 0
419 1133 3 7 31 4 0
419 55 3 8 18 4 0
419 180 4 9 67 5 0
419 481 3 9 35 5 0
420 404 0 9 6 3 0
423 970 4 1 99 5 0
423 1006 2 2 83 4 0
423 797 4 6 66 4 0
423 344 2 8 9 5 0
424 314 1 9 6 4 0
425 636 4 4 22 4 0
425 41 3 3 95 4 0
427 567 3 6 42 4 0
427 1023 4 8 34 5 0
428 41 4 2 37 5 0
428 117 2 2 11 3 0
428 562 2 1 7 5 0
428 666 1 3 87 3 0
428 583 4 3 22 4 0
428 323 0 1 35 4 0
428 750 1 4 24 5 0
429 724 0 0 40 5 0
430 1133 2 5 74 3 0
430 311 2 9 89 4 0
430 84 1 8 78 3 0
430 470 1 7 64 4 0
430 954 4 9 1 3 0
431 51 2 2 35 5 0
431 491 3 4 42 3 0
431 614 3 6 81 5 0
432 624 3 0 76 3 0
432 722 0 6 16 5 0
432 190 2 2 6 4 0
432 1041 0 5 54 4 0
433 947 4 2 63 3 0
433 471 2 3 11 4 0
433 501 4 2 56 3 0
434 506 0 5 36 3 0
434 1045 1 6 72 5 0
434 426 1 2 55 5 0
435 655 3 5 25 4 0
436 542 0 6 46 4 0
436 1136 2 4 84 5 0
436 290 2 0 61 3 0
437 143 1 2 9 5 0
437 9 2 6 41 3 0
437 913 0 6 13 3 0
438 325 4 7 18 5 0
438 462 0 3 30 4 0
438 207 0 3 75 5 0
438 1083 0 5 86 5 0
439 744 1 1 5 4 0
439 1010 2 8 39 3 0
440 1017 2 4 82 3 0
441 318 2 5 9 3 0
441 157 3 0 74 4 0
441 635 2 6 13 4 0
442 767 3 6 17 3 0
442 73 3 2 59 3 0
442 442 2 5 83 3 0
442 801 4 4 4 5 0
442 965 4 9 3 4 0
443 80 3 1 87 3 0
443 344 3 5 29 4 0
444 104 3 1 81 5 0
444 127 3 9 6 4 0
444 69 2 8 59 4 0
445 496 1 2 64 4 0
445 230 1 5 1 3 0
446 284 4 5 47 4 0
446 641 2 5 11 4 0
447 664 0 6 88 5 0
447 314 3 9 53 3 0
447 371 3 9 34 3 0
448 1039 3 6 71 4 0
448 1133 1 1 22 3 0
448 1158 4 3 44 4 0
448 719 2 3 16 5 0
448 1012 1 6 70 5 0
449 732 0 8 38 5 0
449 194 0 6 89 4 0
450 257 0 6 49 5 0
450 194 0 1 91 3 0
450 1165 2 8 27 3 0
451 1167 0 7 42 3 0
451 1100 2 1 25 3 0
451 622 1 1 71 3 0
452 1100 1 3 92 5 0
452 674 2 1 21 5 0
453 160 4 5 43 5 0
453 991 0 3 84 4 0
453 177 3 5 29 4 0
454 345 4 7 64 5 0
454 1183 3 5 17 4 0
454 316 2 6 89 4 0
454 1182 4 1 76 3 0
455 831 2 0 90 3 0
456 943 2 6 59 3 0
457 115 0 3 61 4 0
457 834 2 2 9 5 0
458 207 2 8 15 4 0
458 482 0 2 31 4 0
459 33 4 1 78 4 0
460 807 2 7 84 5 0
460 72 0 4 90 5 0
460 575 4 4 72 3 0
461 679 1 0 88 5 0
462 255 4 9 80 4 0
462 95 4 6 95 3 0
463 214 3 4 69 4 0
464 320 0 2 63 3 0
464 471 4 2 10 4 0
464 92 0 3 81 3 0
464 317 3 6 1 3 0
465 32 4 1 44 4 0
465 415 4 5 58 4 0
465 906 1 0 89 5 0
465 863 1 1 22 5 0
466 414 3 2 30 5 0
466 1022 2 8 29 3 0
466 374 4 6 36 4 0
467 26 3 7 61 5 0
467 1069 2 0 92 3 0
468 316 2 4 85 4 0
468 887 4 9 94 3 0
468 551 1 9 72 4 0
469 315 3 2 68 3 0
469 620 2 3 20 5 0
470 349 3 3 50 5 0
470 395 3 6 91 4 0
471 837 3 8 99 3 0
471 563 4 6 78 3 0
472 636 0 1 65 3 0
472 713 1 2 48 4 0
473 469 1 9 50 4 0
473 599 0 7 38 3 0
473 492 3 3 73 5 0
473 756 1 4 26 4 0
473 990 1 3 25 5 0
473 525 2 4 60 5 0
474 604 4 9 30 5 0
474 971 0 0 12 3 0
475 422 4 1 63 3 0
475 183 4 3 16 4 0
475 558 1 3 56 3 0
476 1080 4 5 12 4 0
477 29 2 5 8 3 0
477 805 0 3 65 5 0
477 867 2 7 89 4 0
478 476 4 0 77 5 0
478 358 3 4 85 3 0
478 583 2 1 79 5 0
479 1099 2 7 83 3 0
479 510 0 9 92 5 0
479 701 3 5 35 4 0
479 163 0 0 48 5 0
479 408 3 8 8 3 0
480 1198 1 3 63 5 0
480 1012 4 6 84 5 0
481 884 0 3 5 5 0
481 873 2 3 60 4 0
482 399 1 9 25 5 0
482 968 3 1 26 4 0
483 917 3 4 98 4 0
485 648 0 4 75 5 0
485 711 2 8 97 5 0
487 635 0 3 29 4 0
488 1188 3 5 95 4 0
488 231 4 0 7 5 0
488 224 4 4 44 3 0
488 384 1 0 20 5 0
488 981 0 6 28 3 0
489 555 0 8 96 4 0
489 1178 4 2 65 3 0
489 313 3 6 50 3 0
489 563 0 0 34 5 0
489 62 3 8 55 5 0
490 906 3 3 27 5 0
490 593 2 6 16 3 0
491 114 2 9 29 4 0
491 1153 1 8 55 3 0
492 184 1 8 28 3 0
492 327 4 4 48 4 0
493 155 1 0 33 5 0
493 390 0 4 50 4 0
493 255 3 0 9 5 0
494 1167 0 2 60 5 0
494 1193 0 9 63 4 0
494 316 1 2 100 5 0
495 93 1 8 9 5 0
495 609 4 1 31 4 0
495 785 3 5 10 3 0
496 319 1 8 38 3 0
496 21 3 0 12 4 0
498 419 3 0 68 5 0
499 367 1 9 7 3 0
499 677 1 7 22 3 0
500 733 4 2 56 5 0
500 334 4 1 44 5 0
501 423 1 8 78 5 0
501 386 2 3 19 4 0
501 693 0 2 61 3 0
502 720 2 2 21 5 0
502 509 1 0 41 4 0
502 253 3 4 41 3 0
503 729 3 6 15 4 0
503 14 2 2 67 3 0
503 105 0 0 62 5 0
503 368 2 5 30 3 0
504 990 0 9 45 4 0
504 291 1 5 58 4 0
504 386 2 5 95 4 0
504 24 1 1 61 5 0
505 362 0 9 46 3 0
505 872 3 5 36 4 0
505 975 4 5 4 4 0
506 822 0 2 8 5 0
506 581 1 8 70 4 0
507 214 0 5 40 4 0
507 995 4 8 40 5 0
507 740 3 0 38 3 0
507 687 1 6 97 3 0
507 719 4 1 79 3 0
508 56 0 4 85 4 0
508 518 3 5 74 4 0
509 616 1 3 95 3 0
510 259 0 0 84 4 0
510 741 2 6 50 3 0
510 420 4 6 38 5 0
511 403 2 7 90 3 0
511 452 4 7 45 3 0
512 238 2 8 79 4 0
513 841 1 3 94 4 0
513 161 0 8 54 4 0
513 49 0 2 20 4 0
513 463 2 7 43 5 0
514 458 3 9 13 4 0
514 374 2 9 29 3 0
514 856 1 6 74 5 0
514 595 0 3 54 5 0
515 1073 4 3 20 4 0
516 892 4 2 49 4 0
516 944 1 9 90 4 0
516 493 2 5 20 5 0
516 163 0 4 17 5 0
517 721 1 7 41 3 0
517 796 2 7 75 4 0
517 1194 4 2 13 5 0
518 471 3 9 91 5 0
518 777 0 5 12 3 0
519 898 2 7 10 3 0
519 987 1 5 74 4 0
519 25 1 9 58 3 0
519 654 2 1 17 4 0
519 732 1 7 36 3 0
520 980 4 2 2 5 0
522 598 3 3 55 5 0
522 1017 1 8 20 4 0
522 922 3 8 60 4 0
522 664 2 1 24 5 0
523 223 4 3 29 4 0
524 172 0 3 80 3 0
524 545 2 1 15 5 0
524 533 3 4 3 3 0
524 978 3 1 60 5 0
525 453 2 3 58 3 0
525 1131 1 4 17 5 0
526 774 0 8 49 5 0
526 1045 1 7 93 5 0
527 430 3 0 22 5 0
527 565 4 6 49 4 0
528 368 2 9 69 4 0
528 965 0 6 58 5 0
528 705 4 1 60 4 0
528 1073 1 3 15 3 0
528 993 4 2 88 5 0
529 1034 2 0 78 3 0
529 715 4 6 53 3 0
530 902 2 7 88 5 0
530 749 1 3 67 3 0
530 38 2 7 2 5 0
531 429 1 9 19 5 0
532 149 3 0 2 4 0
532 196 4 3 4 4 0
533 684 1 3 74 4 0
533 381 4 2 43 4 0
533 1139 4 0 17 5 0
534 452 2 6 50 4 0
534 30 0 5 35 4 0
534 133 4 6 83 4 0
534 1033 1 9 18 3 0
534 320 4 6 8 4 0
534 321 4 1 14 5 0
535 470 2 9 13 3 0
536 159 2 3 25 3 0
536 334 1 3 12 4 0
537 71 0 8 14 5 0
537 127 1 0 71 4 0
537 176 1 9 13 5 0
538 215 1 0 15 4 0
538 969 3 5 77 4 0
539 313 1 1 95 4 0
539 897 0 6 38 3 0
540 907 0 4 83 5 0
540 806 2 5 75 5 0
541 283 3 0 1 3 0
541 10 2 6 52 5 0
542 540 2 8 92 5 0
542 603 3 2 87 5 0
542 499 1 0 59 5 0
542 640 4 2 88 4 0
543 15 1 3 49 3 0
543 178 1 0 68 5 0
543 136 2 6 61 3 0
544 33 0 1 10 3 0
544 762 1 1 63 3 0
546 282 2 0 93 3 0
547 658 0 9 44 4 0
547 526 2 3 27 3 0
547 451 1 6 81 5 0
548 930 3 8 27 4 0
548 103 2 6 14 4 0
548 261 4 8 53 5 0
549 585 0 6 26 4 0
549 528 3 4 57 5 0
549 1049 3 3 50 5 0
549 729 4 7 26 4 0
550 1022 4 2 3 4 0
550 403 1 9 79 5 0
551 1079 0 8 4 4 0
551 166 0 7 38 5 0
551 830 3 1 71 3 0
551 175 0 2 21 4 0
552 309 2 6 92 5 0
552 1114 3 3 93 5 0
552 514 4 2 70 3 0
553 612 4 7 6 4 0
553 35 2 4 73 3 0
553 81 4 4 78 4 0
554 132 0 6 71 5 0
555 669 1 4 10 4 0
555 171 3 5 48 4 0
556 403 2 4 2 4 0
556 510 3 1 55 4 0
556 1126 4 7 49 3 0
557 842 1 6 53 5 0
557 821 3 2 69 4 0
558 816 2 0 32 4 0
558 123 4 6 24 3 0
558 365 2 6 17 4 0
558 712 0 2 67 3 0
559 224 4 9 61 5 0
559 40 0 6 41 4 0
559 406 2 5 16 3 0
559 76 2 7 85 5 0
559 125 2 9 40 3 0
560 197 4 2 67 3 0
561 249 2 8 43 5 0
561 834 2 2 32 4 0
561 1059 4 6 24 4 0
561 151 1 3 74 3 0
562 647 4 7 42 4 0
562 517 1 9 14 3 0
562 436 3 0 18 3 0
562 335 2 7 16 4 0
563 97 2 3 90 3 0
564 1151 3 0 85 4 0
564 1060 1 8 4 4 0
564 33 2 3 27 5 0
564 310 2 6 22 4 0
565 790 1 8 82 3 0
565 797 1 2 41 5 0
565 991 0 1 10 3 0
565 81 2 0 4 4 0
565 73 0 0 66 5 0
566 609 1 0 63 4 0
566 897 1 2 78 3 0
566 1000 1 2 85 4 0
566 962 1 2 75 3 0
567 594 3 8 82 4 0
567 907 1 5 88 5 0
568 618 0 2 82 3 0
568 277 1 6 31 3 0
569 613 0 8 7 3 0
569 837 4 7 59 5 0
570 430 1 2 37 3 0
570 1142 4 1 22 3 0
570 391 0 9 65 4 0
570 620 1 8 27 5 0
571 851 0 6 76 3 0
571 1023 1 4 95 4 0
572 1145 3 0 59 5 0
572 1075 3 7 71 3 0
573 135 2 6 99 3 0
573 784 0 8 4 3 0
575 330 2 9 30 4 0
575 1152 0 1 14 4 0
575 6 3 7 72 3 0
575 43 1 3 48 5 0
576 487 4 1 9 5 0
576 108 1 6 99 4 0
576 57 3 6 63 3 0
577 39 0 2 23 5 0
577 254 1 7 66 5 0
577 862 4 1 95 4 0
578 228 4 2 12 3 0
578 98 4 3 24 5 0
578 593 0 5 38 3 0
579 1114 2 1 89 5 0
579 255 4 2 47 5 0
579 65 4 5 59 4 0
579 266 3 8 5 4 0
579 668 4 0 69 5 0
580 195 4 0 93 5 0
582 834 2 1 29 3 0
582 218 2 9 54 3 0
582 87 4 9 70 5 0
583 912 2 7 25 3 0
583 77 1 6 84 5 0
583 648 2 3 49 5 0
583 320 3 5 59 3 0
584 821 0 8 97 4 0
584 597 0 0 72 4 0
585 303 2 5 72 4 0
585 1085 0 0 89 3 0
586 1031 0 5 37 4 0
586 615 3 0 73 5 0
586 824 0 9 76 3 0
586 669 2 9 9 5 0
587 1051 0 2 6 3 0
587 133 3 1 56 3 0
587 37 0 6 32 4 0
587 1086 4 0 63 5 0
587 626 1 1 38 5 0
587 808 1 9 79 4 0
587 946 1 5 88 5 0
587 379 4 9 20 4 0
587 254 4 5 53 5 0
588 284 3 9 5 3 0
588 34 2 9 9 5 0
588 331 0 0 66 5 0
588 510 4 8 5 4 0
589 115 4 8 24 5 0
590 140 2 1 16 5 0
590 445 0 4 51 5 0
590 401 4 7 30 5 0
590 245 3 4 40 4 0
590 757 1 9 73 3 0
591 411 2 9 23 5 0
591 81 4 7 43 5 0
592 388 0 0 54 3 0
592 909 4 9 12 5 0
592 262 4 9 85 3 0
593 506 4 0 96 3 0
594 1003 2 5 74 5 0
594 668 0 5 76 4 0
594 840 0 6 33 5 0
595 189 0 2 11 3 0
595 428 3 2 44 5 0
595 440 2 4 17 5 0
596 155 2 4 33 4 0
597 53 2 8 94 5 0
598 792 2 1 94 5 0
598 221 2 1 48 5 0
598 531 4 3 98 5 0
598 1108 3 6 1 4 0
601 583 1 9 44 4 0
601 298 4 4 16 4 0
601 835 2 3 71 4 0
602 738 4 7 35 4 0
602 195 4 4 26 3 0
603 550 0 1 67 5 0
603 743 3 7 69 4 0
603 1161 1 8 41 3 0
604 752 3 3 14 3 0
604 575 0 4 67 3 0
604 1163 3 0 42 3 0
605 543 1 0 4 5 0
605 1092 3 5 85 3 0
605 27 3 7 85 5 0
607 296 1 2 81 3 0
607 754 1 3 29 4 0
607 695 1 7 31 5 0
608 935 1 0 57 5 0
608 41 4 1 28 3 0
609 614 4 4 7 4 0
609 714 0 3 47 3 0
609 508 1 9 43 3 0
609 506 3 9 28 5 0
609 667 1 0 68 4 0
611 676 3 1 83 3 0
611 119 4 6 4 4 0
611 914 1 4 3 3 0
612 584 1 3 80 3 0
612 1167 4 9 5 5 0
614 432 3 3 51 5 0
614 1090 0 7 75 5 0
614 69 1 9 67 3 0
615 829 2 0 8 4 0
616 980 3 0 30 4 0
616 1168 3 1 8 3 0
616 871 4 3 70 3 0
617 174 3 5 11 3 0
617 1119 1 7 58 3 0
617 600 2 0 5 3 0
617 74 1 4 17 5 0
618 412 1 5 93 5 0
618 70 1 2 21 3 0
618 1150 0 6 62 5 0
619 580 0 1 29 4 0
619 600 4 9 33 5 0
619 914 3 5 62 3 0
619 964 1 5 43 4 0
620 822 2 2 6 5 0
620 1170 1 9 5 4 0
621 451 0 7 37 4 0
621 289 0 3 49 4 0
623 790 3 3 80 4 0
624 642 1 9 41 5 0
625 999 3 4 22 5 0
625 915 0 7 85 3 0
625 50 4 3 13 3 0
625 70 0 0 13 3 0
625 296 1 4 24 4 0
625 1041 0 8 22 4 0
626 36 0 6 73 4 0
626 743 4 4 91 4 0
626 457 1 8 53 5 0
626 941 0 5 28 3 0
626 837 1 0 11 3 0
628 329 2 1 46 4 0
630 562 0 0 39 3 0
630 1003 1 6 19 3 0
630 514 0 5 42 4 0
631 1042 2 5 28 4 0
631 1180 4 7 13 3 0
632 943 0 3 62 4 0
632 1055 3 8 56 4 0
633 790 0 8 12 3 0
633 1155 1 9 30 5 0
633 861 1 3 11 5 0
634 638 0 2 68 4 0
635 693 1 4 31 5 0
635 682 0 5 66 4 0
635 883 0 4 99 4 0
636 565 1 9 68 4 0
636 1055 3 3 29 4 0
636 1172 0 5 92 3 0
636 147 2 3 60 3 0
637 494 0 7 57 4 0
637 404 1 3 46 3 0
637 1197 4 9 34 4 0
639 576 3 0 56 3 0
639 674 3 8 22 4 0
639 13 3 4 92 3 0
640 671 2 7 15 5 0
640 551 2 6 77 3 0
640 810 4 7 47 5 0
641 469 2 2 84 3 0
641 251 3 4 16 4 0
642 914 0 7 96 5 0
642 226 0 3 91 3 0
643 733 4 3 37 5 0
644 800 1 6 58 5 0
644 638 0 2 13 4 0
645 233 4 0 24 5 0
645 194 0 1 71 5 0
645 386 4 8 92 4 0
645 106 2 6 11 3 0
645 113 0 1 54 5 0
646 216 4 8 59 3 0
646 1057 4 1 58 4 0
647 20 3 1 36 5 0
647 572 2 9 90 5 0
647 551 2 5 95 5 0
647 401 4 5 44 3 0
647 171 1 9 70 5 0
648 447 0 1 58 3 0
648 22 4 1 84 4 0
649 729 1 0 71 4 0
649 485 3 9 55 4 0
649 248 1 3 47 3 0
649 455 2 1 19 4 0
649 237 0 9 93 4 0
651 852 3 5 33 5 0
651 385 2 6 73 5 0
651 1080 0 7 86 3 0
651 908 1 0 32 5 0
652 615 1 6 32 3 0
652 647 2 3 62 3 0
652 964 1 2 36 3 0
652 839 0 0 73 4 0
652 1188 2 3 8 4 0
652 1165 3 6 22 3 0
653 642 2 5 5 5 0
653 268 2 0 49 4 0
653 346 4 5 98 4 0
654 289 0 2 86 3 0
654 1074 0 2 97 3 0
654 341 0 3 51 3 0
654 316 2 1 37 5 0
655 724 3 9 61 3 0
656 937 1 5 98 5 0
656 109 3 4 4 5 0
657 1174 1 6 91 5 0
657 585 1 7 64 5 0
657 610 1 8 82 4 0
657 964 0 0 18 4 0
658 1182 1 4 66 3 0
658 82 4 8 26 3 0
658 676 0 8 62 4 0
658 1148 4 6 28 3 0
659 43 2 7 44 3 0
659 262 2 7 29 4 0
659 453 2 7 55 5 0
660 603 0 1 31 5 0
660 921 2 0 51 4 0
660 864 4 3 76 3 0
661 668 3 4 28 3 0
661 877 3 9 1 5 0
662 347 3 8 87 4 0
663 963 0 4 4 4 0
664 845 4 1 81 3 0
664 138 4 4 7 4 0
664 489 0 1 5 3 0
665 801 4 3 64 3 0
665 424 0 8 8 3 0
665 194 1 4 95 3 0
665 795 0 1 87 5 0
665 706 0 7 13 5 0
665 871 1 3 8 3 0
666 365 3 2 12 5 0
666 1049 3 7 6 5 0
666 1174 0 3 10 3 0
667 61 4 2 13 5 0
667 94 2 6 24 3 0
668 1031 1 7 75 4 0
668 196 0 8 49 3 0
668 797 4 2 41 4 0
668 31 2 2 98 3 0
669 988 2 2 66 4 0
670 144 2 4 81 4 0
670 432 4 7 69 4 0
670 397 4 3 14 3 0
670 494 1 3 39 5 0
670 759 4 9 7 4 0
671 958 4 4 37 3 0
671 560 0 0 95 3 0
671 751 1 1 54 4 0
672 5 4 9 77 4 0
672 570 2 1 14 5 0
673 225 0 1 34 5 0
673 373 0 3 48 3 0
673 327 2 6 23 3 0
674 290 2 8 9 5 0
674 947 1 2 31 5 0
674 803 3 5 57 3 0
674 719 4 6 12 4 0
674 965 1 0 33 4 0
674 470 0 5 56 5 0
674 1012 3 3 95 4 0
674 915 1 1 9 3 0
676 7 3 9 48 4 0
676 830 1 5 4 3 0
676 936 3 9 92 4 0
678 1190 1 7 24 4 0
678 733 4 1 82 3 0
678 583 2 4 13 5 0
678 1078 0 4 60 3 0
678 772 3 0 10 3 0
678 47 4 0 30 3 0
679 559 4 7 42 5 0
679 20 4 8 89 4 0
679 497 0 8 74 5 0
680 755 3 6 4 3 0
680 531 4 1 42 4 0
680 267 2 3 52 3 0
681 461 0 8 82 3 0
681 847 3 8 73 5 0
681 1004 0 5 33 4 0
682 912 1 4 6 4 0
682 377 3 4 80 4 0
682 387 2 5 83 5 0
683 767 1 2 73 4 0
683 482 4 4 42 4 0
683 368 4 3 88 5 0
684 384 4 1 90 3 0
685 1006 0 5 91 3 0
685 263 0 6 92 5 0
685 652 3 6 16 3 0
685 85 0 4 61 3 0
686 455 4 9 57 4 0
686 652 2 7 18 4 0
687 1068 2 5 77 3 0
687 779 1 2 66 4 0
687 642 4 9 5 3 0
688 254 4 0 9 3 0
688 1064 3 2 27 4 0
688 267 2 3 92 4 0
689 1198 3 1 64 3 0
690 504 0 4 68 5 0
690 653 2 4 87 3 0
691 942 3 4 80 4 0
693 1112 0 9 5 3 0
694 86 2 3 44 3 0
694 38 1 7 9 4 0
694 144 1 0 46 4 0
694 451 3 4 67 5 0
695 96 2 5 1 3 0
696 612 3 0 56 5 0
696 51 4 5 39 5 0
696 895 0 6 80 5 0
696 709 2 6 49 5 0
697 1142 1 6 5 4 0
697 458 2 2 77 4 0
697 964 1 3 13 3 0
698 872 1 8 20 4 0
699 724 1 7 26 4 0
699 986 2 6 29 5 0
699 175 2 3 91 4 0
701 316 1 2 95 4 0
701 219 2 9 74 5 0
702 405 0 4 73 5 0
702 1081 4 5 63 3 0
703 275 1 2 97 4 0
704 1188 3 1 95 3 0
704 510 4 2 31 3 0
704 926 4 8 36 3 0
705 94 1 2 95 3 0
705 672 2 5 9 4 0
706 612 4 2 60 4 0
706 875 1 8 6 5 0
706 837 0 0 78 4 0
706 259 1 5 84 4 0
706 297 2 1 57 3 0
707 397 2 9 35 4 0
707 1188 4 1 13 3 0
708 1014 3 6 76 3 0
708 591 2 5 23 5 0
708 378 4 2 96 3 0
709 308 3 4 18 3 0
709 675 2 9 17 3 0
709 931 0 1 33 4 0
709 878 1 0 7 5 0
710 927 3 8 90 4 0
710 211 4 9 61 4 0
710 993 1 5 58 3 0
710 1119 1 8 48 5 0
710 259 4 7 40 5 0
711 441 2 0 40 5 0
711 1143 3 8 90 4 0
711 793 0 9 85 5 0
712 1052 4 5 48 5 0
712 554 2 1 25 5 0
713 205 3 0 60 4 0
713 378 3 8 62 4 0
713 72 0 2 81 4 0
714 189 0 7 51 4 0
715 726 4 1 49 3 0
715 1104 4 4 100 5 0
715 902 4 2 61 3 0
715 244 1 0 28 5 0
717 735 1 7 82 4 0
717 911 3 1 72 5 0
717 873 2 4 30 3 0
718 1016 2 5 98 4 0
719 854 4 4 33 4 0
720 695 2 3 90 5 0
721 282 1 8 9 3 0
721 440 1 4 99 3 0
722 376 3 1 63 5 0
722 313 4 0 16 3 0
723 453 2 6 99 3 0
723 469 1 9 48 5 0
725 959 1 2 80 3 0
725 601 0 1 39 4 0
725 756 0 4 98 3 0
725 194 4 7 9 4 0
726 70 1 3 57 4 0
726 635 0 9 7 3 0
727 233 2 1 48 3 0
727 57 1 2 34 3 0
727 590 1 7 40 5 0
728 439 3 6 36 3 0
728 611 0 5 59 3 0
730 545 3 6 17 3 0
730 1068 0 9 87 5 0
730 173 3 1 59 5 0
731 409 4 1 11 4 0
731 301 2 2 64 3 0
732 794 0 3 77 5 0
732 68 4 0 81 3 0
733 1026 4 5 21 3 0
733 558 4 3 94 3 0
733 1101 2 8 41 5 0
733 385 4 6 37 5 0
735 610 3 5 12 4 0
735 883 0 6 43 4 0
735 210 0 5 89 5 0
735 329 1 6 8 5 0
735 320 0 3 39 5 0
736 1178 0 0 27 5 0
736 499 1 5 59 5 0
737 638 2 1 6 3 0
737 789 1 6 7 5 0
737 271 1 0 99 5 0
737 128 1 1 95 5 0
737 853 2 1 40 4 0
739 419 1 6 58 5 0
740 876 2 7 42 4 0
740 268 0 1 41 3 0
740 369 3 3 59 3 0
740 505 2 6 8 4 0
741 8 3 8 76 5 0
743 93 4 1 11 5 0
743 1045 4 8 59 4 0
743 88 0 2 40 4 0
745 408 1 4 67 3 0
745 321 3 9 85 5 0
745 450 4 6 50 3 0
746 578 0 3 4 4 0
746 158 1 5 53 4 0
746 279 3 5 37 5 0
747 775 2 3 31 5 0
749 956 0 4 35 4 0
750 1057 4 7 49 3 0
750 276 2 4 95 4 0
750 198 3 8 75 3 0
751 454 3 9 50 4 0
751 128 0 5 81 3 0
752 554 4 2 33 5 0
752 353 3 8 32 5 0
752 918 4 1 18 4 0
753 671 4 6 33 4 0
753 676 4 0 59 3 0
754 261 4 8 77 3 0
754 316 3 6 86 5 0
755 1015 2 6 12 3 0
756 528 4 2 85 5 0
756 591 1 6 73 4 0
756 281 2 8 46 3 0
757 875 2 1 78 5 0
757 7 3 3 77 5 0
757 771 2 6 61 3 0
757 1007 1 2 79 3 0
758 961 3 6 95 4 0
758 261 0 7 92 5 0
758 486 4 2 88 5 0
758 1006 1 1 6 4 0
759 263 1 7 1 3 0
760 41 0 0 36 4 0
762 260 3 9 64 5 0
762 549 0 5 30 3 0
763 225 1 5 9 4 0
763 347 4 7 62 4 0
765 1018 2 5 26 3 0
766 646 4 3 37 5 0
766 838 3 7 77 4 0
766 210 3 7 100 5 0
766 1161 4 3 8 3 0
766 1102 4 3 14 4 0
767 1175 3 1 97 5 0
767 441 0 2 4 3 0
767 677 1 5 74 5 0
768 583 0 6 62 4 0
768 981 2 1 89 5 0
768 1150 2 5 8 3 0
768 510 4 2 63 4 0
769 73 3 7 65 3 0
769 612 2 7 7 3 0
769 434 3 8 82 3 0
770 533 2 1 21 3 0
770 644 1 7 43 5 0
770 1105 4 9 73 5 0
771 488 0 2 66 5 0
771 429 4 9 86 3 0
771 44 0 5 4 3 0
771 225 2 0 24 3 0
771 790 4 4 39 3 0
771 1059 2 8 74 3 0
771 583 4 6 9 3 0
771 260 3 4 32 5 0
771 661 0 7 2 5 0
772 905 2 2 25 3 0
772 681 4 9 96 5 0
772 982 4 7 28 5 0
772 909 1 8 55 4 0
772 860 1 0 5 4 0
773 370 2 0 50 5 0
773 468 2 9 83 5 0
774 759 2 2 41 4 0
775 316 3 4 90 4 0
775 216 4 4 48 3 0
776 893 3 1 45 4 0
777 480 1 8 19 3 0
777 979 4 2 25 5 0
777 591 0 9 4 3 0
777 291 0 0 25 4 0
777 437 1 9 90 5 0
777 1095 2 7 63 3 0
778 341 3 7 75 4 0
778 71 1 8 91 5 0
779 990 0 1 10 5 0
779 380 1 7 81 5 0
780 402 1 3 22 5 0
780 595 1 1 75 5 0
781 617 3 5 31 3 0
782 495 4 5 20 4 0
782 374 3 9 90 3 0
782 934 1 6 48 3 0
783 463 0 0 86 5 0
783 1028 2 3 86 5 0
784 939 0 1 72 4 0
784 570 1 0 76 5 0
785 389 2 2 34 3 0
786 445 3 0 54 5 0
786 540 2 9 79 3 0
788 308 4 2 32 5 0
788 428 0 6 56 5 0
789 738 0 4 20 5 0
789 971 0 3 33 4 0
789 915 0 5 14 4 0
789 152 2 7 30 3 0
789 219 4 0 54 5 0
790 95 4 8 48 4 0
790 1158 1 9 68 4 0
791 570 1 7 60 4 0
791 168 1 6 49 3 0
791 607 0 8 21 3 0
792 809 3 2 48 5 0
792 464 1 8 17 3 0
792 109 3 5 70 3 0
793 451 0 9 17 5 0
793 608 4 5 85 4 0
794 335 2 3 36 3 0
794 1107 0 9 75 4 0
794 240 4 3 1 3 0
795 539 2 1 23 4 0
796 163 4 8 47 4 0
796 350 3 8 4 3 0
796 65 2 1 51 4 0
797 230 1 3 87 5 0
797 476 0 2 89 3 0
797 1094 3 4 89 5 0
797 412 3 4 51 3 0
797 922 2 0 50 5 0
798 496 4 7 39 3 0
798 972 1 2 84 3 0
799 217 0 8 44 4 0
799 526 0 3 27 3 0
800 407 0 9 41 5 0
800 526 4 2 84 3 0
800 628 0 8 88 5 0
800 246 4 5 67 5 0
800 629 4 8 41 3 0
800 654 0 2 70 4 0
800 945 2 2 35 5 0
801 385 3 0 6 3 0
801 756 2 8 90 5 0
802 1198 1 4 53 5 0
803 752 3 1 70 4 0
804 1133 3 5 14 4 0
804 891 0 5 35 4 0
805 421 0 6 48 4 0
805 547 0 5 13 4 0
805 966 4 4 62 5 0
806 1138 0 6 31 3 0
806 583 1 6 13 4 0
806 331 4 5 12 4 0
807 159 2 1 93 4 0
807 588 0 8 42 4 0
807 1039 0 2 87 3 0
807 521 4 6 35 5 0
807 121 4 1 100 3 0
808 852 4 6 31 3 0
808 870 4 9 44 5 0
809 320 4 5 25 4 0
809 493 0 8 70 5 0
809 409 3 1 53 4 0
809 497 2 2 45 4 0
810 906 4 7 3 3 0
811 880 0 1 95 4 0
811 1084 3 4 11 5 0
811 715 2 7 25 4 0
811 39 1 7 29 5 0
812 893 4 5 23 3 0
812 519 2 4 86 4 0
812 200 2 7 97 3 0
812 329 0 0 8 5 0
813 235 0 7 22 5 0
814 102 0 8 10 5 0
814 1047 3 6 26 4 0
814 830 3 6 6 3 0
814 877 3 3 7 3 0
814 784 4 9 56 3 0
814 950 0 5 22 4 0
815 643 1 5 26 4 0
817 1106 4 0 1 5 0
817 609 2 9 28 3 0
817 642 0 0 61 5 0
818 826 1 2 62 5 0
818 325 0 1 32 4 0
819 463 1 1 56 3 0
819 722 1 7 52 4 0
820 320 1 3 75 3 0
821 1136 3 2 94 4 0
821 850 1 8 10 3 0
821 115 1 0 32 3 0
822 222 2 8 92 5 0
822 133 2 7 68 4 0
823 981 1 2 95 4 0
823 297 0 3 63 4 0
824 952 1 6 95 5 0
824 652 4 7 29 3 0
825 741 3 1 37 3 0
825 768 2 9 45 4 0
826 704 4 3 36 4 0
827 476 4 7 28 3 0
828 766 3 6 52 4 0
828 819 3 1 56 4 0
828 1158 3 2 87 5 0
829 654 2 5 77 4 0
829 775 0 4 47 4 0
829 480 1 4 71 3 0
829 433 0 4 35 4 0
830 739 3 3 60 4 0
830 82 4 9 95 5 0
830 907 2 1 67 3 0
831 825 1 6 23 4 0
832 41 4 8 67 3 0
833 512 4 1 82 5 0
833 832 1 6 95 5 0
834 1028 2 1 72 5 0
834 112 0 3 51 4 0
834 1115 1 2 52 3 0
834 267 2 2 30 5 0
835 471 0 5 13 3 0
835 296 3 5 91 3 0
835 75 1 4 67 3 0
836 466 1 8 26 4 0
836 307 1 9 93 4 0
836 1049 0 4 73 5 0
836 588 1 1 71 4 0
836 163 2 2 96 5 0
836 76 4 9 96 5 0
837 279 2 7 17 4 0
837 822 0 0 54 3 0
837 307 1 9 87 5 0
837 25 3 7 84 3 0
839 331 3 3 77 4 0
839 1161 3 2 7 3 0
839 13 2 5 64 4 0
840 771 2 4 30 5 0
841 484 3 2 71 4 0
841 418 4 9 50 3 0
841 263 4 5 90 5 0
842 307 4 0 61 5 0
842 511 2 9 84 3 0
842 279 2 9 66 3 0
842 676 0 0 88 4 0
845 101 1 7 25 4 0
846 619 2 4 71 3 0
847 586 1 0 6 4 0
847 1021 1 9 18 4 0
848 15 1 3 85 4 0
849 161 0 5 32 5 0
849 834 0 9 41 4 0
850 155 4 6 76 5 0
850 322 0 7 44 3 0
850 1049 2 7 22 3 0
852 1100 1 6 28 3 0
852 946 0 1 30 5 0
852 409 3 4 17 4 0
853 442 1 2 100 4 0
853 173 1 0 32 3 0
854 1153 4 5 26 3 0
854 856 3 8 54 3 0
855 131 3 5 53 3 0
855 1117 4 7 8 5 0
856 772 3 0 15 3 0
856 949 2 8 99 3 0
857 464 0 0 69 3 0
857 743 0 8 90 3 0
857 904 0 3 62 4 0
857 731 2 2 64 3 0
858 1012 3 9 26 5 0
858 973 4 3 27 3 0
858 344 3 6 55 3 0
858 282 0 0 20 4 0
858 699 1 4 10 4 0
859 815 1 7 49 3 0
860 537 0 0 61 5 0
861 145 4 7 1 4 0
862 263 4 0 78 4 0
863 85 3 1 22 4 0
863 1130 3 7 67 5 0
864 954 0 3 48 3 0
864 108 4 2 61 5 0
864 1105 3 6 8 3 0
865 773 0 9 96 4 0
865 999 4 0 15 3 0
865 108 4 2 36 5 0
865 311 1 8 88 3 0
866 41 3 7 95 3 0
867 796 1 3 48 5 0
867 497 3 0 86 4 0
867 412 1 4 23 3 0
868 55 3 3 13 3 0
868 400 3 6 98 5 0
868 7 0 4 89 4 0
869 643 4 7 85 5 0
869 990 2 4 37 3 0
869 118 3 5 57 3 0
870 258 3 3 14 4 0
870 372 2 9 93 4 0
870 90 0 0 98 5 0
870 958 3 8 40 3 0
870 437 0 0 63 3 0
870 355 3 1 41 4 0
871 1005 3 5 2 3 0
872 563 0 2 87 3 0
872 38 0 3 36 4 0
874 180 2 2 17 5 0
874 453 3 7 34 5 0
874 941 1 0 72 4 0
874 748 2 0 50 5 0
875 13 1 9 7 5 0
875 338 3 1 29 3 0
875 1189 4 5 62 4 0
876 691 1 3 6 4 0
876 818 4 6 67 3 0
877 108 2 7 23 5 0
877 748 4 7 90 4 0
877 548 2 8 47 5 0
877 972 0 0 79 5 0
878 736 2 2 56 3 0
878 586 2 2 29 3 0
878 729 3 5 91 4 0
879 212 3 4 7 5 0
880 189 2 6 83 4 0
880 1019 1 1 56 3 0
880 735 1 4 14 3 0
881 1179 0 1 74 4 0
881 922 2 3 62 4 0
882 548 3 4 37 4 0
882 915 3 1 27 4 0
883 1114 0 1 19 3 0
883 94 3 7 15 3 0
884 825 1 2 59 3 0
884 269 0 0 85 4 0
884 999 2 5 15 5 0
885 357 3 6 55 5 0
885 1062 2 4 10 4 0
886 527 0 4 79 4 0
886 884 2 8 34 3 0
887 356 0 1 61 5 0
887 831 1 0 18 5 0
887 526 0 7 72 3 0
888 25 1 5 20 3 0
888 418 1 2 33 5 0
888 1143 3 8 61 3 0
889 775 4 8 82 3 0
891 876 3 5 16 3 0
891 907 1 6 3 3 0
891 267 3 7 24 3 0
891 312 4 2 83 5 0
892 297 1 3 25 4 0
892 1157 4 1 84 5 0
892 319 1 1 51 4 0
892 584 2 8 95 3 0
893 203 0 8 64 4 0
893 127 3 2 32 4 0
893 1042 4 2 13 5 0
893 143 4 3 65 5 0
894 898 0 8 24 3 0
894 637 0 2 24 5 0
894 695 2 1 48 5 0
894 1018 1 5 58 4 0
895 736 2 4 78 4 0
895 31 2 5 42 4 0
896 810 1 1 66 5 0
896 595 0 4 73 4 0
897 340 4 7 88 5 0
897 393 0 9 94 3 0
898 193 4 0 60 3 0
898 920 4 6 42 3 0
898 251 3 5 23 5 0
898 943 2 5 52 5 0
898 817 0 0 90 5 0
899 1123 3 5 68 5 0
899 440 3 6 25 5 0
899 722 0 8 54 4 0
899 615 3 6 33 3 0
900 543 0 1 98 5 0
901 1011 1 5 79 4 0
901 909 2 1 92 4 0
902 904 4 9 49 4 0
902 1185 3 5 35 4 0
902 1052 2 2 93 5 0
903 595 3 5 63 4 0
903 705 3 2 70 5 0
903 624 2 7 50 5 0
904 573 3 5 10 3 0
904 515 3 4 44 5 0
904 873 2 3 61 4 0
905 1125 1 1 66 3 0
905 57 0 1 86 3 0
905 1158 1 4 82 3 0
906 13 2 2 72 3 0
906 817 2 1 86 5 0
906 643 4 5 78 5 0
906 277 2 5 45 5 0
907 142 4 9 76 5 0
907 673 1 4 72 5 0
908 579 4 6 25 5 0
909 147 4 1 68 3 0
909 479 0 3 26 4 0
909 926 2 9 13 5 0
910 34 1 6 86 3 0
910 404 1 5 45 4 0
910 1046 4 1 46 4 0
910 1135 2 8 40 5 0
911 751 0 9 89 5 0
911 1146 2 1 34 4 0
911 230 4 7 5 3 0
912 872 2 8 70 5 0
913 671 0 8 3 5 0
914 827 1 5 2 3 0
914 556 4 0 22 3 0
915 299 0 2 67 3 0
916 213 3 2 24 4 0
916 534 4 7 75 4 0
916 1098 1 9 27 3 0
916 966 0 6 91 5 0
917 764 1 3 59 3 0
917 119 0 8 54 4 0
917 731 3 7 3 4 0
917 542 1 1 50 3 0
917 757 3 5 96 5 0
918 938 1 6 3 4 0
918 963 1 8 49 5 0
918 992 1 7 77 5 0
919 510 1 9 89 3 0
919 839 3 4 11 4 0
919 230 2 8 81 4 0
920 1126 1 5 50 5 0
920 1053 3 0 11 5 0
920 522 4 4 97 3 0
921 418 4 8 92 4 0
921 1180 1 8 6 4 0
922 214 0 3 63 4 0
922 1090 0 5 78 3 0
922 850 4 3 48 3 0
922 1041 3 4 67 5 0
924 28 1 8 5 3 0
924 610 3 1 66 5 0
925 515 0 2 55 5 0
925 316 4 9 82 3 0
928 876 4 5 66 3 0
928 231 0 6 85 3 0
929 581 2 6 89 3 0
930 480 2 5 14 5 0
930 394 3 2 99 5 0
930 967 1 4 37 4 0
931 1074 0 0 32 4 0
931 1130 1 8 99 5 0
931 431 1 1 35 3 0
932 946 0 2 91 4 0
932 531 1 5 100 4 0
932 557 1 5 68 3 0
932 26 4 1 58 3 0
932 876 0 1 79 3 0
932 947 1 6 95 4 0
933 1125 3 3 56 4 0
933 497 3 2 80 4 0
935 1049 0 0 20 5 0
936 1193 2 0 30 4 0
936 679 3 2 58 3 0
936 983 3 4 44 4 0
936 139 2 6 67 5 0
936 525 0 3 70 3 0
937 1158 1 5 19 3 0
937 1123 4 9 11 3 0
938 357 3 4 3 4 0
938 482 0 2 16 3 0
938 109 3 7 84 4 0
938 999 4 7 57 5 0
939 417 1 9 44 3 0
940 1151 0 0 18 4 0
940 953 4 1 83 3 0
940 203 0 4 66 5 0
941 201 2 5 47 4 0
941 190 2 5 40 4 0
941 233 3 4 13 4 0
941 898 2 1 86 3 0
941 376 4 9 60 4 0
941 652 2 5 43 5 0
942 997 3 1 97 4 0
942 366 3 5 55 3 0
942 958 0 5 73 5 0
943 94 3 9 61 5 0
945 844 2 8 38 5 0
945 101 0 2 93 3 0
947 249 3 4 32 3 0
947 912 0 9 43 5 0
947 811 4 4 31 3 0
948 1130 2 1 35 5 0
949 854 0 3 55 5 0
949 172 0 9 25 5 0
949 169 2 7 46 4 0
949 221 1 3 77 5 0
949 1116 2 3 89 3 0
950 210 0 6 28 3 0
950 948 1 6 62 4 0
950 524 1 1 17 3 0
951 326 3 3 86 3 0
951 657 3 8 21 4 0
952 601 1 5 47 4 0
952 473 2 4 71 5 0
952 506 0 3 69 4 0
952 458 1 9 66 3 0
952 822 1 6 75 5 0
953 629 3 5 73 3 0
953 1147 2 7 30 3 0
953 115 2 3 66 5 0
954 400 3 4 23 4 0
954 583 3 4 65 3 0
954 960 1 1 100 4 0
954 832 2 6 55 5 0
954 263 0 1 1 5 0
954 524 1 0 44 3 0
954 20 4 5 8 5 0
955 164 3 3 40 5 0
955 747 3 0 79 4 0
955 741 3 8 65 5 0
956 683 1 3 75 4 0
956 198 0 2 28 3 0
956 709 0 9 34 4 0
956 857 2 8 66 3 0
957 1164 0 3 61 4 0
957 1149 4 2 40 5 0
957 543 4 5 83 3 0
959 99 3 8 4 3 0
959 1065 2 7 53 5 0
959 6 4 0 61 5 0
959 482 3 9 85 5 0
959 2 3 5 94 4 0
959 541 2 0 97 3 0
960 883 3 0 62 5 0
960 593 1 8 87 3 0
960 710 2 9 41 5 0
961 801 3 3 84 5 0
961 984 3 7 5 5 0
962 1073 3 1 96 3 0
962 1034 4 8 18 5 0
962 146 4 4 100 4 0
962 336 0 7 67 3 0
962 391 4 6 71 4 0
962 654 0 1 69 3 0
962 967 0 5 78 3 0
962 276 2 6 69 4 0
962 288 2 9 57 3 0
963 814 0 7 2 3 0
963 65 3 7 96 4 0
964 802 4 2 66 5 0
964 612 0 4 92 5 0
964 154 2 0 28 4 0
964 487 1 0 25 4 0
965 510 1 4 80 3 0
965 694 1 0 59 5 0
965 743 3 1 90 4 0
965 142 2 3 64 4 0
965 797 0 8 14 5 0
965 335 1 9 10 5 0
965 886 4 0 22 3 0
965 41 2 6 39 3 0
966 604 3 3 72 4 0
966 158 0 5 37 5 0
968 610 4 6 66 4 0
968 292 2 1 3 3 0
969 698 1 8 21 5 0
969 233 3 7 7 5 0
969 792 3 6 78 5 0
969 381 1 1 13 5 0
969 274 2 2 2 3 0
970 292 3 3 18 5 0
971 893 0 9 42 4 0
971 158 1 4 8 3 0
971 768 4 0 59 3 0
972 926 3 0 77 3 0
973 96 3 3 49 3 0
974 259 2 2 74 3 0
975 1182 2 2 90 3 0
975 329 0 8 75 3 0
975 93 1 1 62 4 0
976 187 3 6 51 4 0
976 308 2 9 40 5 0
977 690 1 2 19 3 0
977 687 1 0 45 4 0
977 955 0 8 6 5 0
977 1175 1 0 69 3 0
978 98 1 0 7 4 0
978 645 4 0 40 5 0
979 879 2 1 10 4 0
979 876 3 0 79 3 0
980 415 1 6 2 3 0
980 1101 0 0 77 4 0
980 501 3 6 15 5 0
981 246 2 0 56 4 0
981 359 1 4 49 3 0
982 643 1 6 34 4 0
983 1145 2 4 80 4 0
983 794 0 1 66 3 0
983 1039 4 4 59 5 0
984 178 3 3 6 4 0
984 878 3 9 14 4 0
985 1189 3 9 10 4 0
985 1033 4 6 93 3 0
987 215 1 8 24 3 0
987 946 3 4 37 3 0
987 583 3 5 82 5 0
987 92 2 8 82 4 0
987 953 1 5 69 3 0
987 360 1 7 43 3 0
990 449 2 5 1 5 0
991 1050 0 7 91 4 0
991 364 0 4 65 3 0
992 1078 3 2 61 3 0
992 30 3 7 13 4 0
992 799 1 9 18 5 0
992 478 1 4 43 4 0
992 737 1 6 71 3 0
993 503 3 5 21 3 0
993 656 0 8 72 5 0
993 45 3 0 29 5 0
993 1108 0 0 82 3 0
993 1046 3 3 80 3 0
993 203 3 2 96 4 0
994 956 1 8 38 4 0
994 600 2 9 84 5 0
994 976 0 1 54 5 0
994 1043 4 1 80 3 0
995 1052 1 9 85 4 0
995 439 3 3 95 3 0
995 829 0 2 73 3 0
995 898 4 2 68 3 0
996 1172 3 6 92 3 0
997 703 2 8 24 4 0
997 265 1 6 56 4 0
997 1128 4 1 43 3 0
997 311 3 6 99 3 0
998 470 4 6 100 5 0
998 904 0 5 33 5 0
999 624 4 9 41 3 0
999 763 2 2 58 5 0
999 187 2 9 96 5 0
1000 1152 4 8 45 5 0
1000 166 3 7 25 3 0
1000 1156 2 7 28 5 0
1000 683 1 3 77 5 0
1000 896 1 8 2 4 0
1000 975 2 5 64 3 0
1001 619 1 3 47 4 0
1002 1161 4 2 96 5 0
1002 490 2 7 45 4 0
1002 676 2 0 92 4 0
1002 1074 2 1 10 5 0
1002 452 1 1 72 4 0
1002 41 1 0 55 3 0
1003 960 4 5 7 3 0
1004 775 1 3 41 5 0
1004 1180 4 8 55 3 0
1005 948 0 6 32 5 0
1007 1194 1 3 27 5 0
1007 414 1 2 18 5 0
1007 222 0 2 94 3 0
1007 660 0 5 93 4 0
1008 845 4 4 2 4 0
1008 406 1 2 87 3 0
1009 919 0 7 37 5 0
1009 330 3 7 21 4 0
1009 323 2 5 18 5 0
1010 667 3 0 66 3 0
1011 809 1 7 24 4 0
1011 653 3 3 34 5 0
1012 840 4 0 18 4 0
1013 530 1 2 20 5 0
1015 167 1 9 99 3 0
1015 680 2 6 37 3 0
1016 116 1 8 20 3 0
1016 838 3 8 30 4 0
1016 920 3 0 95 5 0
1016 620 3 3 56 3 0
1016 365 4 1 2 4 0
1017 941 0 9 72 5 0
1017 68 0 1 39 5 0
1017 569 0 1 52 3 0
1018 802 3 8 35 4 0
1018 1083 0 6 83 4 0
1018 223 2 1 45 3 0
1018 759 4 9 29 3 0
1018 227 0 9 21 3 0
1020 1070 0 3 36 4 0
1021 1133 0 4 89 3 0
1021 233 2 5 19 3 0
1021 652 4 2 40 4 0
1021 537 3 4 84 3 0
1021 753 4 2 57 5 0
1022 10 0 6 86 5 0
1022 802 4 3 50 5 0
1022 679 2 0 76 3 0
1023 1101 2 8 96 3 0
1023 243 0 2 24 5 0
1023 278 1 1 99 5 0
1023 729 3 4 54 5 0
1024 1088 1 6 91 4 0
1024 708 1 0 90 3 0
1024 1071 2 9 91 5 0
1026 288 0 0 79 5 0
1026 502 3 1 55 4 0
1027 939 3 3 86 4 0
1027 363 3 9 49 4 0
1028 1130 0 2 89 4 0
1028 315 4 3 22 4 0
1029 816 3 2 5 5 0
1029 320 2 3 97 4 0
1029 755 0 6 59 3 0
1030 604 3 5 53 4 0
1030 296 2 3 21 3 0
1030 157 2 6 15 4 0
1031 1098 0 9 88 5 0
1032 387 4 6 17 4 0
1032 159 0 0 20 3 0
1032 118 1 7 8 3 0
1033 742 4 2 30 4 0
1034 1171 1 4 68 5 0
1034 747 0 7 41 5 0
1034 469 2 2 73 4 0
1034 742 1 8 60 4 0
1035 124 2 8 28 3 0
1035 648 0 2 73 3 0
1035 489 0 9 76 5 0
1035 440 2 8 67 3 0
1036 19 0 5 70 4 0
1037 1110 3 8 76 3 0
1037 822 3 8 82 3 0
1037 329 0 0 55 5 0
1038 506 4 5 10 5 0
1038 269 1 6 98 5 0
1039 283 3 8 52 5 0
1040 1030 1 5 63 5 0
1041 959 2 0 79 4 0
1041 732 0 5 81 5 0
1041 936 2 8 69 5 0
1043 97 4 3 48 5 0
1044 172 3 3 30 3 0
1044 918 1 7 24 5 0
1045 802 3 7 63 5 0
1045 523 3 6 20 3 0
1045 1146 0 9 92 4 0
1046 456 1 4 3 4 0
1046 770 3 3 63 3 0
1046 579 2 7 47 5 0
1046 563 1 6 77 5 0
1046 1024 1 5 49 5 0
1048 1161 0 1 49 4 0
1048 975 3 7 31 5 0
1049 800 2 7 69 4 0
1049 884 2 2 57 5 0
1049 525 4 8 79 3 0
1049 253 4 7 96 5 0
1050 409 2 3 44 3 0
1050 849 0 6 49 5 0
1051 1106 1 5 9 5 0
1052 114 2 5 54 3 0
1053 181 4 6 52 3 0
1053 223 3 4 16 4 0
1053 119 1 5 45 3 0
1053 353 0 7 63 5 0
1053 9 2 9 64 3 0
1053 676 1 2 4 5 0
1054 894 4 3 61 5 0
1055 628 0 5 100 4 0
1055 488 2 6 71 5 0
1055 149 3 1 65 4 0
1055 656 4 2 93 3 0
1055 1010 2 1 1 3 0
1056 606 1 2 19 5 0
1056 841 1 3 4 4 0
1056 105 2 7 77 5 0
1056 1057 0 9 82 5 0
1056 137 1 4 30 4 0
1056 538 3 9 70 5 0
1057 921 2 6 27 5 0
1058 879 0 5 37 4 0
1058 26 2 7 84 5 0
1059 486 0 8 73 3 0
1060 482 2 2 35 5 0
1061 197 0 1 45 3 0
1062 919 4 6 39 3 0
1062 787 1 4 13 4 0
1063 998 4 1 74 4 0
1063 1062 3 9 1 3 0
1064 645 4 6 16 3 0
1065 1051 0 5 79 5 0
1065 882 2 3 94 4 0
1065 298 4 9 70 4 0
1065 147 0 9 76 3 0
1065 1043 0 5 84 5 0
1066 420 1 6 93 4 0
1069 258 1 6 5 5 0
1070 986 0 0 10 5 0
1070 373 4 2 47 3 0
1070 85 2 6 75 3 0
1070 44 0 1 42 3 0
1071 1078 1 9 26 5 0
1071 836 3 1 56 4 0
1071 190 0 1 82 5 0
1072 540 3 0 88 5 0
1072 877 0 3 73 4 0
1072 916 3 9 98 3 0
1072 468 0 5 32 3 0
1072 376 0 5 96 4 0
1072 660 2 5 83 3 0
1073 619 3 5 67 4 0
1074 677 0 9 76 4 0
1075 790 3 1 26 5 0
1075 1116 4 5 19 4 0
1075 76 3 8 19 5 0
1075 581 1 7 84 3 0
1076 69 2 6 18 3 0
1077 416 2 5 80 4 0
1077 249 1 2 78 3 0
1078 19 1 2 87 4 0
1079 88 2 6 7 5 0
1079 1192 3 2 24 4 0
1080 707 4 6 98 5 0
1080 368 2 6 45 3 0
1081 1076 1 3 35 5 0
1082 1044 0 9 57 5 0
1082 739 1 5 34 3 0
1082 101 0 4 35 3 0
1083 362 4 5 3 4 0
1084 271 2 2 27 4 0
1085 998 0 8 21 5 0
1085 127 4 7 22 3 0
1085 639 3 9 82 5 0
1085 885 0 7 60 3 0
1086 1068 2 7 39 3 0
1086 1118 3 8 62 4 0
1086 457 4 2 86 3 0
1087 22 4 3 94 3 0
1087 1178 2 0 24 3 0
1087 160 2 2 78 3 0
1087 688 0 6 96 4 0
1088 98 4 1 50 5 0
1088 259 3 6 35 4 0
1089 378 2 0 63 5 0
1089 350 1 6 51 4 0
1089 71 3 6 74 4 0
1091 71 3 5 27 3 0
1091 851 3 7 57 3 0
1091 547 4 0 72 5 0
1091 1199 2 9 89 4 0
1092 1061 4 9 4 5 0
1093 946 4 2 64 5 0
1093 265 1 4 98 4 0
1093 165 4 6 47 3 0
1093 821 3 4 23 3 0
1094 73 4 6 15 5 0
1096 917 2 9 41 4 0
1097 1062 0 8 22 4 0
1098 1143 0 8 74 3 0
1098 237 2 4 91 5 0
1098 210 3 7 59 4 0
1100 1098 3 6 84 3 0
1100 741 3 7 82 5 0
1101 18 2 2 66 4 0
1101 260 1 2 15 4 0
1101 940 1 5 5 5 0
1101 676 1 4 1 3 0
1101 261 3 8 100 4 0
1101 172 1 0 1 3 0
1102 1078 0 9 36 5 0
1103 168 3 1 51 3 0
1104 804 0 2 47 4 0
1105 79 2 7 34 4 0
1105 369 0 1 37 3 0
1106 794 3 0 67 4 0
1106 948 2 7 1 5 0
1106 1049 2 5 96 4 0
1106 966 3 2 27 3 0
1107 4 0 3 100 4 0
1107 215 4 1 34 4 0
1108 587 2 5 79 4 0
1108 1164 1 6 63 4 0
1109 500 4 7 68 5 0
1109 68 2 5 7 4 0
1109 375 4 2 84 4 0
1110 869 1 4 71 5 0
1110 94 2 8 84 3 0
1111 311 1 5 10 5 0
1111 777 4 7 84 5 0
1111 1085 0 1 15 5 0
1111 1123 4 7 99 5 0
1113 1088 1 5 98 5 0
1114 341 2 0 96 3 0
1114 562 3 4 66 3 0
1115 488 2 9 28 4 0
1115 620 0 7 30 5 0
1115 1128 0 9 43 4 0
1115 895 1 9 6 3 0
1115 693 3 4 42 5 0
1116 173 4 6 96 3 0
1116 1072 3 0 64 5 0
1116 448 1 1 80 3 0
1117 829 0 7 83 3 0
1117 769 0 2 13 3 0
1117 1015 2 0 84 4 0
1118 1181 3 7 25 5 0
1119 344 2 2 67 3 0
1119 1024 4 3 60 4 0
1121 149 1 9 6 3 0
1121 1051 3 7 35 5 0
1121 545 3 7 80 3 0
1122 61 4 7 12 4 0
1122 772 2 9 27 4 0
1123 847 2 1 32 3 0
1124 482 2 7 98 3 0
1124 504 2 1 33 4 0
1124 44 3 7 44 3 0
1125 442 1 1 34 3 0
1125 143 1 5 13 5 0
1125 261 3 7 69 5 0
1126 502 4 3 46 5 0
1126 163 0 9 79 5 0
1126 135 0 6 6 5 0
1127 114 0 5 6 4 0
1127 922 0 5 79 3 0
1127 759 4 4 54 5 0
1127 306 0 9 80 4 0
1127 270 1 9 43 4 0
1128 731 1 7 75 3 0
1128 589 2 9 79 4 0
1128 557 3 3 6 4 0
1129 955 4 7 4 4 0
1129 823 0 7 18 3 0
1129 1078 0 5 100 5 0
1130 51 4 8 24 5 0
1130 987 3 0 72 5 0
1130 876 1 8 35 5 0
1131 1058 4 2 35 4 0
1131 995 3 0 6 4 0
1131 196 4 4 44 3 0
1131 570 3 4 54 4 0
1131 445 3 4 71 3 0
1131 400 2 4 21 5 0
1132 88 1 3 49 3 0
1132 333 2 3 100 4 0
1134 1120 4 3 97 4 0
1134 314 2 4 38 5 0
1135 848 4 7 95 3 0
1135 451 3 6 1 5 0
1135 467 1 5 68 4 0
1136 936 1 1 8 4 0
1136 1088 1 1 37 3 0
1136 327 1 9 51 3 0
1137 336 4 4 81 5 0
1137 311 4 9 90 5 0
1137 738 2 0 10 3 0
1138 1127 1 4 89 3 0
1138 516 3 5 9 4 0
1138 857 0 8 26 4 0
1138 1170 3 4 46 5 0
1138 1095 3 5 91 5 0
1140 518 1 9 65 3 0
1140 271 2 1 48 5 0
1140 180 0 3 5 5 0
1140 79 2 0 9 3 0
1141 1083 3 8 2 3 0
1143 431 3 2 23 4 0
1143 303 0 3 73 3 0
1144 423 0 2 40 5 0
1145 369 4 7 98 4 0
1147 566 1 3 66 5 0
1147 523 2 1 47 3 0
1147 876 3 2 60 3 0
1148 227 0 0 21 3 0
1149 660 1 8 92 3 0
1149 1052 1 8 40 5 0
1150 965 3 1 3 5 0
1150 196 0 2 97 4 0
1150 907 2 3 98 3 0
1150 152 4 0 68 3 0
1151 330 1 5 81 4 0
1151 986 4 4 5 3 0
1151 135 1 4 84 3 0
1151 853 0 4 98 3 0
1151 266 1 4 63 3 0
1151 725 4 8 75 4 0
1151 496 4 9 89 3 0
1151 892 0 6 42 5 0
1152 415 2 6 80 5 0
1152 1198 1 4 94 4 0
1152 1162 2 3 69 3 0
1153 306 1 1 64 4 0
1153 959 1 0 86 5 0
1153 763 0 3 94 4 0
1153 52 2 8 16 4 0
1155 1182 3 1 72 3 0
1155 603 4 2 87 3 0
1155 596 2 7 79 4 0
1155 298 1 1 66 3 0
1156 308 4 6 92 5 0
1156 373 3 4 71 5 0
1157 555 1 7 55 5 0
1157 518 0 3 83 5 0
1157 192 2 9 76 5 0
1158 602 0 7 5 5 0
1158 727 3 6 50 3 0
1158 548 0 8 71 5 0
1158 534 0 3 52 3 0
1159 754 4 7 29 5 0
1159 819 2 3 24 3 0
1160 957 3 1 57 5 0
1160 909 4 3 99 4 0
1161 1121 1 8 39 4 0
1162 787 3 8 99 3 0
1163 1119 0 3 39 5 0
1163 221 3 5 50 5 0
1163 612 0 7 24 3 0
1163 1181 1 5 97 5 0
1164 859 2 1 87 5 0
1165 391 2 6 8 5 0
1166 949 0 5 72 5 0
1167 638 1 3 11 4 0
1168 342 0 9 72 5 0
1168 611 2 1 14 5 0
1169 955 0 9 87 4 0
1169 429 3 0 45 4 0
1169 963 2 9 2 3 0
1169 287 3 9 11 5 0
1169 898 2 3 99 5 0
1169 698 3 4 53 5 0
1170 368 4 0 81 4 0
1170 703 2 9 92 3 0
1170 746 4 6 31 5 0
1171 135 3 0 73 5 0
1171 234 1 3 14 5 0
1171 1098 2 7 59 5 0
1172 757 3 5 54 4 0
1172 27 0 8 15 5 0
1173 9 0 7 71 3 0
1173 614 2 2 15 3 0
1173 931 3 2 74 3 0
1173 250 2 7 22 4 0
1174 371 1 7 28 4 0
1174 1131 4 5 97 5 0
1175 824 3 0 10 5 0
1175 240 1 8 7 5 0
1175 136 1 3 3 4 0
1175 537 2 0 9 4 0
1176 1109 1 9 3 5 0
1177 667 0 5 51 4 0
1177 975 4 0 23 5 0
1177 627 3 4 98 5 0
1179 114 4 8 64 5 0
1180 450 2 8 90 4 0
1180 578 4 0 46 5 0
1180 556 3 6 30 5 0
1180 678 0 3 29 5 0
1181 739 4 9 99 3 0
1181 1083 2 8 60 4 0
1181 616 3 9 14 5 0
1181 672 1 0 73 5 0
1181 648 1 6 42 4 0
1182 700 0 6 62 4 0
1182 392 3 5 83 4 0
1182 629 0 6 20 3 0
1182 209 1 7 45 3 0
1184 462 4 3 40 4 0
1185 59 3 8 62 3 0
1185 588 1 5 50 4 0
1185 892 0 7 89 4 0
1185 87 3 9 39 4 0
1186 874 3 4 23 5 0
1186 618 0 3 69 3 0
1186 277 2 4 2 5 0
1187 417 1 5 55 4 0
1187 364 2 1 16 4 0
1188 80 1 9 3 5 0
1188 259 3 3 97 5 0
1189 565 1 6 29 3 0
1190 475 1 6 54 4 0
1190 895 3 4 45 4 0
1191 445 0 3 71 4 0
1191 884 3 1 85 5 0
1192 302 4 9 74 5 0
1192 494 0 5 100 5 0
1192 413 1 2 2 4 0
1192 810 1 9 60 5 0
1192 310 4 4 40 3 0
1193 48 2 5 1 3 0
1193 868 0 7 51 5 0
1193 436 0 6 46 5 0
1193 496 1 2 44 3 0
1193 563 2 9 27 4 0
1193 390 4 4 22 3 0
1193 33 3 4 85 4 0
1194 919 0 6 5 5 0
1195 955 3 4 99 5 0
1195 187 4 1 45 5 0
1195 1184 0 2 36 4 0
1195 735 3 4 8 4 0
1195 860 3 9 84 5 0
1196 639 4 0 36 4 0
1196 244 1 2 86 4 0
1196 484 3 8 61 5 0
1197 1187 4 5 98 5 0
1197 261 4 4 88 4 0
1197 373 2 3 97 4 0
1198 1130 3 0 74 5 0
1198 536 1 0 50 3 0
1198 939 2 3 78 4 0
1198 242 2 3 10 5 0
1198 1137 4 8 7 4 0
1198 472 3 2 31 5 0
1199 1102 2 6 39 5 0

