10

5
0 20 20 20 20 20 20 20 20 20 20
1 20 20 20 20 20 20 20 20 20 20
2 20 20 20 20 20 20 20 20 20 20
3 20 20 20 20 20 20 20 20 20 20
4 20 20 20 20 20 20 20 20 20 20

25
300 900 100000 6 3
0 126 7 2
1 106 3 6
2 130 10 8
4 126 4 4
5 120 6 6
9 127 2 9
600 600 100000 6 3
0 112 2 2
1 112 5 5
3 119 5 3
6 139 2 1
7 117 4 4
9 136 4 1
900 1200 100000 6 4
0 109 5 9
2 127 3 3
4 125 2 3
5 149 10 7
7 122 4 2
9 138 1 9
900 300 100000 6 2
0 141 6 7
1 129 9 1
2 142 3 2
3 129 9 6
4 100 2 10
6 147 2 2
0 900 100000 6 0
0 132 1 3
1 101 9 3
3 119 3 7
4 117 2 7
5 106 4 4
8 112 4 2
1200 0 100000 6 1
1 131 1 3
2 112 5 7
4 106 5 4
6 123 10 5
7 109 2 1
8 117 1 7
900 900 100000 6 0
1 130 4 1
4 144 9 2
5 148 9 10
6 121 1 3
7 117 5 10
9 106 1 1
0 1200 100000 6 0
1 128 1 3
3 139 7 9
4 125 7 5
5 100 8 2
6 137 8 6
9 114 4 5
900 0 100000 6 2
0 122 3 2
3 147 6 1
5 148 2 8
6 115 9 3
7 118 1 3
9 143 6 6
1200 300 100000 6 2
0 115 7 7
2 144 9 5
3 132 10 5
6 139 2 8
7 117 6 3
8 129 4 8
300 300 100000 6 1
0 133 4 6
1 125 4 9
2 132 5 8
4 140 3 3
5 108 5 1
8 136 2 3
1200 900 100000 6 2
1 102 9 1
2 130 8 7
3 145 9 2
4 141 3 5
5 132 9 7
7 110 8 8
900 600 100000 6 3
1 112 8 7
2 129 2 5
3 140 9 2
4 113 4 5
7 113 9 5
8 127 8 2
300 1200 100000 6 0
2 109 1 6
3 124 3 5
4 132 3 9
5 104 3 10
8 132 9 1
9 107 5 7
600 300 100000 6 1
1 145 1 3
3 111 2 8
6 145 10 10
7 147 5 3
8 115 5 4
9 107 2 9
300 600 100000 6 3
3 134 3 9
5 103 8 2
6 132 1 5
7 101 5 6
8 116 5 9
9 125 2 6
0 300 100000 6 2
0 126 1 1
1 138 4 7
2 134 9 8
3 105 5 8
7 144 9 5
9 121 2 8
600 900 100000 6 1
0 111 4 3
1 114 5 1
2 107 1 4
3 127 9 10
5 124 5 10
9 121 10 9
0 0 100000 6 0
0 111 3 4
1 135 6 3
2 109 5 2
5 110 9 5
7 129 4 2
8 107 3 1
600 0 100000 6 4
0 116 1 8
2 100 6 5
4 144 8 8
5 150 5 1
8 101 1 2
9 101 9 5
0 600 100000 6 4
0 125 1 5
1 147 1 9
4 137 2 1
6 120 2 8
7 127 2 6
9 133 1 1
300 0 100000 6 4
0 123 9 2
1 145 9 2
3 145 2 4
5 116 10 8
7 129 8 1
9 102 8 2
600 1200 100000 6 3
0 108 6 10
2 147 10 8
3 146 6 8
4 131 1 5
8 138 2 6
9 147 4 5
1200 1200 100000 6 4
0 111 9 1
2 149 9 1
3 140 2 4
4 106 8 8
8 133 5 4
9 103 7 4
1200 600 100000 6 1
1 113 4 4
3 146 8 8
4 141 6 3
5 129 9 7
6 104 1 3
7 130 4 10

800
3 233 3 2 50 4 0
4 936 1 4 96 3 0
5 533 1 4 59 3 0
9 1121 4 3 97 4 0
10 302 0 0 18 5 0
12 28 2 4 4 5 0
13 965 1 4 86 3 0
14 987 3 2 47 3 0
16 462 0 8 78 5 0
19 58 2 0 31 3 0
21 572 0 4 15 3 0
22 170 4 2 62 5 0
24 455 4 6 62 3 0
25 965 4 1 73 3 0
26 448 1 3 91 3 0
28 75 4 8 49 3 0
32 992 2 8 25 4 0
34 981 3 1 46 4 0
36 383 0 8 87 5 0
39 858 2 5 85 4 0
44 510 3 5 54 3 0
45 100 4 8 45 3 0
46 117 2 1 65 5 0
48 46 2 9 16 5 0
48 932 0 5 64 4 0
49 938 2 9 71 5 0
51 651 3 4 65 4 0
54 940 4 3 79 5 0
55 583 0 1 96 3 0
55 984 3 8 60 4 0
56 282 4 0 68 4 0
57 5 0 1 80 4 0
59 766 3 5 40 3 0
61 227 3 9 20 3 0
61 370 3 7 53 4 0
62 158 2 3 90 5 0
62 41 1 2 98 3 0
63 1008 0 8 39 4 0
63 171 0 5 1 5 0
64 187 1 2 77 3 0
65 1174 3 6 62 3 0
70 1022 3 7 88 3 0
70 241 0 7 54 5 0
71 504 3 8 63 4 0
71 236 4 2 97 3 0
72 295 3 3 92 5 0
76 903 0 4 64 3 0
79 464 0 5 87 3 0
80 1173 4 7 42 3 0
81 53 1 2 97 3 0
82 892 1 8 20 5 0
83 639 0 0 77 3 0
84 130 2 2 36 3 0
84 223 4 1 36 3 0
86 338 3 0 85 4 0
88 907 1 2 10 3 0
88 1093 1 8 56 3 0
90 434 4 4 45 5 0
90 1072 0 0 92 3 0
91 737 4 2 46 5 0
91 614 2 2 34 5 0
91 467 1 2 81 5 0
91 994 1 6 89 5 0
92 1084 2 0 92 3 0
93 1115 4 6 46 4 0
96 679 1 3 18 5 0
97 115 1 4 37 3 0
98 370 3 9 37 4 0
99 836 1 1 46 4 0
102 2 0 2 19 4 0
102 359 4 7 26 4 0
102 215 0 6 15 4 0
103 904 3 1 91 4 0
105 415 3 9 42 5 0
105 252 4 6 8 3 0
106 892 1 6 75 5 0
107 562 4 6 6 4 0
108 540 0 5 92 4 0
108 524 0 8 53 4 0
111 338 3 7 6 3 0
112 789 3 0 67 3 0
114 33 0 8 54 3 0
116 642 1 3 50 3 0
116 758 0 9 74 4 0
118 922 3 7 35 3 0
120 587 3 3 35 3 0
122 1085 2 5 55 5 0
125 357 4 7 9 5 0
126 996 0 3 15 4 0
129 5 4 4 80 5 0
132 9 0 9 66 3 0
136 645 1 6 72 3 0
136 396 1 1 90 5 0
138 379 1 0 57 5 0
140 295 3 2 87 4 0
140 71 3 0 53 3 0
140 707 2 2 23 4 0
143 957 4 1 92 3 0
144 208 0 2 42 4 0
148 1015 2 1 60 5 0
151 965 2 8 85 5 0
152 647 3 1 29 4 0
152 49 4 4 21 4 0
154 9 2 1 44 4 0
158 1045 2 0 96 4 0
160 393 1 4 15 4 0
160 1107 0 5 21 3 0
161 602 1 3 6 4 0
161 94 3 0 7 4 0
162 514 3 2 83 3 0
162 48 4 9 41 3 0
163 894 1 6 35 3 0
164 298 1 9 85 4 0
165 117 4 9 72 4 0
166 1151 2 0 41 5 0
167 315 2 2 14 3 0
169 49 2 0 94 3 0
170 232 3 4 67 4 0
171 959 3 3 75 3 0
171 473 2 0 3 4 0
172 359 2 0 84 4 0
172 384 1 9 34 3 0
173 987 1 9 30 5 0
175 556 2 5 29 5 0
177 519 3 4 39 5 0
177 14 0 9 5 4 0
180 633 1 8 24 3 0
180 395 0 6 31 5 0
183 441 3 1 22 3 0
185 797 1 1 49 4 0
186 794 1 4 47 5 0
187 332 3 7 33 4 0
188 992 1 6 28 4 0
188 318 1 2 8 3 0
189 451 0 6 2 5 0
189 547 1 1 37 3 0
189 479 0 1 64 5 0
193 710 1 1 4 5 0
195 908 4 9 48 3 0
200 205 1 8 42 4 0
200 428 4 8 54 5 0
201 800 1 4 32 4 0
203 1150 3 5 43 4 0
204 582 3 7 43 5 0
206 1168 1 8 85 3 0
207 522 1 4 87 3 0
209 135 0 9 72 3 0
209 796 4 7 41 5 0
209 534 1 5 77 4 0
214 1127 3 5 65 4 0
214 857 4 7 40 3 0
219 301 3 0 18 4 0
220 254 3 2 8 5 0
221 541 4 9 15 5 0
221 723 0 0 82 5 0
222 50 0 9 42 3 0
223 1079 4 2 67 4 0
223 1009 2 5 23 3 0
224 558 4 5 64 4 0
226 1165 2 0 22 3 0
227 575 0 7 3 5 0
228 399 1 0 83 3 0
228 531 3 2 9 4 0
229 205 2 0 68 3 0
235 766 2 1 66 4 0
236 409 4 9 10 5 0
236 449 3 7 6 5 0
238 185 1 8 49 3 0
238 339 0 0 69 5 0
238 736 4 5 50 5 0
239 111 1 1 3 5 0
240 654 4 6 71 3 0
241 975 3 2 85 3 0
242 836 2 4 33 3 0
242 544 2 5 4 3 0
242 13 1 0 55 3 0
243 512 3 5 2 4 0
245 488 4 9 3 5 0
245 146 3 0 16 4 0
251 13 1 3 62 4 0
254 771 1 6 89 4 0
256 30 2 7 48 3 0
259 108 1 7 68 5 0
260 953 3 9 9 3 0
261 1181 1 9 75 3 0
263 103 4 7 30 4 0
264 8 0 8 3 4 0
267 564 2 7 74 4 0
267 1126 2 4 69 5 0
267 343 1 8 3 5 0
270 356 3 7 4 3 0
270 269 3 3 1 3 0
271 737 1 8 94 4 0
271 270 2 0 13 4 0
272 23 0 7 30 3 0
274 318 0 6 7 4 0
275 932 2 3 82 4 0
275 547 0 4 98 4 0
276 302 0 4 96 3 0
276 1198 0 7 91 5 0
279 297 2 0 35 3 0
279 121 0 7 49 5 0
280 631 0 0 43 3 0
280 1080 2 7 19 4 0
281 683 3 0 67 4 0
284 1062 3 4 16 3 0
286 1018 3 6 78 4 0
286 605 3 1 65 4 0
287 983 3 9 49 3 0
290 633 2 9 65 4 0
291 248 4 0 92 4 0
296 1082 3 9 29 4 0
297 894 1 4 19 4 0
299 711 1 5 83 3 0
299 525 0 9 44 3 0
301 159 4 7 5 5 0
301 1035 4 6 59 3 0
301 396 3 0 74 3 0
304 1076 3 0 43 3 0
307 540 1 3 20 3 0
310 260 2 9 80 5 0
310 1083 0 6 2 4 0
315 120 4 0 94 5 0
317 1060 1 5 18 5 0
318 1184 3 7 71 3 0
319 814 0 6 15 4 0
321 584 4 8 60 5 0
321 191 1 9 19 5 0
322 411 2 3 49 4 0
322 662 1 0 60 4 0
323 893 4 5 29 3 0
323 697 0 5 41 4 0
323 1053 4 8 32 3 0
324 103 4 7 89 5 0
327 645 3 1 26 5 0
328 207 1 1 46 3 0
334 698 1 2 51 3 0
336 809 3 9 8 3 0
339 922 3 7 35 3 0
340 1136 1 4 33 4 0
341 701 0 0 12 3 0
344 587 3 1 52 5 0
344 1157 3 7 51 4 0
344 595 2 7 82 5 0
344 928 1 1 6 3 0
345 1193 4 6 31 3 0
347 603 1 8 52 3 0
347 1038 2 3 14 3 0
348 1050 3 5 44 5 0
357 199 4 1 75 3 0
359 396 3 6 13 3 0
360 285 3 6 2 3 0
362 56 0 7 23 4 0
364 465 3 2 86 5 0
365 1104 4 0 63 5 0
366 479 4 5 98 4 0
367 336 3 8 55 5 0
367 830 0 3 62 4 0
369 1116 1 6 73 5 0
370 350 0 0 88 3 0
376 122 0 6 16 5 0
379 137 2 9 56 3 0
379 1156 3 3 26 5 0
379 479 2 3 16 3 0
380 104 0 1 4 4 0
384 272 0 2 61 3 0
385 397 2 9 3 4 0
387 1045 1 8 2 5 0
387 151 2 1 84 4 0
391 594 4 3 41 5 0
394 1113 1 1 80 3 0
395 454 2 4 31 3 0
396 777 0 7 67 4 0
401 795 1 7 91 4 0
403 453 0 6 53 3 0
414 881 3 7 18 5 0
416 212 3 8 47 4 0
416 255 4 7 81 3 0
419 826 2 2 19 3 0
420 415 2 5 35 3 0
425 765 1 2 25 5 0
428 50 3 4 89 5 0
428 556 0 5 31 5 0
428 1018 3 3 84 3 0
429 85 0 0 84 4 0
430 174 3 5 87 4 0
431 253 2 7 49 3 0
432 732 1 7 14 3 0
434 830 4 9 49 4 0
435 79 3 7 10 3 0
437 269 3 8 86 4 0
440 941 1 5 67 4 0
441 1023 3 3 20 3 0
442 580 4 7 56 5 0
443 411 4 6 34 3 0
443 660 0 7 81 4 0
444 757 2 4 48 4 0
445 1029 0 4 34 4 0
446 386 1 7 12 3 0
447 134 0 8 4 4 0
447 965 1 3 23 4 0
449 781 1 5 73 4 0
450 657 3 9 56 5 0
452 1169 3 3 88 4 0
453 1016 4 6 18 5 0
454 270 2 7 94 5 0
457 111 2 7 52 4 0
458 173 2 7 58 4 0
459 576 4 0 8 5 0
460 45 2 7 65 4 0
461 767 4 5 32 4 0
464 265 2 1 51 5 0
464 1158 4 9 64 3 0
464 354 2 2 98 3 0
466 552 0 1 9 5 0
468 551 0 8 51 4 0
468 1000 1 9 53 4 0
469 124 2 9 85 5 0
469 682 3 5 59 4 0
472 875 1 3 80 3 0
473 311 4 6 49 4 0
473 218 0 2 100 5 0
475 771 3 0 55 4 0
475 1054 2 1 25 4 0
477 615 4 5 98 3 0
478 177 3 3 59 3 0
478 279 4 5 41 5 0
479 1091 0 8 28 3 0
480 154 3 6 79 3 0
485 1194 4 5 27 5 0
490 217 3 6 9 4 0
493 930 0 8 48 3 0
493 936 0 8 10 3 0
493 470 4 4 87 3 0
494 83 4 9 94 5 0
495 458 0 6 40 3 0
495 143 4 4 71 4 0
496 1155 2 6 14 3 0
498 28 0 8 45 3 0
499 906 3 5 13 3 0
503 444 2 0 58 3 0
503 791 0 9 77 5 0
504 593 4 5 74 5 0
506 994 0 1 79 4 0
506 437 0 6 38 4 0
507 799 1 2 76 5 0
508 343 1 1 33 5 0
511 144 4 0 15 3 0
513 863 2 3 77 3 0
513 869 1 5 10 4 0
513 780 1 7 58 5 0
516 808 1 1 28 3 0
516 706 1 4 2 4 0
517 806 0 4 98 4 0
518 1044 3 8 25 5 0
519 369 3 0 26 3 0
519 959 4 7 27 5 0
519 123 2 1 83 5 0
523 792 0 1 59 4 0
526 51 0 0 73 3 0
526 499 3 8 45 4 0
528 217 3 4 31 4 0
528 1013 0 0 51 4 0
529 1125 2 7 22 4 0
529 954 3 3 98 3 0
532 913 3 8 4 3 0
533 390 0 5 89 4 0
533 1151 1 7 42 3 0
534 824 4 0 87 5 0
537 3 0 7 81 4 0
537 519 3 5 11 4 0
541 1138 0 3 17 4 0
543 186 1 2 60 4 0
548 941 4 7 2 4 0
550 566 3 0 61 5 0
552 645 2 4 97 5 0
557 351 4 9 63 4 0
559 539 1 3 57 4 0
559 322 1 8 69 3 0
559 248 2 0 23 4 0
559 182 3 1 10 5 0
561 772 0 8 12 4 0
561 1153 4 7 36 4 0
562 1158 0 0 3 3 0
564 1098 0 0 23 4 0
566 1075 1 7 63 4 0
569 473 3 6 72 3 0
569 693 0 5 35 3 0
570 1012 2 3 83 4 0
575 32 4 3 33 5 0
577 1097 0 1 88 5 0
577 247 0 8 44 3 0
578 233 3 0 60 5 0
579 817 1 3 89 4 0
579 109 0 6 2 5 0
582 131 1 8 14 5 0
583 103 2 8 44 3 0
586 1046 3 2 91 5 0
586 965 3 4 74 4 0
587 1026 3 8 28 5 0
587 184 4 4 9 3 0
587 438 2 2 82 5 0
588 130 4 5 83 5 0
590 1026 0 0 11 3 0
590 283 1 6 15 5 0
591 1132 0 6 47 4 0
592 1094 2 2 43 5 0
594 423 0 0 95 5 0
594 58 4 3 40 4 0
595 247 0 4 98 3 0
604 60 1 9 10 4 0
604 1002 4 3 16 3 0
607 668 4 2 77 5 0
609 1110 3 7 59 4 0
609 886 0 6 75 3 0
611 425 2 4 56 4 0
611 1119 3 2 45 4 0
612 1111 3 7 84 3 0
614 686 3 0 100 3 0
614 218 3 2 66 4 0
617 407 2 1 18 4 0
618 1056 1 1 33 4 0
618 181 2 5 27 5 0
619 149 2 5 7 4 0
621 709 1 5 80 3 0
621 156 1 4 71 5 0
623 289 1 6 80 4 0
625 283 2 6 81 5 0
625 56 3 9 60 4 0
625 792 4 0 70 4 0
626 329 1 5 39 5 0
626 825 4 4 57 3 0
626 532 1 8 28 4 0
630 794 0 9 77 4 0
632 710 1 6 34 5 0
632 170 3 5 40 4 0
635 106 3 4 66 3 0
639 241 1 7 94 4 0
639 903 2 3 94 4 0
641 1109 4 3 2 4 0
642 1018 1 1 18 5 0
646 682 4 9 46 3 0
648 466 3 3 24 5 0
649 370 2 7 32 4 0
649 419 0 8 94 3 0
649 334 3 9 76 4 0
651 1064 3 7 27 4 0
653 801 2 0 98 3 0
654 32 4 0 53 3 0
655 590 4 5 62 4 0
658 233 2 4 76 3 0
659 999 3 9 79 3 0
664 954 2 6 33 4 0
664 1175 2 2 69 3 0
666 855 4 1 12 4 0
670 925 1 6 82 5 0
670 346 4 5 94 3 0
670 507 4 9 45 5 0
671 143 0 4 95 5 0
673 1176 1 5 83 3 0
673 501 0 3 81 4 0
674 415 4 9 1 3 0
676 274 2 3 36 4 0
678 951 4 8 4 5 0
680 221 1 0 71 5 0
680 973 2 1 81 3 0
681 1102 3 8 29 4 0
683 167 3 1 35 3 0
685 649 2 5 78 3 0
688 317 1 5 29 5 0
691 203 2 0 57 4 0
694 556 4 0 32 5 0
694 1182 0 9 11 3 0
694 488 4 8 13 3 0
694 647 3 3 1 3 0
696 408 2 5 4 4 0
697 674 2 9 73 4 0
702 350 1 1 73 3 0
702 169 0 5 80 5 0
704 1172 3 7 53 3 0
706 963 0 1 49 4 0
707 924 0 8 1 4 0
708 251 2 9 7 5 0
709 123 3 5 43 5 0
710 376 3 8 37 5 0
715 561 3 8 88 5 0
717 763 3 2 68 4 0
718 157 3 6 27 4 0
721 318 0 1 38 3 0
723 111 1 3 91 3 0
725 471 2 8 98 5 0
725 864 4 1 90 4 0
727 645 4 2 93 3 0
728 120 1 3 76 4 0
728 207 0 0 49 4 0
733 993 2 1 81 5 0
733 371 4 2 55 4 0
735 423 3 0 25 4 0
737 579 2 9 18 5 0
737 608 2 7 81 4 0
740 636 4 5 31 5 0
740 730 1 6 70 5 0
740 948 1 9 15 3 0
741 999 0 7 69 4 0
745 1000 1 9 14 5 0
746 551 4 5 90 5 0
750 325 0 6 94 5 0
750 850 1 7 96 5 0
752 54 0 7 58 3 0
752 875 0 5 95 5 0
755 319 1 2 42 3 0
757 612 4 0 22 3 0
757 20 0 7 16 5 0
758 23 4 6 44 3 0
758 1034 2 9 45 4 0
762 624 2 1 43 5 0
762 75 0 4 30 5 0
766 136 0 4 92 5 0
766 740 0 2 7 4 0
768 601 3 8 96 5 0
769 460 3 3 8 5 0
770 581 4 4 43 3 0
771 663 3 6 73 5 0
775 491 3 8 60 3 0
777 55 2 1 92 5 0
777 1113 1 9 33 3 0
779 751 4 2 50 4 0
780 451 0 8 7 3 0
784 208 3 5 3 5 0
785 139 0 1 59 3 0
786 530 2 2 38 4 0
790 186 3 2 32 5 0
791 1081 2 9 84 3 0
794 1017 2 9 26 4 0
796 373 4 3 40 5 0
796 594 2 1 36 5 0
797 23 0 6 45 3 0
797 809 0 0 79 4 0
799 596 0 2 82 4 0
800 921 3 3 62 5 0
800 778 0 5 45 5 0
800 134 2 2 70 4 0
804 633 0 3 11 5 0
805 783 3 1 21 5 0
805 242 0 0 20 4 0
806 540 3 8 60 3 0
807 443 1 1 71 4 0
807 904 3 3 21 5 0
807 891 2 4 45 4 0
807 132 4 2 87 3 0
809 795 0 3 66 5 0
810 1030 3 3 33 4 0
811 1011 3 0 74 5 0
811 57 2 6 27 5 0
812 129 0 6 88 5 0
814 1121 2 2 67 3 0
814 457 0 7 43 4 0
817 631 1 1 67 3 0
817 348 3 9 63 3 0
818 533 2 7 12 4 0
821 1015 3 6 96 3 0
824 315 3 6 100 4 0
825 876 0 2 63 3 0
829 634 0 4 39 4 0
834 710 1 1 39 4 0
834 666 1 2 77 5 0
835 682 2 8 51 4 0
836 711 4 3 27 5 0
837 1098 4 6 32 5 0
839 578 1 2 4 3 0
852 1130 4 3 37 4 0
852 524 2 8 83 3 0
854 693 4 7 50 5 0
854 397 1 5 46 3 0
855 372 3 1 65 5 0
856 958 1 7 81 4 0
857 467 1 0 10 5 0
858 533 4 0 69 4 0
860 277 1 0 44 5 0
862 437 3 8 37 5 0
864 452 4 9 44 5 0
865 692 1 2 6 4 0
865 1076 2 7 16 4 0
867 468 4 5 83 5 0
868 536 1 7 56 5 0
869 274 4 1 95 4 0
870 863 2 4 98 4 0
870 673 4 6 44 4 0
870 1136 4 0 6 3 0
871 994 0 2 44 5 0
872 636 4 5 45 4 0
874 26 3 9 54 4 0
875 1198 1 4 82 4 0
876 323 3 6 53 3 0
877 1190 0 6 77 4 0
878 736 1 8 84 5 0
878 565 4 8 11 3 0
880 988 2 8 44 4 0
880 232 0 2 72 4 0
883 279 3 9 79 4 0
884 147 0 4 78 5 0
884 724 3 3 56 4 0
891 582 3 4 56 3 0
893 458 3 6 10 4 0
894 355 2 1 10 5 0
896 332 0 3 14 4 0
898 425 1 8 67 4 0
898 948 2 9 51 3 0
899 341 2 1 85 4 0
902 822 3 2 35 5 0
902 238 4 4 28 4 0
903 238 0 3 93 5 0
905 97 0 1 80 3 0
905 932 3 2 22 5 0
906 289 0 0 17 4 0
907 188 1 6 52 4 0
909 84 4 1 93 3 0
910 459 1 6 7 5 0
911 949 2 2 44 3 0
911 110 3 0 52 5 0
917 43 4 5 43 4 0
917 697 4 3 13 4 0
918 543 4 5 79 4 0
922 663 3 0 40 4 0
928 981 2 2 93 3 0
929 193 2 8 7 3 0
932 712 1 8 1 3 0
933 405 2 4 94 5 0
935 854 0 0 100 3 0
936 494 1 6 43 3 0
939 304 2 1 28 4 0
941 163 4 9 31 4 0
941 1100 4 5 60 5 0
946 1153 1 5 27 5 0
949 692 1 9 99 5 0
950 639 4 9 67 3 0
952 1119 0 2 100 5 0
953 1025 3 8 70 4 0
953 653 2 9 10 4 0
954 553 1 9 66 3 0
955 234 1 1 47 5 0
957 410 4 2 8 5 0
959 782 0 8 26 5 0
961 318 4 8 50 4 0
961 843 2 6 70 3 0
962 1155 1 2 37 3 0
962 639 3 9 91 4 0
964 1155 0 1 55 4 0
965 610 3 2 4 3 0
968 165 3 4 50 4 0
968 126 2 3 67 3 0
969 170 0 8 20 3 0
971 489 0 8 57 5 0
972 1195 1 5 96 3 0
974 1126 4 9 31 5 0
976 168 4 3 51 5 0
977 442 2 4 64 3 0
978 347 2 8 91 5 0
987 319 3 3 40 5 0
987 872 0 4 58 5 0
989 186 4 9 94 4 0
990 521 4 0 66 4 0
991 913 3 7 9 5 0
991 1003 1 2 13 3 0
992 887 4 1 99 5 0
995 1047 3 3 77 5 0
997 348 3 8 15 3 0
997 576 2 8 49 5 0
998 103 1 0 18 3 0
999 311 2 6 81 4 0
1000 137 0 7 43 5 0
1002 505 2 4 84 5 0
1002 647 1 8 7 5 0
1002 74 3 3 66 4 0
1009 284 3 6 49 5 0
1010 1157 3 3 29 4 0
1016 336 2 3 85 5 0
1020 747 4 1 79 3 0
1021 552 4 2 9 5 0
1021 718 4 6 69 4 0
1022 245 2 2 53 4 0
1022 505 0 7 8 3 0
1023 1096 2 5 75 4 0
1024 447 4 2 57 5 0
1024 467 0 4 73 4 0
1028 346 2 6 66 4 0
1028 730 0 6 92 3 0
1029 842 2 2 81 3 0
1030 143 4 2 89 5 0
1030 714 1 3 44 4 0
1032 346 3 8 17 4 0
1032 1196 2 2 72 3 0
1034 555 1 7 54 3 0
1035 777 2 8 69 4 0
1039 1009 0 2 22 4 0
1040 15 3 1 90 3 0
1046 686 1 3 93 3 0
1047 593 4 4 17 3 0
1048 240 3 7 72 5 0
1049 968 0 7 12 5 0
1049 334 3 5 74 5 0
1050 944 2 1 17 3 0
1053 1160 3 2 46 4 0
1053 1174 2 0 33 5 0
1055 841 1 1 59 3 0
1055 913 2 9 93 3 0
1055 884 2 6 96 3 0
1056 38 2 4 42 5 0
1056 393 1 5 32 5 0
1058 742 1 8 77 4 0
1061 1109 3 8 48 5 0
1062 855 3 2 22 5 0
1063 595 2 9 54 3 0
1063 1087 0 1 48 4 0
1065 911 3 1 43 4 0
1070 1110 2 1 91 4 0
1070 59 3 5 47 3 0
1070 658 4 2 52 3 0
1072 507 4 1 25 5 0
1072 956 0 8 19 5 0
1072 948 1 4 7 3 0
1073 1061 4 3 31 3 0
1075 291 2 4 6 5 0
1077 87 0 6 69 3 0
1078 956 1 0 77 5 0
1085 186 0 7 15 3 0
1088 590 3 5 43 3 0
1089 1105 3 4 70 4 0
1091 970 4 1 23 4 0
1091 707 4 2 2 3 0
1101 863 1 1 45 3 0
1105 666 3 8 30 3 0
1106 3 1 4 15 3 0
1106 787 1 2 58 3 0
1106 918 0 9 9 4 0
1109 616 2 2 14 3 0
1109 662 4 1 16 4 0
1114 1100 3 2 59 5 0
1115 306 0 6 93 5 0
1115 236 4 2 52 5 0
1124 626 1 6 72 4 0
1124 5 4 3 23 5 0
1127 986 1 1 42 3 0
1127 549 1 1 91 4 0
1128 446 4 7 89 3 0
1128 298 1 9 94 3 0
1129 628 0 0 33 5 0
1130 750 4 3 90 5 0
1130 856 0 4 94 4 0
1131 534 0 0 20 4 0
1134 250 1 9 20 4 0
1135 919 1 2 59 4 0
1135 365 1 8 2 5 0
1137 747 2 0 44 3 0
1137 82 1 4 86 5 0
1138 86 4 8 83 4 0
1140 823 1 6 89 4 0
1140 842 4 2 57 4 0
1143 294 2 2 67 3 0
1148 418 4 7 42 4 0
1149 240 0 9 41 4 0
1149 845 1 0 8 3 0
1150 210 2 9 88 3 0
1150 1101 1 7 88 3 0
1151 355 1 4 2 4 0
1151 1197 1 2 59 4 0
1152 1063 0 4 33 3 0
1153 914 4 0 8 4 0
1155 78 0 3 73 3 0
1156 604 2 3 48 3 0
1162 431 1 6 28 3 0
1166 46 2 6 4 4 0
1167 614 4 8 22 5 0
1168 845 0 9 63 3 0
1169 1113 0 0 66 5 0
1169 805 4 4 21 5 0
1169 895 4 6 57 5 0
1170 27 4 9 16 3 0
1171 741 4 4 13 5 0
1177 724 4 2 28 5 0
1177 444 4 2 99 5 0
1177 946 1 4 30 3 0
1179 970 3 0 42 4 0
1180 656 3 9 72 4 0
1180 1098 3 1 14 4 0
1181 1130 1 2 79 5 0
1182 59 3 2 29 5 0
1185 188 0 6 94 5 0
1191 488 3 3 82 4 0
1192 1163 4 0 13 5 0
1192 663 0 4 73 3 0
1192 798 0 9 91 5 0
1193 219 3 3 57 5 0
1193 226 3 7 78 5 0
1193 1045 1 3 95 5 0
1193 843 1 4 67 3 0
1195 49 3 3 78 5 0
1195 863 0 5 23 4 0
1197 438 1 4 32 3 0
1198 774 1 4 89 5 0

