10

5
0 20 20 20 20 20 20 20 20 20 20
1 20 20 20 20 20 20 20 20 20 20
2 20 20 20 20 20 20 20 20 20 20
3 20 20 20 20 20 20 20 20 20 20
4 20 20 20 20 20 20 20 20 20 20

25
309 532 100000 6 0
0 126 2 2
1 108 6 8
2 137 8 7
5 113 4 6
6 140 6 6
9 127 2 9
1007 829 100000 6 1
0 139 2 1
1 117 4 4
2 136 4 1
3 100 10 5
4 117 3 6
9 138 8 3
560 1138 100000 6 3
1 107 10 1
2 133 4 7
3 111 3 2
5 107 5 1
6 141 6 7
9 129 9 1
336 240 100000 6 3
0 147 2 2
1 121 5 2
5 142 5 1
7 150 1 4
8 114 9 9
9 144 1 3
48 1079 100000 6 2
1 124 3 2
2 128 8 1
3 111 4 5
4 125 2 5
6 113 6 10
8 119 3 2
9 565 100000 6 1
0 104 10 8
1 113 1 9
4 104 9 10
5 121 1 3
6 117 5 10
7 106 1 1
432 423 100000 6 1
1 103 3 10
4 124 9 7
5 125 5 1
6 149 8 2
7 137 8 6
9 114 4 5
922 689 100000 6 4
0 105 6 1
2 148 2 8
3 115 9 3
5 118 1 3
6 143 6 6
9 133 3 1
470 886 100000 6 3
3 141 5 10
4 148 2 8
6 117 6 3
7 129 4 8
8 108 6 6
9 140 9 3
1103 252 100000 6 2
0 113 9 9
3 145 5 8
4 140 3 3
5 108 5 1
6 136 2 3
8 121 5 4
650 174 100000 6 2
0 102 8 8
1 125 9 2
2 141 3 5
4 132 9 7
7 110 8 8
8 143 9 8
313 365 100000 6 4
1 107 4 4
3 146 5 4
4 132 5 7
6 130 2 6
7 133 4 3
8 135 10 6
598 308 100000 6 2
0 146 3 9
2 104 3 10
4 132 9 1
5 107 5 7
6 136 2 9
8 112 10 8
910 834 100000 6 4
0 110 4 5
1 114 2 2
2 135 9 10
4 128 7 6
7 150 4 9
9 146 3 9
114 924 100000 6 4
0 140 2 6
1 100 1 10
4 147 3 3
5 114 2 8
6 126 1 1
8 138 4 7
1106 1149 100000 6 0
1 109 10 2
3 147 1 6
4 111 4 3
5 114 5 1
7 107 1 4
8 127 9 10
775 565 100000 6 0
0 132 9 9
1 130 3 3
2 113 9 6
5 108 3 5
8 150 2 3
9 135 5 8
416 173 100000 6 0
0 119 6 1
1 116 1 8
2 100 6 5
5 144 8 8
8 150 5 1
9 101 1 2
41 1043 100000 6 3
0 125 1 5
1 147 1 9
4 137 2 1
6 120 2 8
7 127 2 6
9 133 1 1
240 1154 100000 6 3
0 104 9 2
3 145 2 4
5 116 10 8
7 129 8 1
8 102 8 2
9 111 3 10
1069 443 100000 6 0
0 122 10 10
2 129 6 8
3 131 1 5
4 138 2 6
8 147 4 5
9 149 3 10
1193 1172 100000 6 1
0 112 2 8
1 129 9 5
2 114 1 7
3 115 5 6
4 119 4 6
8 131 7 2
419 417 100000 6 4
2 104 1 3
3 130 4 10
5 137 9 1
6 130 5 1
7 106 9 8
8 102 4 2
34 275 100000 6 2
0 113 5 9
1 117 6 4
3 145 4 7
5 103 5 9
6 139 1 9
8 115 8 6
862 670 100000 6 1
1 117 3 2
2 144 3 1
5 108 4 2
6 137 1 4
7 105 6 4
9 102 8 4

1500
0 151 3 4 33 4 0
0 151 2 5 43 3 0
2 320 0 2 1 4 0
3 256 2 7 43 3 0
4 965 1 8 76 3 0
5 1136 0 7 5 3 0
5 668 0 3 28 4 0
5 552 3 2 52 5 0
6 916 0 5 57 4 0
8 186 0 2 57 5 0
9 953 3 9 9 3 0
9 1181 1 9 75 3 0
9 103 4 7 30 4 0
9 8 0 8 3 4 0
10 564 2 7 74 4 0
10 1126 2 4 69 5 0
10 343 1 8 3 5 0
12 356 3 7 4 3 0
13 269 3 3 1 3 0
13 737 1 8 94 4 0
14 270 2 0 13 4 0
14 23 0 7 30 3 0
14 318 0 6 7 4 0
16 932 2 3 82 4 0
16 547 0 4 98 4 0
18 302 0 4 96 3 0
19 1198 0 7 91 5 0
19 297 2 0 35 3 0
19 121 0 7 49 5 0
20 631 0 0 43 3 0
21 1080 2 7 19 4 0
21 683 3 0 67 4 0
21 1062 3 4 16 3 0
24 1018 3 6 78 4 0
25 605 3 1 65 4 0
25 983 3 9 49 3 0
26 633 2 9 65 4 0
28 248 4 0 92 4 0
28 1082 3 9 29 4 0
29 894 1 4 19 4 0
29 711 1 5 83 3 0
30 525 0 9 44 3 0
32 159 4 7 5 5 0
33 1035 4 6 59 3 0
33 396 3 0 74 3 0
34 1076 3 0 43 3 0
34 540 1 3 20 3 0
34 260 2 9 80 5 0
35 1083 0 6 2 4 0
36 120 4 0 94 5 0
38 1060 1 5 18 5 0
39 1184 3 7 71 3 0
41 814 0 6 15 4 0
41 584 4 8 60 5 0
44 191 1 9 19 5 0
45 411 2 3 49 4 0
45 662 1 0 60 4 0
46 893 4 5 29 3 0
46 697 0 5 41 4 0
46 1053 4 8 32 3 0
46 103 4 7 89 5 0
46 645 3 1 26 5 0
48 207 1 1 46 3 0
48 698 1 2 51 3 0
49 809 3 9 8 3 0
49 922 3 7 35 3 0
49 1136 1 4 33 4 0
50 701 0 0 12 3 0
51 587 3 1 52 5 0
53 1157 3 7 51 4 0
53 595 2 7 82 5 0
53 928 1 1 6 3 0
54 1193 4 6 31 3 0
55 603 1 8 52 3 0
55 1038 2 3 14 3 0
55 1050 3 5 44 5 0
55 199 4 1 75 3 0
56 396 3 6 13 3 0
56 285 3 6 2 3 0
56 56 0 7 23 4 0
57 465 3 2 86 5 0
58 1104 4 0 63 5 0
58 479 4 5 98 4 0
58 336 3 8 55 5 0
58 830 0 3 62 4 0
61 1116 1 6 73 5 0
61 350 0 0 88 3 0
62 122 0 6 16 5 0
62 137 2 9 56 3 0
63 1156 3 3 26 5 0
63 479 2 3 16 3 0
63 104 0 1 4 4 0
64 272 0 2 61 3 0
65 397 2 9 3 4 0
68 1045 1 8 2 5 0
70 151 2 1 84 4 0
70 594 4 3 41 5 0
71 1113 1 1 80 3 0
71 454 2 4 31 3 0
71 777 0 7 67 4 0
72 795 1 7 91 4 0
72 453 0 6 53 3 0
75 881 3 7 18 5 0
76 212 3 8 47 4 0
78 255 4 7 81 3 0
79 826 2 2 19 3 0
79 415 2 5 35 3 0
80 765 1 2 25 5 0
81 50 3 4 89 5 0
81 556 0 5 31 5 0
82 1018 3 3 84 3 0
82 85 0 0 84 4 0
84 174 3 5 87 4 0
84 253 2 7 49 3 0
84 732 1 7 14 3 0
85 830 4 9 49 4 0
86 79 3 7 10 3 0
86 269 3 8 86 4 0
88 941 1 5 67 4 0
88 1023 3 3 20 3 0
90 580 4 7 56 5 0
90 411 4 6 34 3 0
91 660 0 7 81 4 0
91 757 2 4 48 4 0
92 1029 0 4 34 4 0
92 386 1 7 12 3 0
93 134 0 8 4 4 0
94 965 1 3 23 4 0
94 781 1 5 73 4 0
94 657 3 9 56 5 0
96 1169 3 3 88 4 0
99 1016 4 6 18 5 0
99 270 2 7 94 5 0
99 111 2 7 52 4 0
100 173 2 7 58 4 0
100 576 4 0 8 5 0
102 45 2 7 65 4 0
102 767 4 5 32 4 0
102 265 2 1 51 5 0
102 1158 4 9 64 3 0
103 354 2 2 98 3 0
103 552 0 1 9 5 0
103 551 0 8 51 4 0
104 1000 1 9 53 4 0
105 124 2 9 85 5 0
105 682 3 5 59 4 0
106 875 1 3 80 3 0
106 311 4 6 49 4 0
107 218 0 2 100 5 0
107 771 3 0 55 4 0
108 1054 2 1 25 4 0
108 615 4 5 98 3 0
110 177 3 3 59 3 0
111 279 4 5 41 5 0
111 1091 0 8 28 3 0
112 154 3 6 79 3 0
112 1194 4 5 27 5 0
113 217 3 6 9 4 0
114 930 0 8 48 3 0
115 936 0 8 10 3 0
115 470 4 4 87 3 0
115 83 4 9 94 5 0
116 458 0 6 40 3 0
116 143 4 4 71 4 0
117 1155 2 6 14 3 0
117 28 0 8 45 3 0
117 906 3 5 13 3 0
117 444 2 0 58 3 0
118 791 0 9 77 5 0
119 593 4 5 74 5 0
120 994 0 1 79 4 0
122 437 0 6 38 4 0
125 799 1 2 76 5 0
125 343 1 1 33 5 0
125 144 4 0 15 3 0
126 863 2 3 77 3 0
129 869 1 5 10 4 0
130 780 1 7 58 5 0
132 808 1 1 28 3 0
133 706 1 4 2 4 0
134 806 0 4 98 4 0
135 1044 3 8 25 5 0
136 369 3 0 26 3 0
136 959 4 7 27 5 0
136 123 2 1 83 5 0
138 792 0 1 59 4 0
140 51 0 0 73 3 0
140 499 3 8 45 4 0
140 217 3 4 31 4 0
143 1013 0 0 51 4 0
144 1125 2 7 22 4 0
144 954 3 3 98 3 0
144 913 3 8 4 3 0
145 390 0 5 89 4 0
145 1151 1 7 42 3 0
146 824 4 0 87 5 0
150 3 0 7 81 4 0
150 519 3 5 11 4 0
150 1138 0 3 17 4 0
151 186 1 2 60 4 0
151 941 4 7 2 4 0
152 566 3 0 61 5 0
152 645 2 4 97 5 0
153 351 4 9 63 4 0
154 539 1 3 57 4 0
155 322 1 8 69 3 0
158 248 2 0 23 4 0
158 182 3 1 10 5 0
158 772 0 8 12 4 0
160 1153 4 7 36 4 0
160 1158 0 0 3 3 0
161 1098 0 0 23 4 0
161 1075 1 7 63 4 0
162 473 3 6 72 3 0
162 693 0 5 35 3 0
162 1012 2 3 83 4 0
163 32 4 3 33 5 0
164 1097 0 1 88 5 0
164 247 0 8 44 3 0
164 233 3 0 60 5 0
166 817 1 3 89 4 0
167 109 0 6 2 5 0
167 131 1 8 14 5 0
167 103 2 8 44 3 0
169 1046 3 2 91 5 0
170 965 3 4 74 4 0
170 1026 3 8 28 5 0
171 184 4 4 9 3 0
171 438 2 2 82 5 0
171 130 4 5 83 5 0
171 1026 0 0 11 3 0
172 283 1 6 15 5 0
172 1132 0 6 47 4 0
173 1094 2 2 43 5 0
175 423 0 0 95 5 0
177 58 4 3 40 4 0
177 247 0 4 98 3 0
180 60 1 9 10 4 0
181 1002 4 3 16 3 0
183 668 4 2 77 5 0
183 1110 3 7 59 4 0
185 886 0 6 75 3 0
185 425 2 4 56 4 0
187 1119 3 2 45 4 0
187 1111 3 7 84 3 0
188 686 3 0 100 3 0
188 218 3 2 66 4 0
189 407 2 1 18 4 0
189 1056 1 1 33 4 0
189 181 2 5 27 5 0
190 149 2 5 7 4 0
193 709 1 5 80 3 0
195 156 1 4 71 5 0
195 289 1 6 80 4 0
196 283 2 6 81 5 0
197 56 3 9 60 4 0
200 792 4 0 70 4 0
200 329 1 5 39 5 0
200 825 4 4 57 3 0
201 532 1 8 28 4 0
202 794 0 9 77 4 0
203 710 1 6 34 5 0
204 170 3 5 40 4 0
205 106 3 4 66 3 0
205 241 1 7 94 4 0
206 903 2 3 94 4 0
207 1109 4 3 2 4 0
207 1018 1 1 18 5 0
208 682 4 9 46 3 0
209 466 3 3 24 5 0
209 370 2 7 32 4 0
209 419 0 8 94 3 0
212 334 3 9 76 4 0
213 1064 3 7 27 4 0
214 801 2 0 98 3 0
214 32 4 0 53 3 0
215 590 4 5 62 4 0
215 233 2 4 76 3 0
215 999 3 9 79 3 0
217 954 2 6 33 4 0
217 1175 2 2 69 3 0
219 855 4 1 12 4 0
220 925 1 6 82 5 0
220 346 4 5 94 3 0
221 507 4 9 45 5 0
221 143 0 4 95 5 0
221 1176 1 5 83 3 0
222 501 0 3 81 4 0
223 415 4 9 1 3 0
223 274 2 3 36 4 0
223 951 4 8 4 5 0
223 221 1 0 71 5 0
224 973 2 1 81 3 0
226 1102 3 8 29 4 0
226 167 3 1 35 3 0
226 649 2 5 78 3 0
227 317 1 5 29 5 0
227 203 2 0 57 4 0
227 556 4 0 32 5 0
228 1182 0 9 11 3 0
228 488 4 8 13 3 0
229 647 3 3 1 3 0
231 408 2 5 4 4 0
232 674 2 9 73 4 0
232 350 1 1 73 3 0
233 169 0 5 80 5 0
233 1172 3 7 53 3 0
234 963 0 1 49 4 0
235 924 0 8 1 4 0
235 251 2 9 7 5 0
236 123 3 5 43 5 0
236 376 3 8 37 5 0
236 561 3 8 88 5 0
236 763 3 2 68 4 0
237 157 3 6 27 4 0
238 318 0 1 38 3 0
238 111 1 3 91 3 0
238 471 2 8 98 5 0
239 864 4 1 90 4 0
239 645 4 2 93 3 0
240 120 1 3 76 4 0
240 207 0 0 49 4 0
241 993 2 1 81 5 0
241 371 4 2 55 4 0
242 423 3 0 25 4 0
242 579 2 9 18 5 0
242 608 2 7 81 4 0
243 636 4 5 31 5 0
244 730 1 6 70 5 0
244 948 1 9 15 3 0
244 999 0 7 69 4 0
245 1000 1 9 14 5 0
245 551 4 5 90 5 0
247 325 0 6 94 5 0
247 850 1 7 96 5 0
248 54 0 7 58 3 0
251 875 0 5 95 5 0
251 319 1 2 42 3 0
252 612 4 0 22 3 0
252 20 0 7 16 5 0
254 23 4 6 44 3 0
254 1034 2 9 45 4 0
257 624 2 1 43 5 0
258 75 0 4 30 5 0
258 136 0 4 92 5 0
259 740 0 2 7 4 0
260 601 3 8 96 5 0
261 460 3 3 8 5 0
262 581 4 4 43 3 0
263 663 3 6 73 5 0
264 491 3 8 60 3 0
267 55 2 1 92 5 0
267 1113 1 9 33 3 0
267 751 4 2 50 4 0
268 451 0 8 7 3 0
269 208 3 5 3 5 0
269 139 0 1 59 3 0
270 530 2 2 38 4 0
270 186 3 2 32 5 0
271 1081 2 9 84 3 0
271 1017 2 9 26 4 0
272 373 4 3 40 5 0
273 594 2 1 36 5 0
274 23 0 6 45 3 0
275 809 0 0 79 4 0
276 596 0 2 82 4 0
276 921 3 3 62 5 0
276 778 0 5 45 5 0
279 134 2 2 70 4 0
279 633 0 3 11 5 0
280 783 3 1 21 5 0
280 242 0 0 20 4 0
280 540 3 8 60 3 0
282 443 1 1 71 4 0
283 904 3 3 21 5 0
283 891 2 4 45 4 0
284 132 4 2 87 3 0
285 795 0 3 66 5 0
286 1030 3 3 33 4 0
286 1011 3 0 74 5 0
286 57 2 6 27 5 0
286 129 0 6 88 5 0
287 1121 2 2 67 3 0
287 457 0 7 43 4 0
289 631 1 1 67 3 0
290 348 3 9 63 3 0
290 533 2 7 12 4 0
291 1015 3 6 96 3 0
293 315 3 6 100 4 0
294 876 0 2 63 3 0
294 634 0 4 39 4 0
295 710 1 1 39 4 0
295 666 1 2 77 5 0
296 682 2 8 51 4 0
296 711 4 3 27 5 0
297 1098 4 6 32 5 0
298 578 1 2 4 3 0
299 1130 4 3 37 4 0
299 524 2 8 83 3 0
300 693 4 7 50 5 0
301 397 1 5 46 3 0
301 372 3 1 65 5 0
301 958 1 7 81 4 0
301 467 1 0 10 5 0
301 533 4 0 69 4 0
302 277 1 0 44 5 0
303 437 3 8 37 5 0
303 452 4 9 44 5 0
304 692 1 2 6 4 0
305 1076 2 7 16 4 0
305 468 4 5 83 5 0
306 536 1 7 56 5 0
307 274 4 1 95 4 0
307 863 2 4 98 4 0
309 673 4 6 44 4 0
309 1136 4 0 6 3 0
310 994 0 2 44 5 0
310 636 4 5 45 4 0
312 26 3 9 54 4 0
312 1198 1 4 82 4 0
313 323 3 6 53 3 0
314 1190 0 6 77 4 0
315 736 1 8 84 5 0
315 565 4 8 11 3 0
315 988 2 8 44 4 0
317 232 0 2 72 4 0
318 279 3 9 79 4 0
318 147 0 4 78 5 0
319 724 3 3 56 4 0
321 582 3 4 56 3 0
321 458 3 6 10 4 0
322 355 2 1 10 5 0
322 332 0 3 14 4 0
322 425 1 8 67 4 0
323 948 2 9 51 3 0
323 341 2 1 85 4 0
323 822 3 2 35 5 0
324 238 4 4 28 4 0
326 238 0 3 93 5 0
327 97 0 1 80 3 0
328 932 3 2 22 5 0
328 289 0 0 17 4 0
328 188 1 6 52 4 0
330 84 4 1 93 3 0
332 459 1 6 7 5 0
332 949 2 2 44 3 0
333 110 3 0 52 5 0
334 43 4 5 43 4 0
335 697 4 3 13 4 0
336 543 4 5 79 4 0
338 663 3 0 40 4 0
338 981 2 2 93 3 0
338 193 2 8 7 3 0
338 712 1 8 1 3 0
338 405 2 4 94 5 0
338 854 0 0 100 3 0
339 494 1 6 43 3 0
339 304 2 1 28 4 0
340 163 4 9 31 4 0
341 1100 4 5 60 5 0
342 1153 1 5 27 5 0
342 692 1 9 99 5 0
344 639 4 9 67 3 0
344 1119 0 2 100 5 0
344 1025 3 8 70 4 0
344 653 2 9 10 4 0
345 553 1 9 66 3 0
345 234 1 1 47 5 0
346 410 4 2 8 5 0
347 782 0 8 26 5 0
347 318 4 8 50 4 0
348 843 2 6 70 3 0
348 1155 1 2 37 3 0
349 639 3 9 91 4 0
349 1155 0 1 55 4 0
351 610 3 2 4 3 0
353 165 3 4 50 4 0
353 126 2 3 67 3 0
353 170 0 8 20 3 0
356 489 0 8 57 5 0
357 1195 1 5 96 3 0
357 1126 4 9 31 5 0
358 168 4 3 51 5 0
359 442 2 4 64 3 0
359 347 2 8 91 5 0
359 319 3 3 40 5 0
360 872 0 4 58 5 0
362 186 4 9 94 4 0
362 521 4 0 66 4 0
364 913 3 7 9 5 0
365 1003 1 2 13 3 0
365 887 4 1 99 5 0
366 1047 3 3 77 5 0
367 348 3 8 15 3 0
368 576 2 8 49 5 0
368 103 1 0 18 3 0
369 311 2 6 81 4 0
369 137 0 7 43 5 0
369 505 2 4 84 5 0
370 647 1 8 7 5 0
370 74 3 3 66 4 0
370 284 3 6 49 5 0
374 1157 3 3 29 4 0
376 336 2 3 85 5 0
377 747 4 1 79 3 0
377 552 4 2 9 5 0
378 718 4 6 69 4 0
379 245 2 2 53 4 0
379 505 0 7 8 3 0
379 1096 2 5 75 4 0
379 447 4 2 57 5 0
380 467 0 4 73 4 0
381 346 2 6 66 4 0
383 730 0 6 92 3 0
383 842 2 2 81 3 0
384 143 4 2 89 5 0
384 714 1 3 44 4 0
385 346 3 8 17 4 0
386 1196 2 2 72 3 0
386 555 1 7 54 3 0
386 777 2 8 69 4 0
387 1009 0 2 22 4 0
387 15 3 1 90 3 0
388 686 1 3 93 3 0
390 593 4 4 17 3 0
391 240 3 7 72 5 0
391 968 0 7 12 5 0
393 334 3 5 74 5 0
393 944 2 1 17 3 0
394 1160 3 2 46 4 0
395 1174 2 0 33 5 0
395 841 1 1 59 3 0
396 913 2 9 93 3 0
396 884 2 6 96 3 0
396 38 2 4 42 5 0
399 393 1 5 32 5 0
399 742 1 8 77 4 0
401 1109 3 8 48 5 0
402 855 3 2 22 5 0
403 595 2 9 54 3 0
404 1087 0 1 48 4 0
406 911 3 1 43 4 0
409 1110 2 1 91 4 0
410 59 3 5 47 3 0
412 658 4 2 52 3 0
414 507 4 1 25 5 0
414 956 0 8 19 5 0
415 948 1 4 7 3 0
415 1061 4 3 31 3 0
416 291 2 4 6 5 0
419 87 0 6 69 3 0
420 956 1 0 77 5 0
425 186 0 7 15 3 0
428 590 3 5 43 3 0
428 1105 3 4 70 4 0
428 970 4 1 23 4 0
428 707 4 2 2 3 0
428 863 1 1 45 3 0
429 666 3 8 30 3 0
430 3 1 4 15 3 0
430 787 1 2 58 3 0
431 918 0 9 9 4 0
431 616 2 2 14 3 0
432 662 4 1 16 4 0
433 1100 3 2 59 5 0
433 306 0 6 93 5 0
434 236 4 2 52 5 0
434 626 1 6 72 4 0
434 5 4 3 23 5 0
435 986 1 1 42 3 0
436 549 1 1 91 4 0
437 446 4 7 89 3 0
439 298 1 9 94 3 0
440 628 0 0 33 5 0
441 750 4 3 90 5 0
441 856 0 4 94 4 0
442 534 0 0 20 4 0
443 250 1 9 20 4 0
443 919 1 2 59 4 0
444 365 1 8 2 5 0
444 747 2 0 44 3 0
445 82 1 4 86 5 0
445 86 4 8 83 4 0
446 823 1 6 89 4 0
446 842 4 2 57 4 0
447 294 2 2 67 3 0
447 418 4 7 42 4 0
448 240 0 9 41 4 0
448 845 1 0 8 3 0
448 210 2 9 88 3 0
449 1101 1 7 88 3 0
449 355 1 4 2 4 0
450 1197 1 2 59 4 0
451 1063 0 4 33 3 0
452 914 4 0 8 4 0
452 78 0 3 73 3 0
453 604 2 3 48 3 0
453 431 1 6 28 3 0
454 46 2 6 4 4 0
455 614 4 8 22 5 0
457 845 0 9 63 3 0
457 1113 0 0 66 5 0
458 805 4 4 21 5 0
459 895 4 6 57 5 0
460 27 4 9 16 3 0
462 741 4 4 13 5 0
464 724 4 2 28 5 0
464 444 4 2 99 5 0
464 946 1 4 30 3 0
464 970 3 0 42 4 0
465 656 3 9 72 4 0
466 1098 3 1 14 4 0
467 1130 1 2 79 5 0
467 59 3 2 29 5 0
468 188 0 6 94 5 0
468 488 3 3 82 4 0
469 1163 4 0 13 5 0
469 663 0 4 73 3 0
471 798 0 9 91 5 0
472 219 3 3 57 5 0
473 226 3 7 78 5 0
473 1045 1 3 95 5 0
473 843 1 4 67 3 0
475 49 3 3 78 5 0
475 863 0 5 23 4 0
477 438 1 4 32 3 0
477 774 1 4 89 5 0
477 210 0 8 26 5 0
478 864 2 0 24 5 0
478 502 4 6 71 5 0
479 597 1 2 39 3 0
479 752 1 3 46 5 0
480 806 4 4 79 4 0
480 143 1 5 21 4 0
485 448 1 5 65 4 0
488 698 1 2 72 5 0
489 443 2 1 93 3 0
489 106 2 2 32 3 0
492 125 0 5 53 4 0
493 1036 0 3 90 3 0
493 1114 0 1 78 5 0
493 1079 4 3 64 5 0
494 397 0 5 69 3 0
494 227 2 1 15 5 0
495 322 2 7 21 3 0
495 73 1 2 58 3 0
496 1133 1 8 40 5 0
498 88 0 8 18 4 0
499 207 0 4 80 3 0
503 117 4 8 91 5 0
503 363 3 5 84 4 0
503 547 3 0 22 3 0
504 451 4 9 27 5 0
504 743 1 3 59 3 0
504 349 4 4 86 5 0
505 164 4 4 59 5 0
505 245 2 4 46 5 0
506 1103 3 8 37 5 0
506 801 0 7 11 4 0
507 954 3 2 36 4 0
508 1050 4 9 82 3 0
510 232 1 5 38 4 0
511 300 0 4 77 5 0
513 507 2 4 33 4 0
513 85 3 8 7 5 0
513 1036 1 6 16 4 0
513 1110 1 0 54 5 0
514 314 0 9 32 5 0
514 13 2 0 28 3 0
516 327 3 4 84 4 0
516 371 2 0 21 4 0
517 952 3 0 71 4 0
517 803 0 7 85 3 0
518 200 4 3 8 3 0
519 258 4 9 56 4 0
519 1031 4 3 8 5 0
519 154 3 4 38 4 0
519 1034 0 9 57 3 0
522 382 0 3 33 5 0
522 1187 1 9 5 4 0
523 784 0 8 8 4 0
524 409 3 7 20 5 0
526 360 3 8 9 4 0
528 801 4 2 91 4 0
528 939 2 5 77 5 0
529 391 3 4 59 4 0
529 582 0 0 53 4 0
530 1038 0 5 47 5 0
531 288 0 2 97 4 0
532 779 3 5 89 3 0
533 659 3 0 25 5 0
533 1002 1 9 38 3 0
533 587 3 2 99 3 0
534 481 3 1 5 3 0
534 92 4 7 79 4 0
534 876 4 6 21 5 0
535 772 4 8 82 4 0
536 1031 1 2 38 4 0
537 405 0 4 51 4 0
537 134 3 7 66 4 0
540 382 4 9 9 4 0
541 757 0 0 42 5 0
541 1053 4 0 42 4 0
542 739 3 9 54 3 0
542 654 2 2 8 3 0
542 574 4 6 46 5 0
543 477 0 9 11 5 0
546 1021 0 7 26 4 0
547 884 2 8 94 5 0
548 478 1 4 37 4 0
548 298 2 7 65 3 0
548 317 1 8 83 3 0
549 565 1 7 47 3 0
551 193 1 8 68 5 0
552 101 3 4 46 3 0
553 529 0 9 100 5 0
554 954 2 9 43 3 0
555 46 0 9 2 5 0
556 140 2 9 73 4 0
557 11 4 6 57 4 0
558 177 4 2 89 5 0
559 533 2 0 20 3 0
559 812 1 0 44 3 0
559 596 2 8 83 5 0
559 554 2 8 14 4 0
559 954 3 8 58 5 0
561 254 3 4 82 4 0
561 301 4 8 9 5 0
561 721 2 9 18 5 0
562 1043 2 4 72 5 0
562 486 1 1 86 4 0
562 669 0 8 51 3 0
563 1160 2 2 77 3 0
564 111 0 6 38 4 0
564 1122 0 9 29 5 0
565 383 3 1 6 4 0
566 870 4 5 60 4 0
568 800 0 1 42 4 0
569 69 3 4 2 5 0
569 423 3 8 50 3 0
570 498 0 2 25 3 0
570 200 0 7 83 3 0
570 488 0 1 93 4 0
571 1160 3 7 88 3 0
572 565 1 0 84 5 0
572 918 1 6 65 3 0
575 57 4 3 66 3 0
575 166 0 6 85 4 0
575 703 1 4 3 3 0
575 795 2 4 28 3 0
577 928 3 9 85 3 0
577 1131 3 1 74 5 0
577 27 1 0 50 5 0
578 1098 1 6 69 3 0
578 1148 0 1 68 5 0
579 719 3 8 87 3 0
579 12 0 0 39 3 0
579 1049 2 5 91 4 0
582 35 2 2 74 3 0
582 970 1 5 70 3 0
583 533 0 2 49 5 0
583 653 4 0 94 3 0
583 1181 1 4 14 4 0
585 1079 3 5 28 4 0
586 705 1 8 22 5 0
586 21 4 2 91 3 0
586 603 2 6 68 3 0
587 172 3 3 94 5 0
587 1125 3 8 48 4 0
587 535 0 4 57 3 0
587 1100 1 5 46 4 0
587 278 0 4 32 4 0
587 695 4 7 96 5 0
587 271 4 9 93 4 0
588 321 3 5 32 5 0
588 536 3 4 89 4 0
590 1024 2 2 84 5 0
590 611 3 2 7 4 0
591 1052 0 7 68 5 0
591 135 1 9 2 3 0
592 1043 2 8 29 5 0
594 507 0 3 50 3 0
594 923 4 4 33 3 0
595 627 3 6 50 4 0
597 790 2 8 91 3 0
601 1044 2 4 40 5 0
602 44 4 7 15 4 0
603 1148 4 0 60 5 0
604 702 3 5 53 4 0
604 1044 2 7 15 4 0
605 60 4 2 94 5 0
605 81 2 6 92 5 0
607 1083 1 6 68 5 0
607 956 3 0 75 3 0
608 991 0 2 95 4 0
609 75 3 7 67 5 0
609 1066 2 4 58 4 0
609 62 0 7 96 5 0
611 567 4 8 14 3 0
611 152 0 5 50 4 0
611 1042 4 3 18 4 0
612 1186 3 3 61 4 0
614 595 4 4 18 5 0
614 733 4 3 38 4 0
614 401 4 0 94 3 0
616 559 3 8 70 5 0
616 126 0 3 19 4 0
617 51 3 4 74 3 0
617 1069 0 9 26 4 0
618 3 0 7 57 5 0
618 679 3 8 40 5 0
619 1052 1 0 13 5 0
620 695 3 0 23 3 0
621 479 0 4 23 5 0
621 299 3 0 33 3 0
623 337 4 1 42 3 0
624 238 1 7 44 3 0
625 1146 3 7 41 3 0
625 289 2 2 65 3 0
625 840 1 2 89 3 0
625 909 0 8 24 5 0
625 933 2 0 8 5 0
626 60 4 2 57 3 0
626 741 2 6 74 5 0
626 7 4 4 93 4 0
626 646 1 9 84 3 0
630 1010 0 6 53 3 0
630 654 0 7 40 3 0
631 349 1 8 39 4 0
632 1021 3 1 8 4 0
632 377 4 0 66 5 0
633 703 3 2 1 4 0
633 958 0 9 44 5 0
635 544 4 5 74 4 0
635 409 3 5 84 5 0
639 859 2 3 13 3 0
639 1029 1 8 9 3 0
639 362 3 4 57 3 0
641 5 0 2 70 3 0
642 881 2 1 81 3 0
642 186 1 3 21 5 0
644 179 1 5 31 5 0
645 741 0 9 42 5 0
645 519 3 4 38 3 0
646 843 2 1 39 5 0
647 1132 1 8 72 5 0
647 1126 3 8 27 5 0
648 996 1 1 61 5 0
649 1164 4 0 14 5 0
649 123 1 9 11 3 0
649 588 0 3 54 5 0
651 713 3 3 63 4 0
651 886 1 4 89 5 0
652 1097 0 3 83 4 0
652 1189 3 2 76 5 0
652 1049 4 1 90 3 0
653 307 1 1 5 3 0
653 615 4 6 50 4 0
653 321 2 9 66 5 0
654 417 3 1 1 4 0
654 609 3 6 8 5 0
654 153 3 4 55 3 0
655 226 4 8 4 5 0
657 422 1 5 80 3 0
657 821 0 0 10 4 0
658 464 1 1 81 4 0
658 666 2 7 20 3 0
658 71 2 3 42 4 0
659 107 2 2 54 4 0
660 84 0 1 28 5 0
660 977 1 9 36 5 0
661 32 1 9 19 5 0
663 981 3 0 56 5 0
664 1033 1 3 50 4 0
664 102 0 7 46 4 0
665 672 3 2 67 5 0
666 294 3 2 38 3 0
668 388 1 7 61 5 0
670 78 1 2 11 4 0
670 258 3 9 16 3 0
670 1193 0 1 66 5 0
670 1146 0 6 1 3 0
671 649 1 6 49 3 0
671 1110 3 6 8 4 0
673 242 3 3 43 3 0
673 358 2 5 89 4 0
674 298 0 8 65 5 0
676 923 4 2 55 5 0
676 1184 2 3 59 4 0
678 1127 0 7 90 3 0
678 11 0 8 20 4 0
678 867 4 9 42 5 0
679 549 0 8 69 3 0
680 248 4 1 59 4 0
680 994 3 9 2 5 0
681 882 0 9 95 3 0
681 1103 0 1 94 5 0
683 94 2 1 76 3 0
685 436 0 3 98 5 0
685 631 4 2 52 5 0
687 733 2 6 20 5 0
688 814 1 2 100 5 0
689 853 2 2 61 4 0
691 622 1 7 31 5 0
694 722 1 9 55 3 0
694 414 3 3 28 3 0
694 2 1 7 63 5 0
696 570 2 7 3 5 0
696 551 0 0 14 5 0
697 847 2 7 82 5 0
699 43 4 1 31 3 0
701 345 3 8 95 3 0
702 528 2 4 48 5 0
702 353 1 8 82 3 0
704 719 1 8 12 4 0
706 996 4 4 40 4 0
707 1142 2 5 70 5 0
707 1187 4 4 58 3 0
708 490 0 9 69 5 0
709 74 1 7 6 5 0
709 41 3 2 65 3 0
709 261 3 8 84 4 0
710 683 1 7 55 4 0
710 183 2 1 89 5 0
710 692 1 2 93 3 0
710 701 1 9 80 4 0
715 257 3 6 42 3 0
715 65 0 3 17 3 0
715 443 4 8 30 5 0
715 902 4 7 68 5 0
717 529 2 1 25 3 0
717 879 4 2 92 4 0
718 295 4 7 16 4 0
721 139 4 6 30 5 0
723 659 3 7 12 4 0
723 1144 4 1 94 3 0
725 661 0 8 95 3 0
725 472 2 3 39 3 0
725 202 0 5 29 5 0
725 846 1 9 65 4 0
726 1068 1 0 43 3 0
727 17 0 6 33 4 0
727 229 0 0 68 3 0
728 42 0 1 52 5 0
728 11 4 3 3 5 0
731 289 2 1 2 5 0
732 339 2 4 96 3 0
733 151 0 8 1 4 0
733 62 1 0 48 5 0
735 1162 4 1 77 5 0
735 187 4 9 96 4 0
736 760 4 0 15 5 0
736 893 4 9 85 5 0
737 1194 2 0 92 3 0
737 175 0 3 9 4 0
737 809 4 6 32 4 0
740 725 4 5 90 4 0
740 1195 3 4 10 3 0
740 556 3 3 17 4 0
741 31 0 2 83 4 0
743 607 4 7 13 3 0
745 189 0 8 28 3 0
746 727 3 9 16 5 0
747 96 4 7 16 3 0
749 413 3 8 85 3 0
750 236 4 3 28 5 0
750 1038 0 1 87 5 0
750 1175 2 0 22 5 0
751 1120 3 0 13 5 0
752 235 4 7 63 5 0
752 914 0 8 41 3 0
754 890 2 2 3 5 0
755 599 3 9 52 3 0
757 1114 1 9 85 3 0
757 976 0 3 57 5 0
758 535 3 3 51 4 0
758 579 3 5 79 5 0
762 310 0 9 87 4 0
762 906 3 3 32 5 0
766 956 0 5 33 3 0
766 997 1 4 86 3 0
766 170 4 9 44 4 0
766 156 2 0 50 5 0
767 1140 2 1 96 5 0
768 143 4 4 99 4 0
768 1103 0 6 29 5 0
769 187 3 7 96 3 0
770 116 3 3 72 5 0
770 1132 3 5 49 3 0
771 27 4 6 37 3 0
771 168 1 0 85 5 0
771 516 3 0 29 3 0
773 891 2 1 18 5 0
774 472 1 1 86 4 0
775 390 4 9 33 3 0
776 659 3 1 55 3 0
777 486 1 1 25 3 0
777 961 4 8 41 4 0
778 829 4 2 85 4 0
779 110 2 6 89 3 0
780 721 3 8 12 5 0
782 888 4 6 66 5 0
783 150 3 7 80 5 0
784 152 4 6 47 3 0
785 1122 2 4 51 5 0
786 735 1 8 82 3 0
788 1062 2 5 56 4 0
789 1162 1 6 26 5 0
789 244 4 7 92 4 0
790 825 4 2 27 3 0
791 69 3 0 5 4 0
791 1174 0 3 10 4 0
792 669 0 2 65 4 0
793 416 2 0 61 5 0
793 1015 2 8 6 5 0
794 146 1 5 29 5 0
796 84 2 2 93 5 0
796 445 0 7 11 3 0
796 935 4 4 85 4 0
797 629 4 1 31 4 0
797 541 1 1 54 4 0
797 78 0 1 65 4 0
798 661 3 5 55 3 0
799 1022 3 9 17 3 0
800 474 0 8 57 3 0
800 325 4 7 30 3 0
800 148 3 1 97 3 0
800 215 1 2 78 5 0
804 87 2 1 29 5 0
805 1085 2 6 72 4 0
805 852 3 7 10 4 0
806 1117 4 9 15 3 0
807 260 3 0 36 5 0
807 849 4 7 92 5 0
807 117 4 3 31 3 0
807 177 3 9 31 4 0
808 700 4 8 23 3 0
809 836 0 9 99 4 0
811 543 3 1 61 3 0
811 490 2 3 61 3 0
811 624 4 3 4 4 0
812 429 4 1 61 4 0
812 961 0 3 39 3 0
813 238 0 0 78 4 0
814 809 1 9 29 5 0
814 998 4 9 71 3 0
817 1019 0 6 19 3 0
817 892 0 0 35 4 0
818 975 3 5 19 4 0
818 363 2 2 94 5 0
821 947 1 5 56 4 0
823 1195 0 3 24 3 0
824 105 1 0 52 4 0
825 263 3 8 94 5 0
829 587 4 7 54 5 0
832 408 2 8 76 3 0
834 795 1 3 12 3 0
834 173 2 2 1 5 0
835 1054 0 9 83 4 0
836 886 2 7 84 5 0
836 663 2 1 85 4 0
837 463 0 5 83 4 0
839 864 3 3 73 3 0
839 306 3 0 97 4 0
841 112 0 6 61 5 0
845 114 2 8 11 3 0
846 863 2 8 73 5 0
848 832 1 5 63 3 0
852 748 4 7 26 3 0
852 506 4 8 24 5 0
853 958 4 5 60 3 0
854 44 4 8 55 5 0
855 263 3 6 70 3 0
856 799 0 2 31 5 0
856 194 1 2 97 4 0
857 992 4 0 73 3 0
857 421 2 8 68 3 0
857 77 3 5 38 5 0
857 94 3 7 4 5 0
858 1007 3 9 23 3 0
858 884 3 1 30 4 0
858 287 4 3 22 3 0
858 678 2 6 89 3 0
858 810 2 8 77 3 0
859 511 3 3 70 5 0
860 584 4 0 76 5 0
861 740 3 7 100 4 0
862 759 1 8 12 3 0
863 1007 2 4 27 4 0
864 159 1 5 92 5 0
865 1197 0 7 96 3 0
865 22 4 8 95 5 0
867 779 3 4 41 3 0
867 493 1 5 33 3 0
868 860 4 0 51 3 0
868 323 0 3 94 5 0
868 407 3 1 95 3 0
869 854 4 4 25 4 0
870 465 1 2 97 3 0
870 209 1 2 11 3 0
870 356 0 6 91 3 0
870 523 3 9 54 3 0
871 291 2 5 17 3 0
872 1078 3 8 77 5 0
872 960 2 7 84 4 0
874 1179 4 1 88 3 0
874 415 3 8 64 5 0
874 505 1 1 99 3 0
875 599 1 5 49 3 0
876 337 0 5 59 4 0
876 263 0 1 82 4 0
877 621 1 1 61 5 0
878 147 4 0 47 5 0
878 1041 4 6 66 3 0
878 942 0 8 94 4 0
879 163 4 3 69 4 0
880 1037 2 6 18 5 0
880 615 2 9 38 3 0
883 830 4 0 84 3 0
883 845 2 4 69 5 0
884 479 1 8 25 3 0
884 1087 2 8 26 3 0
885 883 2 7 99 4 0
888 889 0 7 2 5 0
888 1156 0 9 23 5 0
891 809 3 9 1 4 0
892 831 0 2 28 4 0
892 935 4 4 78 3 0
892 120 2 7 1 4 0
893 3 4 0 3 3 0
894 180 1 4 100 3 0
894 575 2 5 12 5 0
895 859 2 9 31 4 0
896 962 4 1 61 4 0
898 851 3 5 24 3 0
898 46 4 4 29 4 0
899 1198 2 8 31 3 0
899 1165 4 4 3 4 0
899 1034 4 8 29 5 0
899 1199 2 2 87 3 0
900 635 0 3 14 5 0
902 1199 4 6 26 4 0
902 242 0 9 60 3 0
903 180 4 5 61 4 0
903 962 2 9 4 5 0
904 157 2 4 74 4 0
905 942 1 6 29 4 0
905 860 1 7 61 4 0
906 398 1 0 48 3 0
907 793 0 3 62 3 0
907 472 4 6 35 3 0
908 775 4 0 9 5 0
909 956 4 1 84 4 0
909 770 3 6 37 4 0
910 718 2 0 69 3 0
910 182 2 0 49 4 0
911 704 4 4 6 4 0
911 569 3 4 59 4 0
917 1173 3 2 63 5 0
917 803 2 5 15 5 0
917 89 0 1 22 3 0
918 693 2 9 35 5 0
919 205 0 0 16 3 0
919 1110 1 2 72 4 0
920 444 4 6 14 3 0
921 1084 2 6 50 5 0
922 1177 3 2 18 3 0
922 1163 1 3 93 5 0
928 1022 3 0 44 4 0
929 936 4 8 44 4 0
932 229 0 0 23 4 0
932 1059 4 1 92 5 0
932 392 4 2 16 4 0
933 747 1 1 73 5 0
935 285 1 3 39 4 0
936 1 0 0 72 4 0
936 356 3 8 20 4 0
937 815 4 9 81 3 0
938 935 4 3 75 4 0
938 449 0 1 63 3 0
938 447 3 6 30 3 0
939 388 1 0 97 3 0
940 246 2 7 89 3 0
941 11 3 3 75 4 0
941 69 2 1 88 5 0
941 826 2 2 76 5 0
942 962 3 5 69 3 0
942 586 4 9 63 3 0
943 685 3 7 57 5 0
947 904 2 8 35 5 0
947 128 3 0 69 4 0
949 399 1 4 70 3 0
949 1161 2 6 43 3 0
950 1024 4 9 78 4 0
950 1052 3 6 13 3 0
952 593 0 3 52 5 0
952 1020 4 0 82 3 0
953 4 2 0 5 3 0
953 1130 0 6 59 3 0
954 72 0 1 18 5 0
955 1168 2 3 52 5 0
955 528 1 7 82 3 0
956 854 1 4 63 5 0
956 807 4 7 53 5 0
956 243 2 5 2 5 0
957 429 2 2 40 5 0
957 380 1 2 1 3 0
957 543 1 9 48 3 0
959 298 3 5 3 3 0
959 1044 1 9 16 3 0
959 566 3 3 61 4 0
960 602 3 9 50 3 0
961 588 1 6 88 5 0
961 307 1 2 27 4 0
962 1093 0 6 66 3 0
962 134 0 2 41 4 0
962 890 3 3 99 5 0
962 60 2 2 89 3 0
963 407 0 2 8 4 0
964 796 0 5 77 3 0
964 470 1 9 83 5 0
965 131 3 2 8 3 0
965 770 3 0 50 5 0
965 1136 3 7 36 5 0
965 964 3 6 27 4 0
966 570 2 1 34 3 0
968 285 3 9 87 4 0
968 469 2 2 12 5 0
969 595 2 4 5 4 0
969 79 2 2 24 5 0
970 373 4 1 94 4 0
972 541 1 0 15 4 0
974 918 4 6 29 5 0
975 280 0 4 4 5 0
976 548 0 0 6 4 0
976 265 4 6 72 5 0
977 823 0 6 16 5 0
977 398 4 6 70 4 0
977 2 4 0 33 3 0
978 872 3 8 4 3 0
979 1104 4 3 42 3 0
981 543 3 0 65 3 0
984 967 1 6 43 5 0
987 568 2 7 44 4 0
987 454 3 5 6 3 0
987 614 4 3 57 4 0
987 513 0 5 2 4 0
990 256 1 9 99 5 0
991 44 3 9 97 4 0
991 886 1 2 100 4 0
992 57 0 8 95 4 0
992 555 0 4 30 3 0
992 960 1 3 10 5 0
993 858 2 2 8 5 0
993 846 2 1 15 3 0
994 423 1 0 66 3 0
994 859 0 5 84 3 0
995 568 0 9 23 5 0
995 820 2 1 78 5 0
996 711 0 8 88 4 0
997 1000 2 9 56 4 0
997 1144 3 7 86 5 0
998 379 0 5 10 3 0
998 49 0 1 87 5 0
1000 1076 1 5 83 4 0
1001 543 2 8 68 5 0
1002 834 1 7 77 3 0
1002 78 4 6 79 3 0
1002 893 1 0 19 4 0
1003 94 2 7 1 3 0
1004 429 4 2 37 5 0
1005 830 2 2 92 5 0
1007 476 2 5 16 4 0
1008 721 2 6 45 4 0
1008 550 1 0 56 4 0
1009 585 3 1 11 3 0
1009 604 3 2 37 4 0
1009 1092 3 8 29 4 0
1010 383 3 1 91 5 0
1015 182 2 5 64 3 0
1015 195 1 4 88 3 0
1016 448 0 5 58 3 0
1016 193 2 5 9 3 0
1016 715 1 3 40 5 0
1016 250 1 9 64 3 0
1017 1073 0 1 94 3 0
1017 974 1 4 3 3 0
1020 933 3 8 20 3 0
1021 1033 1 9 77 4 0
1021 348 1 4 12 3 0
1021 58 1 0 87 5 0
1022 424 0 8 19 3 0
1022 479 1 0 79 3 0
1022 954 3 5 12 5 0
1023 575 4 5 36 5 0
1023 101 0 3 87 5 0
1024 815 3 8 54 3 0
1024 747 1 5 37 4 0
1024 458 3 0 69 4 0
1028 57 2 3 61 4 0
1028 70 1 5 79 5 0
1029 369 0 4 2 5 0
1030 852 1 3 23 3 0
1030 879 2 4 11 5 0
1030 1137 4 7 89 3 0
1031 770 1 1 23 3 0
1032 436 0 1 5 5 0
1032 955 1 7 70 4 0
1032 898 3 9 64 3 0
1034 249 0 8 57 4 0
1034 196 4 3 35 4 0
1034 431 1 1 66 5 0
1034 239 2 3 14 3 0
1035 116 3 4 42 3 0
1035 623 0 9 55 5 0
1035 88 0 3 58 5 0
1036 286 3 7 97 3 0
1037 1108 1 6 24 3 0
1039 589 3 1 33 5 0
1040 192 4 0 91 3 0
1045 772 1 7 2 5 0
1045 963 4 8 98 5 0
1046 1051 2 8 98 3 0
1046 358 0 1 25 3 0
1046 1145 1 7 81 3 0
1048 536 0 1 16 5 0
1048 359 4 0 84 4 0
1049 731 0 8 34 3 0
1049 647 3 6 39 4 0
1050 676 2 2 30 4 0
1053 809 2 9 75 4 0
1053 714 0 6 87 5 0
1055 379 4 9 99 3 0
1055 180 3 9 46 4 0
1055 640 4 0 22 5 0
1055 1185 0 3 28 4 0
1056 587 0 4 50 3 0
1056 371 0 4 38 5 0
1058 946 0 3 77 5 0
1058 679 4 4 66 5 0
1061 324 4 8 8 3 0
1062 422 3 9 46 4 0
1063 1189 0 0 24 4 0
1063 276 2 6 90 5 0
1065 818 4 6 9 5 0
1065 159 2 8 75 3 0
1066 831 2 1 48 5 0
1070 1047 2 3 54 3 0
1070 819 2 5 76 4 0
1070 470 3 8 90 5 0
1070 241 0 0 29 4 0
1071 341 0 9 24 4 0
1071 269 0 1 46 5 0
1072 965 4 0 52 3 0
1072 1185 1 7 4 5 0
1072 633 1 3 73 4 0
1072 288 0 6 91 4 0
1072 899 1 4 5 4 0
1072 452 2 7 95 3 0
1075 328 0 6 88 5 0
1075 426 2 1 24 3 0
1077 1051 2 1 15 4 0
1078 670 1 5 28 5 0
1079 62 4 6 69 3 0
1082 819 0 0 84 3 0
1084 549 4 1 21 5 0
1085 815 1 1 76 3 0
1085 1146 3 6 29 3 0
1086 608 0 5 71 5 0
1088 404 3 8 75 3 0
1088 497 3 5 86 4 0
1089 1182 1 5 62 5 0
1091 1061 2 2 36 3 0
1091 428 4 4 35 5 0
1092 636 1 6 64 3 0
1093 1028 3 3 22 4 0
1093 839 2 2 47 3 0
1100 196 3 9 32 3 0
1101 1106 1 9 86 3 0
1101 948 3 7 85 3 0
1101 140 2 8 83 4 0
1103 1119 4 7 53 4 0
1105 389 2 9 54 3 0
1106 734 2 7 74 3 0
1106 547 4 8 60 3 0
1106 490 3 8 1 4 0
1107 172 2 7 72 5 0
1109 265 4 8 91 4 0
1109 5 4 6 56 5 0
1114 717 3 1 43 3 0
1114 268 3 7 7 3 0
1115 5 2 9 86 5 0
1115 902 2 6 69 5 0
1115 431 2 6 60 5 0
1115 689 3 8 65 3 0
1116 466 0 3 31 5 0
1117 478 4 1 55 3 0
1121 808 3 6 35 3 0
1122 962 1 9 31 3 0
1122 1057 2 2 62 4 0
1124 526 3 8 84 3 0
1125 594 2 0 81 3 0
1126 1101 1 7 78 3 0
1127 661 3 9 28 5 0
1127 497 3 8 24 4 0
1127 674 4 7 33 4 0
1128 846 0 6 15 4 0
1128 525 1 2 2 4 0
1128 666 1 1 78 3 0
1129 810 0 4 70 5 0
1129 1133 3 7 31 4 0
1130 55 3 8 18 4 0
1130 180 4 9 67 5 0
1130 481 3 9 35 5 0
1131 404 0 9 6 3 0
1134 970 4 1 99 5 0
1135 1006 2 2 83 4 0
1135 797 4 6 66 4 0
1137 344 2 8 9 5 0
1137 314 1 9 6 4 0
1137 636 4 4 22 4 0
1138 41 3 3 95 4 0
1140 567 3 6 42 4 0
1140 1023 4 8 34 5 0
1140 41 4 2 37 5 0
1143 117 2 2 11 3 0
1147 562 2 1 7 5 0
1147 666 1 3 87 3 0
1148 583 4 3 22 4 0
1149 323 0 1 35 4 0
1149 750 1 4 24 5 0
1150 724 0 0 40 5 0
1150 1133 2 5 74 3 0
1150 311 2 9 89 4 0
1150 84 1 8 78 3 0
1151 470 1 7 64 4 0
1151 954 4 9 1 3 0
1151 51 2 2 35 5 0
1151 491 3 4 42 3 0
1151 614 3 6 81 5 0
1152 624 3 0 76 3 0
1153 722 0 6 16 5 0
1155 190 2 2 6 4 0
1156 1041 0 5 54 4 0
1160 947 4 2 63 3 0
1161 471 2 3 11 4 0
1162 501 4 2 56 3 0
1165 506 0 5 36 3 0
1166 1045 1 6 72 5 0
1167 426 1 2 55 5 0
1168 655 3 5 25 4 0
1168 542 0 6 46 4 0
1169 1136 2 4 84 5 0
1169 290 2 0 61 3 0
1169 143 1 2 9 5 0
1169 9 2 6 41 3 0
1169 913 0 6 13 3 0
1170 325 4 7 18 5 0
1171 462 0 3 30 4 0
1172 207 0 3 75 5 0
1173 1083 0 5 86 5 0
1173 744 1 1 5 4 0
1173 1010 2 8 39 3 0
1174 1017 2 4 82 3 0
1177 318 2 5 9 3 0
1177 157 3 0 74 4 0
1177 635 2 6 13 4 0
1179 767 3 6 17 3 0
1180 73 3 2 59 3 0
1180 442 2 5 83 3 0
1181 801 4 4 4 5 0
1181 965 4 9 3 4 0
1181 80 3 1 87 3 0
1181 344 3 5 29 4 0
1182 104 3 1 81 5 0
1185 127 3 9 6 4 0
1185 69 2 8 59 4 0
1186 496 1 2 64 4 0
1188 230 1 5 1 3 0
1190 284 4 5 47 4 0
1190 641 2 5 11 4 0
1191 664 0 6 88 5 0
1191 314 3 9 53 3 0
1192 371 3 9 34 3 0
1192 1039 3 6 71 4 0
1192 1133 1 1 22 3 0
1193 1158 4 3 44 4 0
1193 719 2 3 16 5 0
1193 1012 1 6 70 5 0
1193 732 0 8 38 5 0
1193 194 0 6 89 4 0
1195 257 0 6 49 5 0
1195 194 0 1 91 3 0
1195 1165 2 8 27 3 0
1196 1167 0 7 42 3 0
1197 1100 2 1 25 3 0
1198 622 1 1 71 3 0
1198 1100 1 3 92 5 0
1198 674 2 1 21 5 0
1199 160 4 5 43 5 0

