10

5
0 20 20 20 20 20 20 20 20 20 20
1 20 20 20 20 20 20 20 20 20 20
2 20 20 20 20 20 20 20 20 20 20
3 20 20 20 20 20 20 20 20 20 20
4 20 20 20 20 20 20 20 20 20 20

25
309 532 100000 6 0
0 126 2 2
1 108 6 8
2 137 8 7
5 113 4 6
6 140 6 6
9 127 2 9
1007 829 100000 6 1
0 139 2 1
1 117 4 4
2 136 4 1
3 100 10 5
4 117 3 6
9 138 8 3
560 1138 100000 6 3
1 107 10 1
2 133 4 7
3 111 3 2
5 107 5 1
6 141 6 7
9 129 9 1
336 240 100000 6 3
0 147 2 2
1 121 5 2
5 142 5 1
7 150 1 4
8 114 9 9
9 144 1 3
48 1079 100000 6 2
1 124 3 2
2 128 8 1
3 111 4 5
4 125 2 5
6 113 6 10
8 119 3 2
9 565 100000 6 1
0 104 10 8
1 113 1 9
4 104 9 10
5 121 1 3
6 117 5 10
7 106 1 1
432 423 100000 6 1
1 103 3 10
4 124 9 7
5 125 5 1
6 149 8 2
7 137 8 6
9 114 4 5
922 689 100000 6 4
0 105 6 1
2 148 2 8
3 115 9 3
5 118 1 3
6 143 6 6
9 133 3 1
470 886 100000 6 3
3 141 5 10
4 148 2 8
6 117 6 3
7 129 4 8
8 108 6 6
9 140 9 3
1103 252 100000 6 2
0 113 9 9
3 145 5 8
4 140 3 3
5 108 5 1
6 136 2 3
8 121 5 4
650 174 100000 6 2
0 102 8 8
1 125 9 2
2 141 3 5
4 132 9 7
7 110 8 8
8 143 9 8
313 365 100000 6 4
1 107 4 4
3 146 5 4
4 132 5 7
6 130 2 6
7 133 4 3
8 135 10 6
598 308 100000 6 2
0 146 3 9
2 104 3 10
4 132 9 1
5 107 5 7
6 136 2 9
8 112 10 8
910 834 100000 6 4
0 110 4 5
1 114 2 2
2 135 9 10
4 128 7 6
7 150 4 9
9 146 3 9
114 924 100000 6 4
0 140 2 6
1 100 1 10
4 147 3 3
5 114 2 8
6 126 1 1
8 138 4 7
1106 1149 100000 6 0
1 109 10 2
3 147 1 6
4 111 4 3
5 114 5 1
7 107 1 4
8 127 9 10
775 565 100000 6 0
0 132 9 9
1 130 3 3
2 113 9 6
5 108 3 5
8 150 2 3
9 135 5 8
416 173 100000 6 0
0 119 6 1
1 116 1 8
2 100 6 5
5 144 8 8
8 150 5 1
9 101 1 2
41 1043 100000 6 3
0 125 1 5
1 147 1 9
4 137 2 1
6 120 2 8
7 127 2 6
9 133 1 1
240 1154 100000 6 3
0 104 9 2
3 145 2 4
5 116 10 8
7 129 8 1
8 102 8 2
9 111 3 10
1069 443 100000 6 0
0 122 10 10
2 129 6 8
3 131 1 5
4 138 2 6
8 147 4 5
9 149 3 10
1193 1172 100000 6 1
0 112 2 8
1 129 9 5
2 114 1 7
3 115 5 6
4 119 4 6
8 131 7 2
419 417 100000 6 4
2 104 1 3
3 130 4 10
5 137 9 1
6 130 5 1
7 106 9 8
8 102 4 2
34 275 100000 6 2
0 113 5 9
1 117 6 4
3 145 4 7
5 103 5 9
6 139 1 9
8 115 8 6
862 670 100000 6 1
1 117 3 2
2 144 3 1
5 108 4 2
6 137 1 4
7 105 6 4
9 102 8 4

4000
0 320 3 2 8 4 0
0 1198 0 8 19 4 0
0 626 1 6 72 4 0
0 5 4 3 23 5 0
1 986 1 1 42 3 0
1 549 1 1 91 4 0
2 446 4 7 89 3 0
3 298 1 9 94 3 0
3 628 0 0 33 5 0
3 750 4 3 90 5 0
3 856 0 4 94 4 0
4 534 0 0 20 4 0
4 250 1 9 20 4 0
4 919 1 2 59 4 0
5 365 1 8 2 5 0
5 747 2 0 44 3 0
5 82 1 4 86 5 0
6 86 4 8 83 4 0
6 823 1 6 89 4 0
6 842 4 2 57 4 0
6 294 2 2 67 3 0
7 418 4 7 42 4 0
7 240 0 9 41 4 0
8 845 1 0 8 3 0
8 210 2 9 88 3 0
8 1101 1 7 88 3 0
8 355 1 4 2 4 0
8 1197 1 2 59 4 0
9 1063 0 4 33 3 0
9 914 4 0 8 4 0
9 78 0 3 73 3 0
9 604 2 3 48 3 0
9 431 1 6 28 3 0
10 46 2 6 4 4 0
10 614 4 8 22 5 0
10 845 0 9 63 3 0
10 1113 0 0 66 5 0
10 805 4 4 21 5 0
12 895 4 6 57 5 0
13 27 4 9 16 3 0
13 741 4 4 13 5 0
13 724 4 2 28 5 0
13 444 4 2 99 5 0
13 946 1 4 30 3 0
13 970 3 0 42 4 0
14 656 3 9 72 4 0
14 1098 3 1 14 4 0
14 1130 1 2 79 5 0
14 59 3 2 29 5 0
15 188 0 6 94 5 0
15 488 3 3 82 4 0
15 1163 4 0 13 5 0
16 663 0 4 73 3 0
16 798 0 9 91 5 0
16 219 3 3 57 5 0
16 226 3 7 78 5 0
16 1045 1 3 95 5 0
17 843 1 4 67 3 0
18 49 3 3 78 5 0
18 863 0 5 23 4 0
18 438 1 4 32 3 0
19 774 1 4 89 5 0
19 210 0 8 26 5 0
19 864 2 0 24 5 0
19 502 4 6 71 5 0
20 597 1 2 39 3 0
20 752 1 3 46 5 0
21 806 4 4 79 4 0
21 143 1 5 21 4 0
21 448 1 5 65 4 0
21 698 1 2 72 5 0
21 443 2 1 93 3 0
22 106 2 2 32 3 0
22 125 0 5 53 4 0
23 1036 0 3 90 3 0
23 1114 0 1 78 5 0
23 1079 4 3 64 5 0
23 397 0 5 69 3 0
23 227 2 1 15 5 0
23 322 2 7 21 3 0
23 73 1 2 58 3 0
24 1133 1 8 40 5 0
24 88 0 8 18 4 0
25 207 0 4 80 3 0
25 117 4 8 91 5 0
25 363 3 5 84 4 0
25 547 3 0 22 3 0
26 451 4 9 27 5 0
26 743 1 3 59 3 0
26 349 4 4 86 5 0
27 164 4 4 59 5 0
27 245 2 4 46 5 0
27 1103 3 8 37 5 0
27 801 0 7 11 4 0
28 954 3 2 36 4 0
28 1050 4 9 82 3 0
28 232 1 5 38 4 0
28 300 0 4 77 5 0
28 507 2 4 33 4 0
28 85 3 8 7 5 0
28 1036 1 6 16 4 0
28 1110 1 0 54 5 0
29 314 0 9 32 5 0
29 13 2 0 28 3 0
29 327 3 4 84 4 0
30 371 2 0 21 4 0
30 952 3 0 71 4 0
30 803 0 7 85 3 0
31 200 4 3 8 3 0
31 258 4 9 56 4 0
31 1031 4 3 8 5 0
32 154 3 4 38 4 0
32 1034 0 9 57 3 0
32 382 0 3 33 5 0
32 1187 1 9 5 4 0
32 784 0 8 8 4 0
32 409 3 7 20 5 0
32 360 3 8 9 4 0
33 801 4 2 91 4 0
33 939 2 5 77 5 0
33 391 3 4 59 4 0
34 582 0 0 53 4 0
34 1038 0 5 47 5 0
34 288 0 2 97 4 0
34 779 3 5 89 3 0
35 659 3 0 25 5 0
35 1002 1 9 38 3 0
35 587 3 2 99 3 0
36 481 3 1 5 3 0
36 92 4 7 79 4 0
36 876 4 6 21 5 0
37 772 4 8 82 4 0
37 1031 1 2 38 4 0
38 405 0 4 51 4 0
38 134 3 7 66 4 0
38 382 4 9 9 4 0
38 757 0 0 42 5 0
39 1053 4 0 42 4 0
39 739 3 9 54 3 0
40 654 2 2 8 3 0
41 574 4 6 46 5 0
41 477 0 9 11 5 0
41 1021 0 7 26 4 0
41 884 2 8 94 5 0
41 478 1 4 37 4 0
41 298 2 7 65 3 0
42 317 1 8 83 3 0
42 565 1 7 47 3 0
42 193 1 8 68 5 0
42 101 3 4 46 3 0
43 529 0 9 100 5 0
43 954 2 9 43 3 0
44 46 0 9 2 5 0
45 140 2 9 73 4 0
45 11 4 6 57 4 0
45 177 4 2 89 5 0
45 533 2 0 20 3 0
45 812 1 0 44 3 0
45 596 2 8 83 5 0
45 554 2 8 14 4 0
46 954 3 8 58 5 0
46 254 3 4 82 4 0
46 301 4 8 9 5 0
46 721 2 9 18 5 0
46 1043 2 4 72 5 0
46 486 1 1 86 4 0
48 669 0 8 51 3 0
48 1160 2 2 77 3 0
49 111 0 6 38 4 0
49 1122 0 9 29 5 0
49 383 3 1 6 4 0
49 870 4 5 60 4 0
49 800 0 1 42 4 0
49 69 3 4 2 5 0
49 423 3 8 50 3 0
49 498 0 2 25 3 0
50 200 0 7 83 3 0
50 488 0 1 93 4 0
50 1160 3 7 88 3 0
50 565 1 0 84 5 0
50 918 1 6 65 3 0
51 57 4 3 66 3 0
51 166 0 6 85 4 0
52 703 1 4 3 3 0
53 795 2 4 28 3 0
53 928 3 9 85 3 0
53 1131 3 1 74 5 0
53 27 1 0 50 5 0
53 1098 1 6 69 3 0
54 1148 0 1 68 5 0
54 719 3 8 87 3 0
54 12 0 0 39 3 0
54 1049 2 5 91 4 0
54 35 2 2 74 3 0
55 970 1 5 70 3 0
55 533 0 2 49 5 0
55 653 4 0 94 3 0
55 1181 1 4 14 4 0
55 1079 3 5 28 4 0
55 705 1 8 22 5 0
56 21 4 2 91 3 0
56 603 2 6 68 3 0
56 172 3 3 94 5 0
56 1125 3 8 48 4 0
56 535 0 4 57 3 0
56 1100 1 5 46 4 0
56 278 0 4 32 4 0
56 695 4 7 96 5 0
57 271 4 9 93 4 0
57 321 3 5 32 5 0
57 536 3 4 89 4 0
58 1024 2 2 84 5 0
58 611 3 2 7 4 0
58 1052 0 7 68 5 0
58 135 1 9 2 3 0
58 1043 2 8 29 5 0
58 507 0 3 50 3 0
58 923 4 4 33 3 0
59 627 3 6 50 4 0
59 790 2 8 91 3 0
60 1044 2 4 40 5 0
60 44 4 7 15 4 0
60 1148 4 0 60 5 0
61 702 3 5 53 4 0
61 1044 2 7 15 4 0
61 60 4 2 94 5 0
61 81 2 6 92 5 0
62 1083 1 6 68 5 0
62 956 3 0 75 3 0
62 991 0 2 95 4 0
62 75 3 7 67 5 0
62 1066 2 4 58 4 0
63 62 0 7 96 5 0
63 567 4 8 14 3 0
63 152 0 5 50 4 0
63 1042 4 3 18 4 0
63 1186 3 3 61 4 0
64 595 4 4 18 5 0
64 733 4 3 38 4 0
65 401 4 0 94 3 0
65 559 3 8 70 5 0
66 126 0 3 19 4 0
66 51 3 4 74 3 0
68 1069 0 9 26 4 0
68 3 0 7 57 5 0
68 679 3 8 40 5 0
70 1052 1 0 13 5 0
70 695 3 0 23 3 0
70 479 0 4 23 5 0
71 299 3 0 33 3 0
71 337 4 1 42 3 0
71 238 1 7 44 3 0
71 1146 3 7 41 3 0
71 289 2 2 65 3 0
71 840 1 2 89 3 0
72 909 0 8 24 5 0
72 933 2 0 8 5 0
74 60 4 2 57 3 0
75 741 2 6 74 5 0
75 7 4 4 93 4 0
75 646 1 9 84 3 0
75 1010 0 6 53 3 0
75 654 0 7 40 3 0
76 349 1 8 39 4 0
76 1021 3 1 8 4 0
78 377 4 0 66 5 0
78 703 3 2 1 4 0
78 958 0 9 44 5 0
79 544 4 5 74 4 0
79 409 3 5 84 5 0
79 859 2 3 13 3 0
79 1029 1 8 9 3 0
80 362 3 4 57 3 0
81 5 0 2 70 3 0
81 881 2 1 81 3 0
81 186 1 3 21 5 0
81 179 1 5 31 5 0
82 741 0 9 42 5 0
82 519 3 4 38 3 0
82 843 2 1 39 5 0
82 1132 1 8 72 5 0
83 1126 3 8 27 5 0
84 996 1 1 61 5 0
84 1164 4 0 14 5 0
84 123 1 9 11 3 0
84 588 0 3 54 5 0
84 713 3 3 63 4 0
85 886 1 4 89 5 0
85 1097 0 3 83 4 0
85 1189 3 2 76 5 0
85 1049 4 1 90 3 0
85 307 1 1 5 3 0
85 615 4 6 50 4 0
86 321 2 9 66 5 0
86 417 3 1 1 4 0
86 609 3 6 8 5 0
87 153 3 4 55 3 0
87 226 4 8 4 5 0
88 422 1 5 80 3 0
88 821 0 0 10 4 0
88 464 1 1 81 4 0
90 666 2 7 20 3 0
90 71 2 3 42 4 0
90 107 2 2 54 4 0
90 84 0 1 28 5 0
91 977 1 9 36 5 0
91 32 1 9 19 5 0
91 981 3 0 56 5 0
91 1033 1 3 50 4 0
92 102 0 7 46 4 0
92 672 3 2 67 5 0
93 294 3 2 38 3 0
93 388 1 7 61 5 0
93 78 1 2 11 4 0
94 258 3 9 16 3 0
94 1193 0 1 66 5 0
94 1146 0 6 1 3 0
94 649 1 6 49 3 0
96 1110 3 6 8 4 0
97 242 3 3 43 3 0
97 358 2 5 89 4 0
98 298 0 8 65 5 0
99 923 4 2 55 5 0
99 1184 2 3 59 4 0
99 1127 0 7 90 3 0
99 11 0 8 20 4 0
99 867 4 9 42 5 0
100 549 0 8 69 3 0
100 248 4 1 59 4 0
100 994 3 9 2 5 0
100 882 0 9 95 3 0
100 1103 0 1 94 5 0
100 94 2 1 76 3 0
101 436 0 3 98 5 0
102 631 4 2 52 5 0
102 733 2 6 20 5 0
102 814 1 2 100 5 0
102 853 2 2 61 4 0
102 622 1 7 31 5 0
102 722 1 9 55 3 0
102 414 3 3 28 3 0
103 2 1 7 63 5 0
103 570 2 7 3 5 0
103 551 0 0 14 5 0
103 847 2 7 82 5 0
103 43 4 1 31 3 0
103 345 3 8 95 3 0
103 528 2 4 48 5 0
104 353 1 8 82 3 0
104 719 1 8 12 4 0
104 996 4 4 40 4 0
104 1142 2 5 70 5 0
105 1187 4 4 58 3 0
105 490 0 9 69 5 0
105 74 1 7 6 5 0
106 41 3 2 65 3 0
106 261 3 8 84 4 0
106 683 1 7 55 4 0
106 183 2 1 89 5 0
106 692 1 2 93 3 0
106 701 1 9 80 4 0
106 257 3 6 42 3 0
106 65 0 3 17 3 0
107 443 4 8 30 5 0
107 902 4 7 68 5 0
107 529 2 1 25 3 0
107 879 4 2 92 4 0
107 295 4 7 16 4 0
107 139 4 6 30 5 0
108 659 3 7 12 4 0
108 1144 4 1 94 3 0
108 661 0 8 95 3 0
108 472 2 3 39 3 0
108 202 0 5 29 5 0
108 846 1 9 65 4 0
109 1068 1 0 43 3 0
109 17 0 6 33 4 0
110 229 0 0 68 3 0
110 42 0 1 52 5 0
110 11 4 3 3 5 0
110 289 2 1 2 5 0
110 339 2 4 96 3 0
111 151 0 8 1 4 0
111 62 1 0 48 5 0
111 1162 4 1 77 5 0
111 187 4 9 96 4 0
111 760 4 0 15 5 0
111 893 4 9 85 5 0
112 1194 2 0 92 3 0
112 175 0 3 9 4 0
112 809 4 6 32 4 0
112 725 4 5 90 4 0
113 1195 3 4 10 3 0
114 556 3 3 17 4 0
114 31 0 2 83 4 0
114 607 4 7 13 3 0
114 189 0 8 28 3 0
115 727 3 9 16 5 0
115 96 4 7 16 3 0
115 413 3 8 85 3 0
115 236 4 3 28 5 0
116 1038 0 1 87 5 0
116 1175 2 0 22 5 0
117 1120 3 0 13 5 0
117 235 4 7 63 5 0
117 914 0 8 41 3 0
117 890 2 2 3 5 0
118 599 3 9 52 3 0
118 1114 1 9 85 3 0
119 976 0 3 57 5 0
119 535 3 3 51 4 0
120 579 3 5 79 5 0
120 310 0 9 87 4 0
120 906 3 3 32 5 0
120 956 0 5 33 3 0
121 997 1 4 86 3 0
121 170 4 9 44 4 0
122 156 2 0 50 5 0
122 1140 2 1 96 5 0
122 143 4 4 99 4 0
122 1103 0 6 29 5 0
123 187 3 7 96 3 0
123 116 3 3 72 5 0
123 1132 3 5 49 3 0
123 27 4 6 37 3 0
123 168 1 0 85 5 0
124 516 3 0 29 3 0
124 891 2 1 18 5 0
125 472 1 1 86 4 0
125 390 4 9 33 3 0
125 659 3 1 55 3 0
125 486 1 1 25 3 0
125 961 4 8 41 4 0
126 829 4 2 85 4 0
126 110 2 6 89 3 0
126 721 3 8 12 5 0
126 888 4 6 66 5 0
126 150 3 7 80 5 0
127 152 4 6 47 3 0
127 1122 2 4 51 5 0
127 735 1 8 82 3 0
129 1062 2 5 56 4 0
129 1162 1 6 26 5 0
129 244 4 7 92 4 0
129 825 4 2 27 3 0
129 69 3 0 5 4 0
129 1174 0 3 10 4 0
130 669 0 2 65 4 0
130 416 2 0 61 5 0
130 1015 2 8 6 5 0
130 146 1 5 29 5 0
130 84 2 2 93 5 0
131 445 0 7 11 3 0
131 935 4 4 85 4 0
132 629 4 1 31 4 0
132 541 1 1 54 4 0
132 78 0 1 65 4 0
132 661 3 5 55 3 0
132 1022 3 9 17 3 0
133 474 0 8 57 3 0
133 325 4 7 30 3 0
133 148 3 1 97 3 0
133 215 1 2 78 5 0
133 87 2 1 29 5 0
134 1085 2 6 72 4 0
134 852 3 7 10 4 0
134 1117 4 9 15 3 0
134 260 3 0 36 5 0
134 849 4 7 92 5 0
134 117 4 3 31 3 0
135 177 3 9 31 4 0
135 700 4 8 23 3 0
136 836 0 9 99 4 0
136 543 3 1 61 3 0
136 490 2 3 61 3 0
136 624 4 3 4 4 0
136 429 4 1 61 4 0
136 961 0 3 39 3 0
136 238 0 0 78 4 0
136 809 1 9 29 5 0
136 998 4 9 71 3 0
136 1019 0 6 19 3 0
137 892 0 0 35 4 0
137 975 3 5 19 4 0
137 363 2 2 94 5 0
138 947 1 5 56 4 0
138 1195 0 3 24 3 0
139 105 1 0 52 4 0
139 263 3 8 94 5 0
139 587 4 7 54 5 0
139 408 2 8 76 3 0
139 795 1 3 12 3 0
139 173 2 2 1 5 0
140 1054 0 9 83 4 0
140 886 2 7 84 5 0
140 663 2 1 85 4 0
140 463 0 5 83 4 0
140 864 3 3 73 3 0
141 306 3 0 97 4 0
141 112 0 6 61 5 0
142 114 2 8 11 3 0
143 863 2 8 73 5 0
143 832 1 5 63 3 0
143 748 4 7 26 3 0
143 506 4 8 24 5 0
143 958 4 5 60 3 0
143 44 4 8 55 5 0
144 263 3 6 70 3 0
144 799 0 2 31 5 0
144 194 1 2 97 4 0
144 992 4 0 73 3 0
144 421 2 8 68 3 0
144 77 3 5 38 5 0
144 94 3 7 4 5 0
144 1007 3 9 23 3 0
145 884 3 1 30 4 0
145 287 4 3 22 3 0
145 678 2 6 89 3 0
145 810 2 8 77 3 0
146 511 3 3 70 5 0
146 584 4 0 76 5 0
146 740 3 7 100 4 0
146 759 1 8 12 3 0
147 1007 2 4 27 4 0
148 159 1 5 92 5 0
149 1197 0 7 96 3 0
149 22 4 8 95 5 0
150 779 3 4 41 3 0
150 493 1 5 33 3 0
150 860 4 0 51 3 0
150 323 0 3 94 5 0
150 407 3 1 95 3 0
151 854 4 4 25 4 0
151 465 1 2 97 3 0
151 209 1 2 11 3 0
151 356 0 6 91 3 0
151 523 3 9 54 3 0
151 291 2 5 17 3 0
152 1078 3 8 77 5 0
152 960 2 7 84 4 0
152 1179 4 1 88 3 0
153 415 3 8 64 5 0
154 505 1 1 99 3 0
154 599 1 5 49 3 0
154 337 0 5 59 4 0
155 263 0 1 82 4 0
155 621 1 1 61 5 0
155 147 4 0 47 5 0
156 1041 4 6 66 3 0
156 942 0 8 94 4 0
157 163 4 3 69 4 0
158 1037 2 6 18 5 0
158 615 2 9 38 3 0
158 830 4 0 84 3 0
159 845 2 4 69 5 0
159 479 1 8 25 3 0
159 1087 2 8 26 3 0
160 883 2 7 99 4 0
160 889 0 7 2 5 0
160 1156 0 9 23 5 0
161 809 3 9 1 4 0
161 831 0 2 28 4 0
161 935 4 4 78 3 0
161 120 2 7 1 4 0
162 3 4 0 3 3 0
162 180 1 4 100 3 0
162 575 2 5 12 5 0
162 859 2 9 31 4 0
163 962 4 1 61 4 0
163 851 3 5 24 3 0
163 46 4 4 29 4 0
163 1198 2 8 31 3 0
163 1165 4 4 3 4 0
164 1034 4 8 29 5 0
164 1199 2 2 87 3 0
164 635 0 3 14 5 0
164 1199 4 6 26 4 0
164 242 0 9 60 3 0
164 180 4 5 61 4 0
165 962 2 9 4 5 0
165 157 2 4 74 4 0
166 942 1 6 29 4 0
166 860 1 7 61 4 0
166 398 1 0 48 3 0
166 793 0 3 62 3 0
167 472 4 6 35 3 0
167 775 4 0 9 5 0
167 956 4 1 84 4 0
167 770 3 6 37 4 0
167 718 2 0 69 3 0
168 182 2 0 49 4 0
168 704 4 4 6 4 0
168 569 3 4 59 4 0
169 1173 3 2 63 5 0
169 803 2 5 15 5 0
169 89 0 1 22 3 0
170 693 2 9 35 5 0
170 205 0 0 16 3 0
170 1110 1 2 72 4 0
170 444 4 6 14 3 0
171 1084 2 6 50 5 0
171 1177 3 2 18 3 0
171 1163 1 3 93 5 0
171 1022 3 0 44 4 0
172 936 4 8 44 4 0
172 229 0 0 23 4 0
172 1059 4 1 92 5 0
172 392 4 2 16 4 0
172 747 1 1 73 5 0
172 285 1 3 39 4 0
173 1 0 0 72 4 0
173 356 3 8 20 4 0
173 815 4 9 81 3 0
173 935 4 3 75 4 0
174 449 0 1 63 3 0
174 447 3 6 30 3 0
175 388 1 0 97 3 0
175 246 2 7 89 3 0
176 11 3 3 75 4 0
176 69 2 1 88 5 0
176 826 2 2 76 5 0
176 962 3 5 69 3 0
176 586 4 9 63 3 0
177 685 3 7 57 5 0
177 904 2 8 35 5 0
177 128 3 0 69 4 0
178 399 1 4 70 3 0
178 1161 2 6 43 3 0
178 1024 4 9 78 4 0
178 1052 3 6 13 3 0
180 593 0 3 52 5 0
180 1020 4 0 82 3 0
181 4 2 0 5 3 0
181 1130 0 6 59 3 0
181 72 0 1 18 5 0
181 1168 2 3 52 5 0
182 528 1 7 82 3 0
182 854 1 4 63 5 0
182 807 4 7 53 5 0
183 243 2 5 2 5 0
183 429 2 2 40 5 0
183 380 1 2 1 3 0
183 543 1 9 48 3 0
184 298 3 5 3 3 0
184 1044 1 9 16 3 0
185 566 3 3 61 4 0
185 602 3 9 50 3 0
185 588 1 6 88 5 0
186 307 1 2 27 4 0
186 1093 0 6 66 3 0
186 134 0 2 41 4 0
186 890 3 3 99 5 0
186 60 2 2 89 3 0
187 407 0 2 8 4 0
187 796 0 5 77 3 0
187 470 1 9 83 5 0
187 131 3 2 8 3 0
187 770 3 0 50 5 0
188 1136 3 7 36 5 0
188 964 3 6 27 4 0
188 570 2 1 34 3 0
188 285 3 9 87 4 0
189 469 2 2 12 5 0
189 595 2 4 5 4 0
189 79 2 2 24 5 0
190 373 4 1 94 4 0
190 541 1 0 15 4 0
190 918 4 6 29 5 0
190 280 0 4 4 5 0
191 548 0 0 6 4 0
192 265 4 6 72 5 0
192 823 0 6 16 5 0
193 398 4 6 70 4 0
193 2 4 0 33 3 0
194 872 3 8 4 3 0
195 1104 4 3 42 3 0
195 543 3 0 65 3 0
195 967 1 6 43 5 0
195 568 2 7 44 4 0
195 454 3 5 6 3 0
195 614 4 3 57 4 0
196 513 0 5 2 4 0
196 256 1 9 99 5 0
197 44 3 9 97 4 0
197 886 1 2 100 4 0
198 57 0 8 95 4 0
199 555 0 4 30 3 0
199 960 1 3 10 5 0
199 858 2 2 8 5 0
200 846 2 1 15 3 0
200 423 1 0 66 3 0
200 859 0 5 84 3 0
200 568 0 9 23 5 0
200 820 2 1 78 5 0
201 711 0 8 88 4 0
201 1000 2 9 56 4 0
201 1144 3 7 86 5 0
201 379 0 5 10 3 0
202 49 0 1 87 5 0
202 1076 1 5 83 4 0
203 543 2 8 68 5 0
203 834 1 7 77 3 0
203 78 4 6 79 3 0
203 893 1 0 19 4 0
203 94 2 7 1 3 0
204 429 4 2 37 5 0
204 830 2 2 92 5 0
205 476 2 5 16 4 0
205 721 2 6 45 4 0
205 550 1 0 56 4 0
205 585 3 1 11 3 0
206 604 3 2 37 4 0
206 1092 3 8 29 4 0
206 383 3 1 91 5 0
207 182 2 5 64 3 0
207 195 1 4 88 3 0
207 448 0 5 58 3 0
207 193 2 5 9 3 0
208 715 1 3 40 5 0
208 250 1 9 64 3 0
208 1073 0 1 94 3 0
208 974 1 4 3 3 0
208 933 3 8 20 3 0
208 1033 1 9 77 4 0
208 348 1 4 12 3 0
209 58 1 0 87 5 0
209 424 0 8 19 3 0
209 479 1 0 79 3 0
212 954 3 5 12 5 0
212 575 4 5 36 5 0
212 101 0 3 87 5 0
213 815 3 8 54 3 0
214 747 1 5 37 4 0
214 458 3 0 69 4 0
214 57 2 3 61 4 0
214 70 1 5 79 5 0
215 369 0 4 2 5 0
215 852 1 3 23 3 0
215 879 2 4 11 5 0
215 1137 4 7 89 3 0
216 770 1 1 23 3 0
216 436 0 1 5 5 0
217 955 1 7 70 4 0
217 898 3 9 64 3 0
217 249 0 8 57 4 0
217 196 4 3 35 4 0
217 431 1 1 66 5 0
217 239 2 3 14 3 0
218 116 3 4 42 3 0
218 623 0 9 55 5 0
219 88 0 3 58 5 0
219 286 3 7 97 3 0
219 1108 1 6 24 3 0
220 589 3 1 33 5 0
220 192 4 0 91 3 0
220 772 1 7 2 5 0
220 963 4 8 98 5 0
221 1051 2 8 98 3 0
221 358 0 1 25 3 0
221 1145 1 7 81 3 0
221 536 0 1 16 5 0
221 359 4 0 84 4 0
222 731 0 8 34 3 0
222 647 3 6 39 4 0
222 676 2 2 30 4 0
223 809 2 9 75 4 0
223 714 0 6 87 5 0
223 379 4 9 99 3 0
223 180 3 9 46 4 0
223 640 4 0 22 5 0
223 1185 0 3 28 4 0
224 587 0 4 50 3 0
224 371 0 4 38 5 0
224 946 0 3 77 5 0
225 679 4 4 66 5 0
225 324 4 8 8 3 0
226 422 3 9 46 4 0
226 1189 0 0 24 4 0
226 276 2 6 90 5 0
226 818 4 6 9 5 0
226 159 2 8 75 3 0
226 831 2 1 48 5 0
227 1047 2 3 54 3 0
227 819 2 5 76 4 0
227 470 3 8 90 5 0
227 241 0 0 29 4 0
227 341 0 9 24 4 0
227 269 0 1 46 5 0
228 965 4 0 52 3 0
228 1185 1 7 4 5 0
228 633 1 3 73 4 0
229 288 0 6 91 4 0
229 899 1 4 5 4 0
230 452 2 7 95 3 0
231 328 0 6 88 5 0
231 426 2 1 24 3 0
231 1051 2 1 15 4 0
232 670 1 5 28 5 0
232 62 4 6 69 3 0
232 819 0 0 84 3 0
232 549 4 1 21 5 0
233 815 1 1 76 3 0
233 1146 3 6 29 3 0
233 608 0 5 71 5 0
233 404 3 8 75 3 0
233 497 3 5 86 4 0
234 1182 1 5 62 5 0
234 1061 2 2 36 3 0
235 428 4 4 35 5 0
235 636 1 6 64 3 0
235 1028 3 3 22 4 0
235 839 2 2 47 3 0
236 196 3 9 32 3 0
236 1106 1 9 86 3 0
236 948 3 7 85 3 0
236 140 2 8 83 4 0
236 1119 4 7 53 4 0
236 389 2 9 54 3 0
236 734 2 7 74 3 0
237 547 4 8 60 3 0
237 490 3 8 1 4 0
237 172 2 7 72 5 0
237 265 4 8 91 4 0
237 5 4 6 56 5 0
238 717 3 1 43 3 0
238 268 3 7 7 3 0
238 5 2 9 86 5 0
238 902 2 6 69 5 0
238 431 2 6 60 5 0
239 689 3 8 65 3 0
239 466 0 3 31 5 0
240 478 4 1 55 3 0
240 808 3 6 35 3 0
240 962 1 9 31 3 0
240 1057 2 2 62 4 0
240 526 3 8 84 3 0
240 594 2 0 81 3 0
241 1101 1 7 78 3 0
241 661 3 9 28 5 0
241 497 3 8 24 4 0
241 674 4 7 33 4 0
241 846 0 6 15 4 0
242 525 1 2 2 4 0
242 666 1 1 78 3 0
242 810 0 4 70 5 0
242 1133 3 7 31 4 0
242 55 3 8 18 4 0
242 180 4 9 67 5 0
242 481 3 9 35 5 0
242 404 0 9 6 3 0
242 970 4 1 99 5 0
243 1006 2 2 83 4 0
243 797 4 6 66 4 0
244 344 2 8 9 5 0
244 314 1 9 6 4 0
244 636 4 4 22 4 0
244 41 3 3 95 4 0
245 567 3 6 42 4 0
245 1023 4 8 34 5 0
245 41 4 2 37 5 0
245 117 2 2 11 3 0
245 562 2 1 7 5 0
245 666 1 3 87 3 0
245 583 4 3 22 4 0
247 323 0 1 35 4 0
247 750 1 4 24 5 0
247 724 0 0 40 5 0
247 1133 2 5 74 3 0
247 311 2 9 89 4 0
248 84 1 8 78 3 0
248 470 1 7 64 4 0
248 954 4 9 1 3 0
248 51 2 2 35 5 0
249 491 3 4 42 3 0
250 614 3 6 81 5 0
250 624 3 0 76 3 0
250 722 0 6 16 5 0
251 190 2 2 6 4 0
251 1041 0 5 54 4 0
251 947 4 2 63 3 0
252 471 2 3 11 4 0
252 501 4 2 56 3 0
252 506 0 5 36 3 0
253 1045 1 6 72 5 0
253 426 1 2 55 5 0
254 655 3 5 25 4 0
254 542 0 6 46 4 0
255 1136 2 4 84 5 0
255 290 2 0 61 3 0
255 143 1 2 9 5 0
255 9 2 6 41 3 0
255 913 0 6 13 3 0
256 325 4 7 18 5 0
256 462 0 3 30 4 0
256 207 0 3 75 5 0
257 1083 0 5 86 5 0
257 744 1 1 5 4 0
258 1010 2 8 39 3 0
258 1017 2 4 82 3 0
258 318 2 5 9 3 0
259 157 3 0 74 4 0
259 635 2 6 13 4 0
259 767 3 6 17 3 0
260 73 3 2 59 3 0
260 442 2 5 83 3 0
260 801 4 4 4 5 0
261 965 4 9 3 4 0
262 80 3 1 87 3 0
262 344 3 5 29 4 0
263 104 3 1 81 5 0
263 127 3 9 6 4 0
264 69 2 8 59 4 0
264 496 1 2 64 4 0
264 230 1 5 1 3 0
264 284 4 5 47 4 0
264 641 2 5 11 4 0
264 664 0 6 88 5 0
265 314 3 9 53 3 0
266 371 3 9 34 3 0
266 1039 3 6 71 4 0
266 1133 1 1 22 3 0
266 1158 4 3 44 4 0
267 719 2 3 16 5 0
267 1012 1 6 70 5 0
267 732 0 8 38 5 0
267 194 0 6 89 4 0
268 257 0 6 49 5 0
268 194 0 1 91 3 0
269 1165 2 8 27 3 0
269 1167 0 7 42 3 0
269 1100 2 1 25 3 0
269 622 1 1 71 3 0
269 1100 1 3 92 5 0
269 674 2 1 21 5 0
270 160 4 5 43 5 0
270 991 0 3 84 4 0
270 177 3 5 29 4 0
270 345 4 7 64 5 0
270 1183 3 5 17 4 0
270 316 2 6 89 4 0
270 1182 4 1 76 3 0
271 831 2 0 90 3 0
271 943 2 6 59 3 0
271 115 0 3 61 4 0
272 834 2 2 9 5 0
272 207 2 8 15 4 0
273 482 0 2 31 4 0
273 33 4 1 78 4 0
273 807 2 7 84 5 0
274 72 0 4 90 5 0
274 575 4 4 72 3 0
274 679 1 0 88 5 0
274 255 4 9 80 4 0
275 95 4 6 95 3 0
275 214 3 4 69 4 0
275 320 0 2 63 3 0
276 471 4 2 10 4 0
276 92 0 3 81 3 0
276 317 3 6 1 3 0
277 32 4 1 44 4 0
277 415 4 5 58 4 0
278 906 1 0 89 5 0
279 863 1 1 22 5 0
279 414 3 2 30 5 0
279 1022 2 8 29 3 0
279 374 4 6 36 4 0
279 26 3 7 61 5 0
279 1069 2 0 92 3 0
279 316 2 4 85 4 0
279 887 4 9 94 3 0
280 551 1 9 72 4 0
280 315 3 2 68 3 0
280 620 2 3 20 5 0
280 349 3 3 50 5 0
280 395 3 6 91 4 0
280 837 3 8 99 3 0
281 563 4 6 78 3 0
282 636 0 1 65 3 0
282 713 1 2 48 4 0
283 469 1 9 50 4 0
283 599 0 7 38 3 0
283 492 3 3 73 5 0
283 756 1 4 26 4 0
284 990 1 3 25 5 0
284 525 2 4 60 5 0
284 604 4 9 30 5 0
284 971 0 0 12 3 0
285 422 4 1 63 3 0
285 183 4 3 16 4 0
285 558 1 3 56 3 0
285 1080 4 5 12 4 0
285 29 2 5 8 3 0
286 805 0 3 65 5 0
286 867 2 7 89 4 0
286 476 4 0 77 5 0
286 358 3 4 85 3 0
286 583 2 1 79 5 0
287 1099 2 7 83 3 0
287 510 0 9 92 5 0
288 701 3 5 35 4 0
289 163 0 0 48 5 0
289 408 3 8 8 3 0
289 1198 1 3 63 5 0
289 1012 4 6 84 5 0
289 884 0 3 5 5 0
290 873 2 3 60 4 0
290 399 1 9 25 5 0
290 968 3 1 26 4 0
291 917 3 4 98 4 0
291 648 0 4 75 5 0
291 711 2 8 97 5 0
291 635 0 3 29 4 0
292 1188 3 5 95 4 0
292 231 4 0 7 5 0
292 224 4 4 44 3 0
293 384 1 0 20 5 0
293 981 0 6 28 3 0
293 555 0 8 96 4 0
293 1178 4 2 65 3 0
293 313 3 6 50 3 0
294 563 0 0 34 5 0
294 62 3 8 55 5 0
294 906 3 3 27 5 0
294 593 2 6 16 3 0
295 114 2 9 29 4 0
295 1153 1 8 55 3 0
296 184 1 8 28 3 0
296 327 4 4 48 4 0
296 155 1 0 33 5 0
297 390 0 4 50 4 0
297 255 3 0 9 5 0
298 1167 0 2 60 5 0
298 1193 0 9 63 4 0
298 316 1 2 100 5 0
299 93 1 8 9 5 0
299 609 4 1 31 4 0
299 785 3 5 10 3 0
299 319 1 8 38 3 0
299 21 3 0 12 4 0
300 419 3 0 68 5 0
300 367 1 9 7 3 0
300 677 1 7 22 3 0
301 733 4 2 56 5 0
301 334 4 1 44 5 0
301 423 1 8 78 5 0
301 386 2 3 19 4 0
301 693 0 2 61 3 0
302 720 2 2 21 5 0
302 509 1 0 41 4 0
303 253 3 4 41 3 0
303 729 3 6 15 4 0
303 14 2 2 67 3 0
304 105 0 0 62 5 0
304 368 2 5 30 3 0
305 990 0 9 45 4 0
305 291 1 5 58 4 0
306 386 2 5 95 4 0
307 24 1 1 61 5 0
307 362 0 9 46 3 0
308 872 3 5 36 4 0
309 975 4 5 4 4 0
309 822 0 2 8 5 0
309 581 1 8 70 4 0
310 214 0 5 40 4 0
310 995 4 8 40 5 0
310 740 3 0 38 3 0
310 687 1 6 97 3 0
310 719 4 1 79 3 0
311 56 0 4 85 4 0
311 518 3 5 74 4 0
311 616 1 3 95 3 0
311 259 0 0 84 4 0
312 741 2 6 50 3 0
312 420 4 6 38 5 0
312 403 2 7 90 3 0
312 452 4 7 45 3 0
313 238 2 8 79 4 0
314 841 1 3 94 4 0
314 161 0 8 54 4 0
315 49 0 2 20 4 0
315 463 2 7 43 5 0
315 458 3 9 13 4 0
315 374 2 9 29 3 0
315 856 1 6 74 5 0
315 595 0 3 54 5 0
315 1073 4 3 20 4 0
315 892 4 2 49 4 0
316 944 1 9 90 4 0
316 493 2 5 20 5 0
317 163 0 4 17 5 0
317 721 1 7 41 3 0
318 796 2 7 75 4 0
318 1194 4 2 13 5 0
318 471 3 9 91 5 0
318 777 0 5 12 3 0
318 898 2 7 10 3 0
318 987 1 5 74 4 0
318 25 1 9 58 3 0
319 654 2 1 17 4 0
319 732 1 7 36 3 0
319 980 4 2 2 5 0
319 598 3 3 55 5 0
320 1017 1 8 20 4 0
321 922 3 8 60 4 0
321 664 2 1 24 5 0
321 223 4 3 29 4 0
321 172 0 3 80 3 0
321 545 2 1 15 5 0
322 533 3 4 3 3 0
322 978 3 1 60 5 0
322 453 2 3 58 3 0
322 1131 1 4 17 5 0
323 774 0 8 49 5 0
323 1045 1 7 93 5 0
323 430 3 0 22 5 0
323 565 4 6 49 4 0
324 368 2 9 69 4 0
324 965 0 6 58 5 0
324 705 4 1 60 4 0
324 1073 1 3 15 3 0
324 993 4 2 88 5 0
325 1034 2 0 78 3 0
326 715 4 6 53 3 0
327 902 2 7 88 5 0
327 749 1 3 67 3 0
327 38 2 7 2 5 0
327 429 1 9 19 5 0
328 149 3 0 2 4 0
328 196 4 3 4 4 0
328 684 1 3 74 4 0
328 381 4 2 43 4 0
329 1139 4 0 17 5 0
330 452 2 6 50 4 0
330 30 0 5 35 4 0
331 133 4 6 83 4 0
331 1033 1 9 18 3 0
332 320 4 6 8 4 0
332 321 4 1 14 5 0
332 470 2 9 13 3 0
332 159 2 3 25 3 0
332 334 1 3 12 4 0
332 71 0 8 14 5 0
333 127 1 0 71 4 0
333 176 1 9 13 5 0
333 215 1 0 15 4 0
334 969 3 5 77 4 0
334 313 1 1 95 4 0
334 897 0 6 38 3 0
334 907 0 4 83 5 0
334 806 2 5 75 5 0
335 283 3 0 1 3 0
335 10 2 6 52 5 0
336 540 2 8 92 5 0
336 603 3 2 87 5 0
336 499 1 0 59 5 0
336 640 4 2 88 4 0
336 15 1 3 49 3 0
336 178 1 0 68 5 0
337 136 2 6 61 3 0
337 33 0 1 10 3 0
338 762 1 1 63 3 0
338 282 2 0 93 3 0
338 658 0 9 44 4 0
338 526 2 3 27 3 0
338 451 1 6 81 5 0
338 930 3 8 27 4 0
339 103 2 6 14 4 0
339 261 4 8 53 5 0
339 585 0 6 26 4 0
340 528 3 4 57 5 0
340 1049 3 3 50 5 0
341 729 4 7 26 4 0
341 1022 4 2 3 4 0
341 403 1 9 79 5 0
341 1079 0 8 4 4 0
342 166 0 7 38 5 0
342 830 3 1 71 3 0
342 175 0 2 21 4 0
342 309 2 6 92 5 0
342 1114 3 3 93 5 0
342 514 4 2 70 3 0
342 612 4 7 6 4 0
342 35 2 4 73 3 0
342 81 4 4 78 4 0
343 132 0 6 71 5 0
343 669 1 4 10 4 0
344 171 3 5 48 4 0
344 403 2 4 2 4 0
344 510 3 1 55 4 0
344 1126 4 7 49 3 0
344 842 1 6 53 5 0
345 821 3 2 69 4 0
345 816 2 0 32 4 0
345 123 4 6 24 3 0
345 365 2 6 17 4 0
345 712 0 2 67 3 0
346 224 4 9 61 5 0
346 40 0 6 41 4 0
346 406 2 5 16 3 0
346 76 2 7 85 5 0
347 125 2 9 40 3 0
347 197 4 2 67 3 0
347 249 2 8 43 5 0
347 834 2 2 32 4 0
348 1059 4 6 24 4 0
348 151 1 3 74 3 0
348 647 4 7 42 4 0
348 517 1 9 14 3 0
348 436 3 0 18 3 0
348 335 2 7 16 4 0
349 97 2 3 90 3 0
349 1151 3 0 85 4 0
349 1060 1 8 4 4 0
350 33 2 3 27 5 0
350 310 2 6 22 4 0
350 790 1 8 82 3 0
351 797 1 2 41 5 0
351 991 0 1 10 3 0
351 81 2 0 4 4 0
351 73 0 0 66 5 0
352 609 1 0 63 4 0
352 897 1 2 78 3 0
352 1000 1 2 85 4 0
353 962 1 2 75 3 0
353 594 3 8 82 4 0
353 907 1 5 88 5 0
354 618 0 2 82 3 0
354 277 1 6 31 3 0
354 613 0 8 7 3 0
354 837 4 7 59 5 0
355 430 1 2 37 3 0
356 1142 4 1 22 3 0
356 391 0 9 65 4 0
356 620 1 8 27 5 0
357 851 0 6 76 3 0
357 1023 1 4 95 4 0
357 1145 3 0 59 5 0
357 1075 3 7 71 3 0
358 135 2 6 99 3 0
359 784 0 8 4 3 0
359 330 2 9 30 4 0
359 1152 0 1 14 4 0
359 6 3 7 72 3 0
359 43 1 3 48 5 0
359 487 4 1 9 5 0
360 108 1 6 99 4 0
360 57 3 6 63 3 0
361 39 0 2 23 5 0
361 254 1 7 66 5 0
362 862 4 1 95 4 0
362 228 4 2 12 3 0
364 98 4 3 24 5 0
364 593 0 5 38 3 0
364 1114 2 1 89 5 0
365 255 4 2 47 5 0
365 65 4 5 59 4 0
365 266 3 8 5 4 0
366 668 4 0 69 5 0
366 195 4 0 93 5 0
366 834 2 1 29 3 0
367 218 2 9 54 3 0
367 87 4 9 70 5 0
368 912 2 7 25 3 0
368 77 1 6 84 5 0
368 648 2 3 49 5 0
369 320 3 5 59 3 0
369 821 0 8 97 4 0
369 597 0 0 72 4 0
369 303 2 5 72 4 0
369 1085 0 0 89 3 0
369 1031 0 5 37 4 0
369 615 3 0 73 5 0
370 824 0 9 76 3 0
370 669 2 9 9 5 0
370 1051 0 2 6 3 0
370 133 3 1 56 3 0
371 37 0 6 32 4 0
372 1086 4 0 63 5 0
372 626 1 1 38 5 0
372 808 1 9 79 4 0
372 946 1 5 88 5 0
372 379 4 9 20 4 0
373 254 4 5 53 5 0
373 284 3 9 5 3 0
374 34 2 9 9 5 0
374 331 0 0 66 5 0
374 510 4 8 5 4 0
374 115 4 8 24 5 0
375 140 2 1 16 5 0
376 445 0 4 51 5 0
376 401 4 7 30 5 0
376 245 3 4 40 4 0
377 757 1 9 73 3 0
377 411 2 9 23 5 0
377 81 4 7 43 5 0
378 388 0 0 54 3 0
379 909 4 9 12 5 0
379 262 4 9 85 3 0
379 506 4 0 96 3 0
379 1003 2 5 74 5 0
380 668 0 5 76 4 0
380 840 0 6 33 5 0
381 189 0 2 11 3 0
382 428 3 2 44 5 0
383 440 2 4 17 5 0
383 155 2 4 33 4 0
383 53 2 8 94 5 0
383 792 2 1 94 5 0
383 221 2 1 48 5 0
384 531 4 3 98 5 0
384 1108 3 6 1 4 0
384 583 1 9 44 4 0
385 298 4 4 16 4 0
385 835 2 3 71 4 0
385 738 4 7 35 4 0
385 195 4 4 26 3 0
386 550 0 1 67 5 0
386 743 3 7 69 4 0
386 1161 1 8 41 3 0
386 752 3 3 14 3 0
386 575 0 4 67 3 0
386 1163 3 0 42 3 0
386 543 1 0 4 5 0
387 1092 3 5 85 3 0
387 27 3 7 85 5 0
387 296 1 2 81 3 0
387 754 1 3 29 4 0
387 695 1 7 31 5 0
388 935 1 0 57 5 0
388 41 4 1 28 3 0
388 614 4 4 7 4 0
388 714 0 3 47 3 0
389 508 1 9 43 3 0
389 506 3 9 28 5 0
390 667 1 0 68 4 0
390 676 3 1 83 3 0
390 119 4 6 4 4 0
391 914 1 4 3 3 0
391 584 1 3 80 3 0
391 1167 4 9 5 5 0
392 432 3 3 51 5 0
393 1090 0 7 75 5 0
393 69 1 9 67 3 0
393 829 2 0 8 4 0
393 980 3 0 30 4 0
394 1168 3 1 8 3 0
395 871 4 3 70 3 0
395 174 3 5 11 3 0
396 1119 1 7 58 3 0
396 600 2 0 5 3 0
396 74 1 4 17 5 0
396 412 1 5 93 5 0
396 70 1 2 21 3 0
396 1150 0 6 62 5 0
397 580 0 1 29 4 0
397 600 4 9 33 5 0
397 914 3 5 62 3 0
397 964 1 5 43 4 0
398 822 2 2 6 5 0
398 1170 1 9 5 4 0
398 451 0 7 37 4 0
399 289 0 3 49 4 0
399 790 3 3 80 4 0
399 642 1 9 41 5 0
399 999 3 4 22 5 0
401 915 0 7 85 3 0
401 50 4 3 13 3 0
402 70 0 0 13 3 0
402 296 1 4 24 4 0
402 1041 0 8 22 4 0
402 36 0 6 73 4 0
403 743 4 4 91 4 0
404 457 1 8 53 5 0
404 941 0 5 28 3 0
404 837 1 0 11 3 0
404 329 2 1 46 4 0
405 562 0 0 39 3 0
405 1003 1 6 19 3 0
405 514 0 5 42 4 0
405 1042 2 5 28 4 0
406 1180 4 7 13 3 0
406 943 0 3 62 4 0
406 1055 3 8 56 4 0
407 790 0 8 12 3 0
407 1155 1 9 30 5 0
408 861 1 3 11 5 0
408 638 0 2 68 4 0
409 693 1 4 31 5 0
409 682 0 5 66 4 0
410 883 0 4 99 4 0
410 565 1 9 68 4 0
410 1055 3 3 29 4 0
411 1172 0 5 92 3 0
411 147 2 3 60 3 0
412 494 0 7 57 4 0
412 404 1 3 46 3 0
413 1197 4 9 34 4 0
413 576 3 0 56 3 0
413 674 3 8 22 4 0
414 13 3 4 92 3 0
414 671 2 7 15 5 0
414 551 2 6 77 3 0
415 810 4 7 47 5 0
415 469 2 2 84 3 0
415 251 3 4 16 4 0
415 914 0 7 96 5 0
415 226 0 3 91 3 0
415 733 4 3 37 5 0
415 800 1 6 58 5 0
416 638 0 2 13 4 0
416 233 4 0 24 5 0
417 194 0 1 71 5 0
418 386 4 8 92 4 0
419 106 2 6 11 3 0
419 113 0 1 54 5 0
419 216 4 8 59 3 0
419 1057 4 1 58 4 0
420 20 3 1 36 5 0
421 572 2 9 90 5 0
422 551 2 5 95 5 0
423 401 4 5 44 3 0
423 171 1 9 70 5 0
423 447 0 1 58 3 0
423 22 4 1 84 4 0
424 729 1 0 71 4 0
425 485 3 9 55 4 0
425 248 1 3 47 3 0
425 455 2 1 19 4 0
427 237 0 9 93 4 0
427 852 3 5 33 5 0
428 385 2 6 73 5 0
428 1080 0 7 86 3 0
428 908 1 0 32 5 0
428 615 1 6 32 3 0
428 647 2 3 62 3 0
428 964 1 2 36 3 0
428 839 0 0 73 4 0
428 1188 2 3 8 4 0
429 1165 3 6 22 3 0
429 642 2 5 5 5 0
430 268 2 0 49 4 0
430 346 4 5 98 4 0
430 289 0 2 86 3 0
430 1074 0 2 97 3 0
430 341 0 3 51 3 0
430 316 2 1 37 5 0
430 724 3 9 61 3 0
431 937 1 5 98 5 0
431 109 3 4 4 5 0
431 1174 1 6 91 5 0
432 585 1 7 64 5 0
432 610 1 8 82 4 0
432 964 0 0 18 4 0
432 1182 1 4 66 3 0
433 82 4 8 26 3 0
433 676 0 8 62 4 0
433 1148 4 6 28 3 0
433 43 2 7 44 3 0
434 262 2 7 29 4 0
434 453 2 7 55 5 0
434 603 0 1 31 5 0
434 921 2 0 51 4 0
434 864 4 3 76 3 0
435 668 3 4 28 3 0
435 877 3 9 1 5 0
436 347 3 8 87 4 0
436 963 0 4 4 4 0
436 845 4 1 81 3 0
437 138 4 4 7 4 0
437 489 0 1 5 3 0
437 801 4 3 64 3 0
437 424 0 8 8 3 0
437 194 1 4 95 3 0
438 795 0 1 87 5 0
438 706 0 7 13 5 0
438 871 1 3 8 3 0
438 365 3 2 12 5 0
438 1049 3 7 6 5 0
439 1174 0 3 10 3 0
439 61 4 2 13 5 0
440 94 2 6 24 3 0
441 1031 1 7 75 4 0
441 196 0 8 49 3 0
441 797 4 2 41 4 0
442 31 2 2 98 3 0
442 988 2 2 66 4 0
442 144 2 4 81 4 0
442 432 4 7 69 4 0
442 397 4 3 14 3 0
442 494 1 3 39 5 0
442 759 4 9 7 4 0
443 958 4 4 37 3 0
443 560 0 0 95 3 0
443 751 1 1 54 4 0
444 5 4 9 77 4 0
444 570 2 1 14 5 0
444 225 0 1 34 5 0
445 373 0 3 48 3 0
445 327 2 6 23 3 0
446 290 2 8 9 5 0
446 947 1 2 31 5 0
447 803 3 5 57 3 0
447 719 4 6 12 4 0
447 965 1 0 33 4 0
447 470 0 5 56 5 0
447 1012 3 3 95 4 0
448 915 1 1 9 3 0
448 7 3 9 48 4 0
448 830 1 5 4 3 0
448 936 3 9 92 4 0
448 1190 1 7 24 4 0
449 733 4 1 82 3 0
449 583 2 4 13 5 0
449 1078 0 4 60 3 0
449 772 3 0 10 3 0
450 47 4 0 30 3 0
450 559 4 7 42 5 0
450 20 4 8 89 4 0
451 497 0 8 74 5 0
451 755 3 6 4 3 0
451 531 4 1 42 4 0
451 267 2 3 52 3 0
452 461 0 8 82 3 0
452 847 3 8 73 5 0
452 1004 0 5 33 4 0
452 912 1 4 6 4 0
453 377 3 4 80 4 0
453 387 2 5 83 5 0
453 767 1 2 73 4 0
454 482 4 4 42 4 0
454 368 4 3 88 5 0
454 384 4 1 90 3 0
454 1006 0 5 91 3 0
454 263 0 6 92 5 0
455 652 3 6 16 3 0
456 85 0 4 61 3 0
456 455 4 9 57 4 0
457 652 2 7 18 4 0
457 1068 2 5 77 3 0
457 779 1 2 66 4 0
457 642 4 9 5 3 0
458 254 4 0 9 3 0
458 1064 3 2 27 4 0
458 267 2 3 92 4 0
459 1198 3 1 64 3 0
459 504 0 4 68 5 0
459 653 2 4 87 3 0
460 942 3 4 80 4 0
460 1112 0 9 5 3 0
460 86 2 3 44 3 0
460 38 1 7 9 4 0
460 144 1 0 46 4 0
461 451 3 4 67 5 0
462 96 2 5 1 3 0
462 612 3 0 56 5 0
463 51 4 5 39 5 0
464 895 0 6 80 5 0
464 709 2 6 49 5 0
464 1142 1 6 5 4 0
464 458 2 2 77 4 0
465 964 1 3 13 3 0
465 872 1 8 20 4 0
465 724 1 7 26 4 0
465 986 2 6 29 5 0
466 175 2 3 91 4 0
466 316 1 2 95 4 0
466 219 2 9 74 5 0
466 405 0 4 73 5 0
467 1081 4 5 63 3 0
467 275 1 2 97 4 0
467 1188 3 1 95 3 0
467 510 4 2 31 3 0
468 926 4 8 36 3 0
468 94 1 2 95 3 0
468 672 2 5 9 4 0
468 612 4 2 60 4 0
469 875 1 8 6 5 0
469 837 0 0 78 4 0
470 259 1 5 84 4 0
470 297 2 1 57 3 0
470 397 2 9 35 4 0
470 1188 4 1 13 3 0
471 1014 3 6 76 3 0
471 591 2 5 23 5 0
471 378 4 2 96 3 0
472 308 3 4 18 3 0
472 675 2 9 17 3 0
472 931 0 1 33 4 0
472 878 1 0 7 5 0
473 927 3 8 90 4 0
473 211 4 9 61 4 0
473 993 1 5 58 3 0
473 1119 1 8 48 5 0
473 259 4 7 40 5 0
473 441 2 0 40 5 0
473 1143 3 8 90 4 0
473 793 0 9 85 5 0
474 1052 4 5 48 5 0
474 554 2 1 25 5 0
474 205 3 0 60 4 0
475 378 3 8 62 4 0
475 72 0 2 81 4 0
475 189 0 7 51 4 0
475 726 4 1 49 3 0
476 1104 4 4 100 5 0
476 902 4 2 61 3 0
477 244 1 0 28 5 0
477 735 1 7 82 4 0
477 911 3 1 72 5 0
478 873 2 4 30 3 0
478 1016 2 5 98 4 0
478 854 4 4 33 4 0
478 695 2 3 90 5 0
478 282 1 8 9 3 0
479 440 1 4 99 3 0
479 376 3 1 63 5 0
479 313 4 0 16 3 0
479 453 2 6 99 3 0
479 469 1 9 48 5 0
479 959 1 2 80 3 0
480 601 0 1 39 4 0
480 756 0 4 98 3 0
480 194 4 7 9 4 0
481 70 1 3 57 4 0
481 635 0 9 7 3 0
481 233 2 1 48 3 0
482 57 1 2 34 3 0
482 590 1 7 40 5 0
483 439 3 6 36 3 0
483 611 0 5 59 3 0
484 545 3 6 17 3 0
485 1068 0 9 87 5 0
485 173 3 1 59 5 0
485 409 4 1 11 4 0
487 301 2 2 64 3 0
488 794 0 3 77 5 0
488 68 4 0 81 3 0
488 1026 4 5 21 3 0
488 558 4 3 94 3 0
488 1101 2 8 41 5 0
489 385 4 6 37 5 0
489 610 3 5 12 4 0
489 883 0 6 43 4 0
489 210 0 5 89 5 0
489 329 1 6 8 5 0
489 320 0 3 39 5 0
490 1178 0 0 27 5 0
490 499 1 5 59 5 0
490 638 2 1 6 3 0
490 789 1 6 7 5 0
491 271 1 0 99 5 0
491 128 1 1 95 5 0
491 853 2 1 40 4 0
491 419 1 6 58 5 0
492 876 2 7 42 4 0
492 268 0 1 41 3 0
493 369 3 3 59 3 0
493 505 2 6 8 4 0
493 8 3 8 76 5 0
494 93 4 1 11 5 0
494 1045 4 8 59 4 0
494 88 0 2 40 4 0
494 408 1 4 67 3 0
495 321 3 9 85 5 0
495 450 4 6 50 3 0
495 578 0 3 4 4 0
496 158 1 5 53 4 0
496 279 3 5 37 5 0
496 775 2 3 31 5 0
496 956 0 4 35 4 0
497 1057 4 7 49 3 0
497 276 2 4 95 4 0
498 198 3 8 75 3 0
499 454 3 9 50 4 0
499 128 0 5 81 3 0
499 554 4 2 33 5 0
500 353 3 8 32 5 0
500 918 4 1 18 4 0
501 671 4 6 33 4 0
501 676 4 0 59 3 0
501 261 4 8 77 3 0
502 316 3 6 86 5 0
502 1015 2 6 12 3 0
502 528 4 2 85 5 0
502 591 1 6 73 4 0
503 281 2 8 46 3 0
503 875 2 1 78 5 0
503 7 3 3 77 5 0
503 771 2 6 61 3 0
503 1007 1 2 79 3 0
504 961 3 6 95 4 0
504 261 0 7 92 5 0
504 486 4 2 88 5 0
504 1006 1 1 6 4 0
504 263 1 7 1 3 0
505 41 0 0 36 4 0
505 260 3 9 64 5 0
505 549 0 5 30 3 0
505 225 1 5 9 4 0
505 347 4 7 62 4 0
505 1018 2 5 26 3 0
506 646 4 3 37 5 0
506 838 3 7 77 4 0
506 210 3 7 100 5 0
506 1161 4 3 8 3 0
507 1102 4 3 14 4 0
507 1175 3 1 97 5 0
507 441 0 2 4 3 0
507 677 1 5 74 5 0
507 583 0 6 62 4 0
507 981 2 1 89 5 0
507 1150 2 5 8 3 0
508 510 4 2 63 4 0
508 73 3 7 65 3 0
508 612 2 7 7 3 0
509 434 3 8 82 3 0
510 533 2 1 21 3 0
510 644 1 7 43 5 0
510 1105 4 9 73 5 0
511 488 0 2 66 5 0
511 429 4 9 86 3 0
511 44 0 5 4 3 0
512 225 2 0 24 3 0
513 790 4 4 39 3 0
513 1059 2 8 74 3 0
513 583 4 6 9 3 0
513 260 3 4 32 5 0
514 661 0 7 2 5 0
514 905 2 2 25 3 0
514 681 4 9 96 5 0
514 982 4 7 28 5 0
514 909 1 8 55 4 0
515 860 1 0 5 4 0
515 370 2 0 50 5 0
516 468 2 9 83 5 0
516 759 2 2 41 4 0
516 316 3 4 90 4 0
516 216 4 4 48 3 0
516 893 3 1 45 4 0
516 480 1 8 19 3 0
516 979 4 2 25 5 0
517 591 0 9 4 3 0
517 291 0 0 25 4 0
517 437 1 9 90 5 0
518 1095 2 7 63 3 0
518 341 3 7 75 4 0
519 71 1 8 91 5 0
519 990 0 1 10 5 0
519 380 1 7 81 5 0
519 402 1 3 22 5 0
519 595 1 1 75 5 0
519 617 3 5 31 3 0
520 495 4 5 20 4 0
521 374 3 9 90 3 0
521 934 1 6 48 3 0
521 463 0 0 86 5 0
522 1028 2 3 86 5 0
522 939 0 1 72 4 0
522 570 1 0 76 5 0
522 389 2 2 34 3 0
522 445 3 0 54 5 0
523 540 2 9 79 3 0
523 308 4 2 32 5 0
523 428 0 6 56 5 0
524 738 0 4 20 5 0
524 971 0 3 33 4 0
524 915 0 5 14 4 0
524 152 2 7 30 3 0
524 219 4 0 54 5 0
525 95 4 8 48 4 0
525 1158 1 9 68 4 0
526 570 1 7 60 4 0
526 168 1 6 49 3 0
526 607 0 8 21 3 0
527 809 3 2 48 5 0
527 464 1 8 17 3 0
527 109 3 5 70 3 0
528 451 0 9 17 5 0
528 608 4 5 85 4 0
528 335 2 3 36 3 0
528 1107 0 9 75 4 0
528 240 4 3 1 3 0
529 539 2 1 23 4 0
529 163 4 8 47 4 0
529 350 3 8 4 3 0
530 65 2 1 51 4 0
530 230 1 3 87 5 0
530 476 0 2 89 3 0
530 1094 3 4 89 5 0
530 412 3 4 51 3 0
531 922 2 0 50 5 0
532 496 4 7 39 3 0
532 972 1 2 84 3 0
533 217 0 8 44 4 0
533 526 0 3 27 3 0
533 407 0 9 41 5 0
533 526 4 2 84 3 0
533 628 0 8 88 5 0
534 246 4 5 67 5 0
534 629 4 8 41 3 0
534 654 0 2 70 4 0
534 945 2 2 35 5 0
534 385 3 0 6 3 0
534 756 2 8 90 5 0
535 1198 1 4 53 5 0
536 752 3 1 70 4 0
536 1133 3 5 14 4 0
536 891 0 5 35 4 0
536 421 0 6 48 4 0
537 547 0 5 13 4 0
537 966 4 4 62 5 0
537 1138 0 6 31 3 0
538 583 1 6 13 4 0
538 331 4 5 12 4 0
538 159 2 1 93 4 0
539 588 0 8 42 4 0
539 1039 0 2 87 3 0
539 521 4 6 35 5 0
540 121 4 1 100 3 0
540 852 4 6 31 3 0
540 870 4 9 44 5 0
541 320 4 5 25 4 0
541 493 0 8 70 5 0
542 409 3 1 53 4 0
542 497 2 2 45 4 0
542 906 4 7 3 3 0
542 880 0 1 95 4 0
543 1084 3 4 11 5 0
543 715 2 7 25 4 0
543 39 1 7 29 5 0
543 893 4 5 23 3 0
543 519 2 4 86 4 0
544 200 2 7 97 3 0
544 329 0 0 8 5 0
545 235 0 7 22 5 0
545 102 0 8 10 5 0
546 1047 3 6 26 4 0
546 830 3 6 6 3 0
547 877 3 3 7 3 0
547 784 4 9 56 3 0
547 950 0 5 22 4 0
548 643 1 5 26 4 0
548 1106 4 0 1 5 0
548 609 2 9 28 3 0
548 642 0 0 61 5 0
549 826 1 2 62 5 0
549 325 0 1 32 4 0
549 463 1 1 56 3 0
549 722 1 7 52 4 0
549 320 1 3 75 3 0
550 1136 3 2 94 4 0
550 850 1 8 10 3 0
551 115 1 0 32 3 0
551 222 2 8 92 5 0
551 133 2 7 68 4 0
551 981 1 2 95 4 0
552 297 0 3 63 4 0
552 952 1 6 95 5 0
552 652 4 7 29 3 0
552 741 3 1 37 3 0
552 768 2 9 45 4 0
552 704 4 3 36 4 0
552 476 4 7 28 3 0
553 766 3 6 52 4 0
553 819 3 1 56 4 0
553 1158 3 2 87 5 0
553 654 2 5 77 4 0
554 775 0 4 47 4 0
554 480 1 4 71 3 0
554 433 0 4 35 4 0
554 739 3 3 60 4 0
555 82 4 9 95 5 0
555 907 2 1 67 3 0
555 825 1 6 23 4 0
556 41 4 8 67 3 0
556 512 4 1 82 5 0
556 832 1 6 95 5 0
556 1028 2 1 72 5 0
557 112 0 3 51 4 0
557 1115 1 2 52 3 0
558 267 2 2 30 5 0
558 471 0 5 13 3 0
558 296 3 5 91 3 0
558 75 1 4 67 3 0
558 466 1 8 26 4 0
559 307 1 9 93 4 0
559 1049 0 4 73 5 0
559 588 1 1 71 4 0
559 163 2 2 96 5 0
559 76 4 9 96 5 0
559 279 2 7 17 4 0
559 822 0 0 54 3 0
560 307 1 9 87 5 0
561 25 3 7 84 3 0
561 331 3 3 77 4 0
561 1161 3 2 7 3 0
561 13 2 5 64 4 0
562 771 2 4 30 5 0
562 484 3 2 71 4 0
562 418 4 9 50 3 0
562 263 4 5 90 5 0
562 307 4 0 61 5 0
563 511 2 9 84 3 0
564 279 2 9 66 3 0
564 676 0 0 88 4 0
564 101 1 7 25 4 0
564 619 2 4 71 3 0
565 586 1 0 6 4 0
565 1021 1 9 18 4 0
565 15 1 3 85 4 0
565 161 0 5 32 5 0
565 834 0 9 41 4 0
565 155 4 6 76 5 0
565 322 0 7 44 3 0
565 1049 2 7 22 3 0
566 1100 1 6 28 3 0
566 946 0 1 30 5 0
566 409 3 4 17 4 0
566 442 1 2 100 4 0
567 173 1 0 32 3 0
567 1153 4 5 26 3 0
568 856 3 8 54 3 0
568 131 3 5 53 3 0
569 1117 4 7 8 5 0
569 772 3 0 15 3 0
569 949 2 8 99 3 0
570 464 0 0 69 3 0
570 743 0 8 90 3 0
570 904 0 3 62 4 0
570 731 2 2 64 3 0
571 1012 3 9 26 5 0
571 973 4 3 27 3 0
572 344 3 6 55 3 0
572 282 0 0 20 4 0
572 699 1 4 10 4 0
572 815 1 7 49 3 0
573 537 0 0 61 5 0
573 145 4 7 1 4 0
574 263 4 0 78 4 0
575 85 3 1 22 4 0
575 1130 3 7 67 5 0
575 954 0 3 48 3 0
575 108 4 2 61 5 0
576 1105 3 6 8 3 0
576 773 0 9 96 4 0
576 999 4 0 15 3 0
576 108 4 2 36 5 0
577 311 1 8 88 3 0
577 41 3 7 95 3 0
577 796 1 3 48 5 0
578 497 3 0 86 4 0
578 412 1 4 23 3 0
578 55 3 3 13 3 0
578 400 3 6 98 5 0
579 7 0 4 89 4 0
579 643 4 7 85 5 0
579 990 2 4 37 3 0
579 118 3 5 57 3 0
579 258 3 3 14 4 0
580 372 2 9 93 4 0
580 90 0 0 98 5 0
580 958 3 8 40 3 0
581 437 0 0 63 3 0
581 355 3 1 41 4 0
581 1005 3 5 2 3 0
582 563 0 2 87 3 0
582 38 0 3 36 4 0
582 180 2 2 17 5 0
582 453 3 7 34 5 0
583 941 1 0 72 4 0
583 748 2 0 50 5 0
583 13 1 9 7 5 0
583 338 3 1 29 3 0
584 1189 4 5 62 4 0
584 691 1 3 6 4 0
584 818 4 6 67 3 0
585 108 2 7 23 5 0
585 748 4 7 90 4 0
585 548 2 8 47 5 0
585 972 0 0 79 5 0
586 736 2 2 56 3 0
586 586 2 2 29 3 0
586 729 3 5 91 4 0
586 212 3 4 7 5 0
587 189 2 6 83 4 0
587 1019 1 1 56 3 0
587 735 1 4 14 3 0
587 1179 0 1 74 4 0
587 922 2 3 62 4 0
587 548 3 4 37 4 0
587 915 3 1 27 4 0
587 1114 0 1 19 3 0
587 94 3 7 15 3 0
588 825 1 2 59 3 0
588 269 0 0 85 4 0
588 999 2 5 15 5 0
588 357 3 6 55 5 0
588 1062 2 4 10 4 0
589 527 0 4 79 4 0
590 884 2 8 34 3 0
590 356 0 1 61 5 0
590 831 1 0 18 5 0
590 526 0 7 72 3 0
590 25 1 5 20 3 0
590 418 1 2 33 5 0
591 1143 3 8 61 3 0
591 775 4 8 82 3 0
591 876 3 5 16 3 0
592 907 1 6 3 3 0
592 267 3 7 24 3 0
592 312 4 2 83 5 0
593 297 1 3 25 4 0
593 1157 4 1 84 5 0
593 319 1 1 51 4 0
594 584 2 8 95 3 0
594 203 0 8 64 4 0
594 127 3 2 32 4 0
594 1042 4 2 13 5 0
595 143 4 3 65 5 0
595 898 0 8 24 3 0
595 637 0 2 24 5 0
595 695 2 1 48 5 0
596 1018 1 5 58 4 0
596 736 2 4 78 4 0
596 31 2 5 42 4 0
596 810 1 1 66 5 0
597 595 0 4 73 4 0
598 340 4 7 88 5 0
598 393 0 9 94 3 0
598 193 4 0 60 3 0
598 920 4 6 42 3 0
598 251 3 5 23 5 0
601 943 2 5 52 5 0
601 817 0 0 90 5 0
601 1123 3 5 68 5 0
601 440 3 6 25 5 0
601 722 0 8 54 4 0
602 615 3 6 33 3 0
602 543 0 1 98 5 0
602 1011 1 5 79 4 0
603 909 2 1 92 4 0
603 904 4 9 49 4 0
603 1185 3 5 35 4 0
603 1052 2 2 93 5 0
604 595 3 5 63 4 0
604 705 3 2 70 5 0
604 624 2 7 50 5 0
605 573 3 5 10 3 0
605 515 3 4 44 5 0
605 873 2 3 61 4 0
605 1125 1 1 66 3 0
606 57 0 1 86 3 0
607 1158 1 4 82 3 0
607 13 2 2 72 3 0
607 817 2 1 86 5 0
607 643 4 5 78 5 0
607 277 2 5 45 5 0
607 142 4 9 76 5 0
608 673 1 4 72 5 0
608 579 4 6 25 5 0
609 147 4 1 68 3 0
609 479 0 3 26 4 0
609 926 2 9 13 5 0
609 34 1 6 86 3 0
609 404 1 5 45 4 0
609 1046 4 1 46 4 0
610 1135 2 8 40 5 0
611 751 0 9 89 5 0
611 1146 2 1 34 4 0
611 230 4 7 5 3 0
611 872 2 8 70 5 0
612 671 0 8 3 5 0
612 827 1 5 2 3 0
612 556 4 0 22 3 0
612 299 0 2 67 3 0
613 213 3 2 24 4 0
613 534 4 7 75 4 0
614 1098 1 9 27 3 0
614 966 0 6 91 5 0
614 764 1 3 59 3 0
614 119 0 8 54 4 0
615 731 3 7 3 4 0
615 542 1 1 50 3 0
616 757 3 5 96 5 0
616 938 1 6 3 4 0
616 963 1 8 49 5 0
616 992 1 7 77 5 0
617 510 1 9 89 3 0
617 839 3 4 11 4 0
617 230 2 8 81 4 0
617 1126 1 5 50 5 0
617 1053 3 0 11 5 0
618 522 4 4 97 3 0
618 418 4 8 92 4 0
618 1180 1 8 6 4 0
618 214 0 3 63 4 0
618 1090 0 5 78 3 0
618 850 4 3 48 3 0
619 1041 3 4 67 5 0
619 28 1 8 5 3 0
619 610 3 1 66 5 0
619 515 0 2 55 5 0
620 316 4 9 82 3 0
620 876 4 5 66 3 0
621 231 0 6 85 3 0
621 581 2 6 89 3 0
621 480 2 5 14 5 0
622 394 3 2 99 5 0
622 967 1 4 37 4 0
623 1074 0 0 32 4 0
623 1130 1 8 99 5 0
624 431 1 1 35 3 0
624 946 0 2 91 4 0
625 531 1 5 100 4 0
625 557 1 5 68 3 0
625 26 4 1 58 3 0
625 876 0 1 79 3 0
625 947 1 6 95 4 0
625 1125 3 3 56 4 0
625 497 3 2 80 4 0
625 1049 0 0 20 5 0
626 1193 2 0 30 4 0
626 679 3 2 58 3 0
626 983 3 4 44 4 0
626 139 2 6 67 5 0
626 525 0 3 70 3 0
628 1158 1 5 19 3 0
629 1123 4 9 11 3 0
630 357 3 4 3 4 0
630 482 0 2 16 3 0
630 109 3 7 84 4 0
630 999 4 7 57 5 0
630 417 1 9 44 3 0
631 1151 0 0 18 4 0
631 953 4 1 83 3 0
631 203 0 4 66 5 0
631 201 2 5 47 4 0
631 190 2 5 40 4 0
632 233 3 4 13 4 0
632 898 2 1 86 3 0
632 376 4 9 60 4 0
632 652 2 5 43 5 0
632 997 3 1 97 4 0
633 366 3 5 55 3 0
633 958 0 5 73 5 0
633 94 3 9 61 5 0
633 844 2 8 38 5 0
634 101 0 2 93 3 0
634 249 3 4 32 3 0
634 912 0 9 43 5 0
634 811 4 4 31 3 0
635 1130 2 1 35 5 0
635 854 0 3 55 5 0
635 172 0 9 25 5 0
636 169 2 7 46 4 0
636 221 1 3 77 5 0
636 1116 2 3 89 3 0
636 210 0 6 28 3 0
636 948 1 6 62 4 0
636 524 1 1 17 3 0
637 326 3 3 86 3 0
637 657 3 8 21 4 0
637 601 1 5 47 4 0
639 473 2 4 71 5 0
639 506 0 3 69 4 0
639 458 1 9 66 3 0
639 822 1 6 75 5 0
639 629 3 5 73 3 0
640 1147 2 7 30 3 0
640 115 2 3 66 5 0
640 400 3 4 23 4 0
640 583 3 4 65 3 0
641 960 1 1 100 4 0
641 832 2 6 55 5 0
641 263 0 1 1 5 0
641 524 1 0 44 3 0
642 20 4 5 8 5 0
642 164 3 3 40 5 0
643 747 3 0 79 4 0
643 741 3 8 65 5 0
644 683 1 3 75 4 0
644 198 0 2 28 3 0
645 709 0 9 34 4 0
645 857 2 8 66 3 0
645 1164 0 3 61 4 0
645 1149 4 2 40 5 0
645 543 4 5 83 3 0
646 99 3 8 4 3 0
646 1065 2 7 53 5 0
647 6 4 0 61 5 0
647 482 3 9 85 5 0
647 2 3 5 94 4 0
647 541 2 0 97 3 0
647 883 3 0 62 5 0
647 593 1 8 87 3 0
648 710 2 9 41 5 0
648 801 3 3 84 5 0
649 984 3 7 5 5 0
649 1073 3 1 96 3 0
649 1034 4 8 18 5 0
649 146 4 4 100 4 0
649 336 0 7 67 3 0
651 391 4 6 71 4 0
651 654 0 1 69 3 0
651 967 0 5 78 3 0
651 276 2 6 69 4 0
652 288 2 9 57 3 0
652 814 0 7 2 3 0
652 65 3 7 96 4 0
652 802 4 2 66 5 0
652 612 0 4 92 5 0
652 154 2 0 28 4 0
653 487 1 0 25 4 0
653 510 1 4 80 3 0
653 694 1 0 59 5 0
653 743 3 1 90 4 0
654 142 2 3 64 4 0
654 797 0 8 14 5 0
654 335 1 9 10 5 0
654 886 4 0 22 3 0
655 41 2 6 39 3 0
656 604 3 3 72 4 0
656 158 0 5 37 5 0
656 610 4 6 66 4 0
657 292 2 1 3 3 0
657 698 1 8 21 5 0
657 233 3 7 7 5 0
657 792 3 6 78 5 0
658 381 1 1 13 5 0
658 274 2 2 2 3 0
658 292 3 3 18 5 0
658 893 0 9 42 4 0
658 158 1 4 8 3 0
659 768 4 0 59 3 0
659 926 3 0 77 3 0
659 96 3 3 49 3 0
660 259 2 2 74 3 0
660 1182 2 2 90 3 0
660 329 0 8 75 3 0
661 93 1 1 62 4 0
661 187 3 6 51 4 0
661 308 2 9 40 5 0
662 690 1 2 19 3 0
662 687 1 0 45 4 0
663 955 0 8 6 5 0
663 1175 1 0 69 3 0
663 98 1 0 7 4 0
663 645 4 0 40 5 0
664 879 2 1 10 4 0
664 876 3 0 79 3 0
664 415 1 6 2 3 0
664 1101 0 0 77 4 0
664 501 3 6 15 5 0
665 246 2 0 56 4 0
665 359 1 4 49 3 0
665 643 1 6 34 4 0
665 1145 2 4 80 4 0
665 794 0 1 66 3 0
665 1039 4 4 59 5 0
665 178 3 3 6 4 0
666 878 3 9 14 4 0
666 1189 3 9 10 4 0
666 1033 4 6 93 3 0
666 215 1 8 24 3 0
666 946 3 4 37 3 0
667 583 3 5 82 5 0
667 92 2 8 82 4 0
668 953 1 5 69 3 0
668 360 1 7 43 3 0
668 449 2 5 1 5 0
668 1050 0 7 91 4 0
669 364 0 4 65 3 0
669 1078 3 2 61 3 0
670 30 3 7 13 4 0
670 799 1 9 18 5 0
670 478 1 4 43 4 0
670 737 1 6 71 3 0
670 503 3 5 21 3 0
670 656 0 8 72 5 0
671 45 3 0 29 5 0
671 1108 0 0 82 3 0
671 1046 3 3 80 3 0
671 203 3 2 96 4 0
671 956 1 8 38 4 0
672 600 2 9 84 5 0
672 976 0 1 54 5 0
673 1043 4 1 80 3 0
673 1052 1 9 85 4 0
673 439 3 3 95 3 0
673 829 0 2 73 3 0
674 898 4 2 68 3 0
674 1172 3 6 92 3 0
674 703 2 8 24 4 0
674 265 1 6 56 4 0
674 1128 4 1 43 3 0
674 311 3 6 99 3 0
674 470 4 6 100 5 0
674 904 0 5 33 5 0
676 624 4 9 41 3 0
676 763 2 2 58 5 0
676 187 2 9 96 5 0
676 1152 4 8 45 5 0
678 166 3 7 25 3 0
678 1156 2 7 28 5 0
678 683 1 3 77 5 0
678 896 1 8 2 4 0
678 975 2 5 64 3 0
678 619 1 3 47 4 0
679 1161 4 2 96 5 0
679 490 2 7 45 4 0
679 676 2 0 92 4 0
679 1074 2 1 10 5 0
680 452 1 1 72 4 0
680 41 1 0 55 3 0
680 960 4 5 7 3 0
680 775 1 3 41 5 0
680 1180 4 8 55 3 0
681 948 0 6 32 5 0
681 1194 1 3 27 5 0
681 414 1 2 18 5 0
681 222 0 2 94 3 0
682 660 0 5 93 4 0
682 845 4 4 2 4 0
682 406 1 2 87 3 0
682 919 0 7 37 5 0
682 330 3 7 21 4 0
683 323 2 5 18 5 0
683 667 3 0 66 3 0
683 809 1 7 24 4 0
683 653 3 3 34 5 0
683 840 4 0 18 4 0
684 530 1 2 20 5 0
684 167 1 9 99 3 0
685 680 2 6 37 3 0
685 116 1 8 20 3 0
685 838 3 8 30 4 0
685 920 3 0 95 5 0
685 620 3 3 56 3 0
686 365 4 1 2 4 0
686 941 0 9 72 5 0
686 68 0 1 39 5 0
686 569 0 1 52 3 0
686 802 3 8 35 4 0
687 1083 0 6 83 4 0
687 223 2 1 45 3 0
687 759 4 9 29 3 0
688 227 0 9 21 3 0
688 1070 0 3 36 4 0
688 1133 0 4 89 3 0
689 233 2 5 19 3 0
689 652 4 2 40 4 0
689 537 3 4 84 3 0
690 753 4 2 57 5 0
690 10 0 6 86 5 0
691 802 4 3 50 5 0
692 679 2 0 76 3 0
692 1101 2 8 96 3 0
692 243 0 2 24 5 0
692 278 1 1 99 5 0
693 729 3 4 54 5 0
693 1088 1 6 91 4 0
694 708 1 0 90 3 0
694 1071 2 9 91 5 0
694 288 0 0 79 5 0
694 502 3 1 55 4 0
695 939 3 3 86 4 0
696 363 3 9 49 4 0
696 1130 0 2 89 4 0
696 315 4 3 22 4 0
696 816 3 2 5 5 0
696 320 2 3 97 4 0
697 755 0 6 59 3 0
697 604 3 5 53 4 0
697 296 2 3 21 3 0
697 157 2 6 15 4 0
698 1098 0 9 88 5 0
698 387 4 6 17 4 0
698 159 0 0 20 3 0
698 118 1 7 8 3 0
698 742 4 2 30 4 0
699 1171 1 4 68 5 0
699 747 0 7 41 5 0
699 469 2 2 73 4 0
699 742 1 8 60 4 0
701 124 2 8 28 3 0
701 648 0 2 73 3 0
701 489 0 9 76 5 0
702 440 2 8 67 3 0
702 19 0 5 70 4 0
702 1110 3 8 76 3 0
702 822 3 8 82 3 0
703 329 0 0 55 5 0
704 506 4 5 10 5 0
704 269 1 6 98 5 0
704 283 3 8 52 5 0
705 1030 1 5 63 5 0
705 959 2 0 79 4 0
705 732 0 5 81 5 0
706 936 2 8 69 5 0
706 97 4 3 48 5 0
706 172 3 3 30 3 0
706 918 1 7 24 5 0
706 802 3 7 63 5 0
707 523 3 6 20 3 0
707 1146 0 9 92 4 0
707 456 1 4 3 4 0
707 770 3 3 63 3 0
708 579 2 7 47 5 0
708 563 1 6 77 5 0
708 1024 1 5 49 5 0
708 1161 0 1 49 4 0
708 975 3 7 31 5 0
709 800 2 7 69 4 0
709 884 2 2 57 5 0
709 525 4 8 79 3 0
709 253 4 7 96 5 0
709 409 2 3 44 3 0
710 849 0 6 49 5 0
710 1106 1 5 9 5 0
710 114 2 5 54 3 0
710 181 4 6 52 3 0
710 223 3 4 16 4 0
710 119 1 5 45 3 0
711 353 0 7 63 5 0
711 9 2 9 64 3 0
711 676 1 2 4 5 0
711 894 4 3 61 5 0
712 628 0 5 100 4 0
712 488 2 6 71 5 0
712 149 3 1 65 4 0
712 656 4 2 93 3 0
713 1010 2 1 1 3 0
713 606 1 2 19 5 0
713 841 1 3 4 4 0
713 105 2 7 77 5 0
713 1057 0 9 82 5 0
714 137 1 4 30 4 0
714 538 3 9 70 5 0
715 921 2 6 27 5 0
715 879 0 5 37 4 0
715 26 2 7 84 5 0
715 486 0 8 73 3 0
717 482 2 2 35 5 0
717 197 0 1 45 3 0
717 919 4 6 39 3 0
718 787 1 4 13 4 0
718 998 4 1 74 4 0
719 1062 3 9 1 3 0
719 645 4 6 16 3 0
720 1051 0 5 79 5 0
721 882 2 3 94 4 0
721 298 4 9 70 4 0
721 147 0 9 76 3 0
722 1043 0 5 84 5 0
722 420 1 6 93 4 0
723 258 1 6 5 5 0
723 986 0 0 10 5 0
724 373 4 2 47 3 0
724 85 2 6 75 3 0
725 44 0 1 42 3 0
725 1078 1 9 26 5 0
725 836 3 1 56 4 0
725 190 0 1 82 5 0
725 540 3 0 88 5 0
726 877 0 3 73 4 0
726 916 3 9 98 3 0
727 468 0 5 32 3 0
727 376 0 5 96 4 0
727 660 2 5 83 3 0
728 619 3 5 67 4 0
728 677 0 9 76 4 0
730 790 3 1 26 5 0
730 1116 4 5 19 4 0
730 76 3 8 19 5 0
730 581 1 7 84 3 0
730 69 2 6 18 3 0
731 416 2 5 80 4 0
731 249 1 2 78 3 0
732 19 1 2 87 4 0
732 88 2 6 7 5 0
733 1192 3 2 24 4 0
733 707 4 6 98 5 0
733 368 2 6 45 3 0
733 1076 1 3 35 5 0
735 1044 0 9 57 5 0
735 739 1 5 34 3 0
735 101 0 4 35 3 0
735 362 4 5 3 4 0
735 271 2 2 27 4 0
735 998 0 8 21 5 0
736 127 4 7 22 3 0
736 639 3 9 82 5 0
736 885 0 7 60 3 0
737 1068 2 7 39 3 0
737 1118 3 8 62 4 0
737 457 4 2 86 3 0
737 22 4 3 94 3 0
737 1178 2 0 24 3 0
738 160 2 2 78 3 0
739 688 0 6 96 4 0
739 98 4 1 50 5 0
740 259 3 6 35 4 0
740 378 2 0 63 5 0
740 350 1 6 51 4 0
740 71 3 6 74 4 0
740 71 3 5 27 3 0
740 851 3 7 57 3 0
740 547 4 0 72 5 0
741 1199 2 9 89 4 0
742 1061 4 9 4 5 0
742 946 4 2 64 5 0
742 265 1 4 98 4 0
743 165 4 6 47 3 0
743 821 3 4 23 3 0
743 73 4 6 15 5 0
744 917 2 9 41 4 0
745 1062 0 8 22 4 0
745 1143 0 8 74 3 0
745 237 2 4 91 5 0
746 210 3 7 59 4 0
746 1098 3 6 84 3 0
746 741 3 7 82 5 0
746 18 2 2 66 4 0
746 260 1 2 15 4 0
747 940 1 5 5 5 0
747 676 1 4 1 3 0
748 261 3 8 100 4 0
748 172 1 0 1 3 0
749 1078 0 9 36 5 0
750 168 3 1 51 3 0
750 804 0 2 47 4 0
750 79 2 7 34 4 0
751 369 0 1 37 3 0
751 794 3 0 67 4 0
751 948 2 7 1 5 0
752 1049 2 5 96 4 0
752 966 3 2 27 3 0
752 4 0 3 100 4 0
752 215 4 1 34 4 0
753 587 2 5 79 4 0
753 1164 1 6 63 4 0
754 500 4 7 68 5 0
754 68 2 5 7 4 0
755 375 4 2 84 4 0
755 869 1 4 71 5 0
756 94 2 8 84 3 0
756 311 1 5 10 5 0
756 777 4 7 84 5 0
757 1085 0 1 15 5 0
757 1123 4 7 99 5 0
757 1088 1 5 98 5 0
757 341 2 0 96 3 0
757 562 3 4 66 3 0
758 488 2 9 28 4 0
758 620 0 7 30 5 0
758 1128 0 9 43 4 0
758 895 1 9 6 3 0
759 693 3 4 42 5 0
760 173 4 6 96 3 0
761 1072 3 0 64 5 0
761 448 1 1 80 3 0
762 829 0 7 83 3 0
762 769 0 2 13 3 0
763 1015 2 0 84 4 0
763 1181 3 7 25 5 0
763 344 2 2 67 3 0
763 1024 4 3 60 4 0
765 149 1 9 6 3 0
766 1051 3 7 35 5 0
766 545 3 7 80 3 0
766 61 4 7 12 4 0
766 772 2 9 27 4 0
766 847 2 1 32 3 0
767 482 2 7 98 3 0
767 504 2 1 33 4 0
767 44 3 7 44 3 0
767 442 1 1 34 3 0
767 143 1 5 13 5 0
768 261 3 7 69 5 0
768 502 4 3 46 5 0
768 163 0 9 79 5 0
768 135 0 6 6 5 0
768 114 0 5 6 4 0
769 922 0 5 79 3 0
769 759 4 4 54 5 0
769 306 0 9 80 4 0
770 270 1 9 43 4 0
770 731 1 7 75 3 0
770 589 2 9 79 4 0
771 557 3 3 6 4 0
771 955 4 7 4 4 0
771 823 0 7 18 3 0
771 1078 0 5 100 5 0
771 51 4 8 24 5 0
771 987 3 0 72 5 0
771 876 1 8 35 5 0
771 1058 4 2 35 4 0
771 995 3 0 6 4 0
772 196 4 4 44 3 0
772 570 3 4 54 4 0
772 445 3 4 71 3 0
772 400 2 4 21 5 0
772 88 1 3 49 3 0
773 333 2 3 100 4 0
773 1120 4 3 97 4 0
774 314 2 4 38 5 0
774 848 4 7 95 3 0
775 451 3 6 1 5 0
775 467 1 5 68 4 0
776 936 1 1 8 4 0
776 1088 1 1 37 3 0
777 327 1 9 51 3 0
777 336 4 4 81 5 0
777 311 4 9 90 5 0
777 738 2 0 10 3 0
777 1127 1 4 89 3 0
777 516 3 5 9 4 0
777 857 0 8 26 4 0
777 1170 3 4 46 5 0
778 1095 3 5 91 5 0
778 518 1 9 65 3 0
778 271 2 1 48 5 0
779 180 0 3 5 5 0
779 79 2 0 9 3 0
780 1083 3 8 2 3 0
780 431 3 2 23 4 0
780 303 0 3 73 3 0
781 423 0 2 40 5 0
782 369 4 7 98 4 0
782 566 1 3 66 5 0
782 523 2 1 47 3 0
782 876 3 2 60 3 0
782 227 0 0 21 3 0
783 660 1 8 92 3 0
783 1052 1 8 40 5 0
783 965 3 1 3 5 0
783 196 0 2 97 4 0
784 907 2 3 98 3 0
784 152 4 0 68 3 0
785 330 1 5 81 4 0
786 986 4 4 5 3 0
786 135 1 4 84 3 0
786 853 0 4 98 3 0
786 266 1 4 63 3 0
787 725 4 8 75 4 0
788 496 4 9 89 3 0
788 892 0 6 42 5 0
789 415 2 6 80 5 0
789 1198 1 4 94 4 0
789 1162 2 3 69 3 0
789 306 1 1 64 4 0
789 959 1 0 86 5 0
789 763 0 3 94 4 0
790 52 2 8 16 4 0
790 1182 3 1 72 3 0
791 603 4 2 87 3 0
791 596 2 7 79 4 0
791 298 1 1 66 3 0
792 308 4 6 92 5 0
792 373 3 4 71 5 0
792 555 1 7 55 5 0
793 518 0 3 83 5 0
793 192 2 9 76 5 0
793 602 0 7 5 5 0
793 727 3 6 50 3 0
794 548 0 8 71 5 0
794 534 0 3 52 3 0
794 754 4 7 29 5 0
794 819 2 3 24 3 0
795 957 3 1 57 5 0
795 909 4 3 99 4 0
795 1121 1 8 39 4 0
796 787 3 8 99 3 0
796 1119 0 3 39 5 0
796 221 3 5 50 5 0
796 612 0 7 24 3 0
797 1181 1 5 97 5 0
797 859 2 1 87 5 0
797 391 2 6 8 5 0
797 949 0 5 72 5 0
797 638 1 3 11 4 0
798 342 0 9 72 5 0
798 611 2 1 14 5 0
799 955 0 9 87 4 0
799 429 3 0 45 4 0
799 963 2 9 2 3 0
799 287 3 9 11 5 0
800 898 2 3 99 5 0
800 698 3 4 53 5 0
800 368 4 0 81 4 0
800 703 2 9 92 3 0
800 746 4 6 31 5 0
800 135 3 0 73 5 0
800 234 1 3 14 5 0
800 1098 2 7 59 5 0
800 757 3 5 54 4 0
800 27 0 8 15 5 0
801 9 0 7 71 3 0
801 614 2 2 15 3 0
801 931 3 2 74 3 0
802 250 2 7 22 4 0
802 371 1 7 28 4 0
802 1131 4 5 97 5 0
803 824 3 0 10 5 0
803 240 1 8 7 5 0
804 136 1 3 3 4 0
804 537 2 0 9 4 0
805 1109 1 9 3 5 0
805 667 0 5 51 4 0
805 975 4 0 23 5 0
806 627 3 4 98 5 0
806 114 4 8 64 5 0
806 450 2 8 90 4 0
806 578 4 0 46 5 0
807 556 3 6 30 5 0
807 678 0 3 29 5 0
807 739 4 9 99 3 0
807 1083 2 8 60 4 0
807 616 3 9 14 5 0
807 672 1 0 73 5 0
808 648 1 6 42 4 0
808 700 0 6 62 4 0
809 392 3 5 83 4 0
809 629 0 6 20 3 0
809 209 1 7 45 3 0
809 462 4 3 40 4 0
809 59 3 8 62 3 0
810 588 1 5 50 4 0
811 892 0 7 89 4 0
811 87 3 9 39 4 0
811 874 3 4 23 5 0
811 618 0 3 69 3 0
811 277 2 4 2 5 0
812 417 1 5 55 4 0
812 364 2 1 16 4 0
812 80 1 9 3 5 0
812 259 3 3 97 5 0
813 565 1 6 29 3 0
814 475 1 6 54 4 0
814 895 3 4 45 4 0
814 445 0 3 71 4 0
814 884 3 1 85 5 0
814 302 4 9 74 5 0
814 494 0 5 100 5 0
814 413 1 2 2 4 0
815 810 1 9 60 5 0
815 310 4 4 40 3 0
815 48 2 5 1 3 0
816 868 0 7 51 5 0
817 436 0 6 46 5 0
817 496 1 2 44 3 0
817 563 2 9 27 4 0
817 390 4 4 22 3 0
817 33 3 4 85 4 0
818 919 0 6 5 5 0
818 955 3 4 99 5 0
819 187 4 1 45 5 0
819 1184 0 2 36 4 0
819 735 3 4 8 4 0
820 860 3 9 84 5 0
820 639 4 0 36 4 0
821 244 1 2 86 4 0
821 484 3 8 61 5 0
821 1187 4 5 98 5 0
821 261 4 4 88 4 0
822 373 2 3 97 4 0
822 1130 3 0 74 5 0
822 536 1 0 50 3 0
822 939 2 3 78 4 0
822 242 2 3 10 5 0
822 1137 4 8 7 4 0
823 472 3 2 31 5 0
823 1102 2 6 39 5 0
823 798 0 1 54 3 0
824 406 1 9 62 3 0
824 986 4 1 63 3 0
825 510 0 2 60 5 0
825 1063 1 5 4 3 0
825 145 1 1 58 4 0
826 257 2 1 68 5 0
827 987 4 9 31 3 0
827 905 3 9 72 3 0
827 921 2 8 23 3 0
828 467 3 3 89 5 0
828 955 3 1 55 4 0
828 300 4 4 2 3 0
828 953 4 6 20 5 0
829 462 0 7 37 5 0
829 1117 1 6 94 3 0
829 86 1 6 78 4 0
829 209 3 2 45 5 0
829 421 2 7 56 4 0
829 1070 0 0 84 3 0
830 745 2 4 93 4 0
830 876 2 6 27 5 0
830 1170 1 6 46 3 0
830 920 4 2 30 3 0
831 559 1 1 63 5 0
832 480 3 1 46 4 0
833 361 4 3 20 3 0
833 33 3 9 19 5 0
833 285 2 2 65 5 0
834 983 0 0 83 4 0
834 696 2 2 98 3 0
834 850 4 9 41 5 0
834 914 2 7 25 3 0
834 907 0 6 30 4 0
835 25 1 5 22 3 0
835 1107 3 1 87 3 0
835 430 0 2 3 4 0
835 664 3 8 57 5 0
836 1113 0 7 16 3 0
836 509 2 8 4 5 0
836 776 1 8 69 5 0
836 907 4 1 90 5 0
836 849 2 0 86 5 0
836 165 0 4 50 4 0
837 700 4 1 1 4 0
837 63 2 7 78 5 0
837 1031 1 6 43 5 0
837 454 4 9 11 3 0
839 806 3 9 65 5 0
839 1166 3 0 10 3 0
839 523 1 6 37 5 0
840 116 0 0 3 3 0
840 213 2 1 37 5 0
841 124 3 2 3 5 0
841 682 0 3 77 5 0
841 366 2 7 59 4 0
841 104 2 6 81 4 0
841 475 3 0 57 3 0
842 427 3 0 73 5 0
842 520 3 9 25 5 0
842 845 2 3 81 4 0
842 511 4 2 52 3 0
842 789 2 6 99 5 0
843 334 0 0 33 4 0
843 564 0 4 77 5 0
845 1170 2 6 38 3 0
845 20 2 7 67 3 0
846 793 4 6 33 4 0
847 546 2 2 59 5 0
847 888 4 1 69 4 0
848 733 1 1 72 4 0
849 1148 4 7 91 5 0
849 36 1 0 92 4 0
849 127 0 4 32 5 0
849 357 1 5 32 5 0
850 821 4 1 19 4 0
850 863 2 8 47 3 0
850 1121 3 9 15 4 0
850 234 4 0 57 5 0
851 691 3 3 38 5 0
852 1100 2 7 7 5 0
852 160 1 7 22 3 0
852 544 4 2 56 4 0
852 227 1 9 92 5 0
852 437 2 7 56 3 0
853 714 1 5 6 3 0
853 714 4 6 95 5 0
853 516 1 7 82 3 0
853 1195 2 9 48 5 0
854 388 2 6 28 4 0
854 74 2 0 58 5 0
854 382 2 6 81 4 0
855 562 4 2 99 5 0
855 207 4 2 84 4 0
855 315 1 5 45 5 0
855 289 4 1 98 5 0
855 953 3 0 49 5 0
856 778 3 2 74 5 0
856 784 2 5 68 3 0
857 892 4 3 75 4 0
857 74 1 9 95 5 0
857 846 3 6 49 3 0
857 61 4 4 84 3 0
858 262 2 3 1 4 0
858 446 2 9 19 3 0
858 770 4 5 69 5 0
858 1042 2 1 8 5 0
858 1141 3 2 79 4 0
858 549 4 2 18 5 0
858 889 1 8 84 3 0
858 43 2 3 42 5 0
859 1147 3 4 30 5 0
859 891 0 5 45 4 0
859 0 3 6 79 4 0
860 1153 0 7 57 4 0
860 289 2 8 17 3 0
861 1002 3 3 31 4 0
861 1066 3 5 17 5 0
862 789 4 6 96 5 0
863 1196 0 1 73 5 0
863 112 4 4 63 3 0
863 36 1 9 94 4 0
863 542 1 6 19 5 0
864 1190 1 2 35 4 0
864 61 4 1 82 3 0
864 1192 0 2 85 3 0
864 176 4 8 92 3 0
864 990 1 3 57 5 0
865 1018 1 5 37 3 0
865 66 3 5 3 5 0
865 119 0 6 51 5 0
865 1151 0 3 22 4 0
865 932 1 1 82 4 0
866 821 4 5 19 4 0
867 800 4 2 40 5 0
867 324 4 9 90 3 0
867 525 4 4 82 4 0
868 170 4 3 80 5 0
868 65 2 3 96 4 0
868 458 0 7 27 3 0
868 934 3 0 65 4 0
869 160 1 0 96 4 0
869 1011 0 7 45 5 0
869 144 2 6 87 3 0
869 807 4 1 1 4 0
869 348 0 5 100 5 0
870 19 4 9 2 5 0
870 782 2 3 47 3 0
870 763 2 8 19 4 0
870 445 3 7 20 3 0
870 1124 1 7 99 5 0
870 116 3 4 78 4 0
870 715 3 5 69 5 0
870 935 3 6 43 5 0
871 4 4 7 31 5 0
872 898 1 5 24 4 0
872 360 1 7 17 4 0
872 752 2 6 29 3 0
873 713 4 7 55 5 0
874 904 4 8 59 4 0
874 948 1 4 83 4 0
874 148 4 8 92 5 0
874 731 3 6 8 5 0
875 756 3 8 99 5 0
875 907 3 9 16 3 0
875 1129 2 6 78 5 0
875 529 3 2 68 4 0
875 1194 1 4 86 5 0
876 251 3 2 81 4 0
876 108 2 5 42 5 0
876 284 3 4 38 3 0
877 723 4 9 30 3 0
877 108 4 0 41 3 0
877 1027 4 5 13 5 0
877 895 4 0 2 4 0
877 810 4 9 35 3 0
878 642 3 5 64 4 0
878 229 4 2 68 4 0
878 429 4 2 38 4 0
879 1074 3 4 48 5 0
880 534 0 7 28 3 0
880 663 4 2 20 4 0
880 905 1 2 91 4 0
881 155 4 2 18 3 0
881 173 3 8 63 5 0
882 801 0 4 20 5 0
882 372 1 6 19 3 0
882 977 1 3 67 3 0
882 149 4 3 92 4 0
883 1077 2 9 95 4 0
883 64 0 8 22 3 0
884 169 0 8 21 4 0
884 213 3 9 71 4 0
884 1120 0 3 2 5 0
884 254 1 1 82 4 0
884 853 0 2 13 5 0
884 1065 0 4 91 4 0
885 139 0 0 11 3 0
885 373 3 4 8 4 0
885 753 3 4 22 5 0
886 1183 0 2 46 4 0
886 391 0 1 7 3 0
887 573 1 6 12 4 0
887 370 3 3 90 4 0
887 129 2 2 85 4 0
887 1093 1 3 62 3 0
888 1160 4 7 60 4 0
888 776 4 4 92 5 0
888 994 1 7 48 4 0
888 1181 0 3 54 4 0
889 919 4 4 16 4 0
889 554 3 9 92 5 0
890 1042 1 3 11 3 0
891 382 4 3 17 4 0
891 393 2 8 6 4 0
891 688 3 0 72 3 0
891 955 1 4 87 5 0
891 348 0 9 65 3 0
892 138 3 6 53 5 0
892 1126 1 3 5 3 0
892 738 4 4 12 4 0
892 497 1 2 78 4 0
892 811 0 2 84 4 0
892 513 1 6 55 3 0
893 738 0 6 12 5 0
893 347 3 1 10 4 0
893 172 2 7 57 3 0
893 627 1 3 77 4 0
894 515 2 6 96 3 0
894 1152 0 5 41 3 0
894 611 3 8 20 3 0
894 1067 3 0 62 3 0
894 211 1 8 67 3 0
895 868 0 6 31 4 0
895 743 1 8 54 4 0
895 775 1 1 28 4 0
896 88 4 3 68 3 0
896 106 2 8 96 3 0
896 359 4 4 30 4 0
897 179 0 8 56 3 0
897 115 1 7 65 4 0
898 685 0 4 82 4 0
898 162 1 3 86 5 0
898 262 2 3 62 5 0
898 629 2 1 1 5 0
898 91 0 1 60 3 0
898 994 4 2 52 4 0
899 948 4 5 11 5 0
899 925 1 4 100 3 0
899 1070 3 2 32 5 0
899 1151 1 5 38 3 0
900 776 4 4 9 5 0
901 688 2 7 55 5 0
901 100 0 0 71 4 0
901 890 0 1 19 4 0
902 797 1 4 89 4 0
902 794 1 2 64 3 0
902 534 1 5 80 5 0
902 336 4 8 59 5 0
902 769 3 1 46 5 0
903 129 4 7 96 4 0
903 89 2 2 8 3 0
903 293 2 9 11 3 0
904 803 2 5 21 3 0
904 550 0 1 53 5 0
904 869 3 8 5 5 0
904 472 1 6 52 4 0
905 663 3 6 41 4 0
905 206 4 8 97 3 0
905 805 2 6 28 4 0
906 99 3 0 2 3 0
906 534 1 4 45 5 0
906 291 0 5 53 3 0
906 1062 1 6 81 4 0
906 650 3 6 72 4 0
906 66 1 9 31 4 0
907 571 0 8 3 4 0
907 867 1 4 90 4 0
908 1035 4 9 64 3 0
909 841 2 2 68 4 0
909 150 4 3 84 3 0
909 488 2 2 14 3 0
909 157 0 4 16 3 0
910 310 3 7 84 3 0
910 647 3 2 62 4 0
910 323 4 1 30 5 0
910 456 4 5 64 5 0
911 369 4 5 88 5 0
911 35 4 7 11 3 0
911 1090 3 2 68 3 0
911 890 3 1 68 3 0
912 219 1 8 54 5 0
913 101 2 4 86 3 0
913 486 2 9 7 5 0
913 447 2 2 20 5 0
914 19 4 5 78 4 0
914 665 3 0 94 5 0
915 1052 0 2 68 4 0
915 619 2 4 92 4 0
915 498 2 3 5 4 0
916 855 1 1 25 4 0
916 418 4 7 44 4 0
916 1187 2 6 45 4 0
916 822 1 1 100 5 0
917 738 1 9 23 4 0
917 192 3 5 91 5 0
917 904 3 4 47 3 0
917 788 4 5 16 5 0
917 235 0 1 40 5 0
917 569 3 5 43 3 0
918 330 1 4 63 3 0
918 162 1 1 13 5 0
918 461 0 4 3 4 0
918 172 4 1 86 3 0
919 775 4 6 42 4 0
919 991 1 7 25 3 0
919 679 1 2 11 3 0
920 621 1 9 34 5 0
920 958 1 7 70 4 0
920 317 4 9 19 5 0
921 162 2 2 70 3 0
921 1066 4 0 73 5 0
921 692 0 3 62 4 0
921 1056 1 3 77 4 0
922 616 2 7 12 5 0
922 190 3 5 4 5 0
922 349 3 4 37 3 0
922 1095 2 9 81 4 0
924 45 2 7 41 3 0
924 1096 3 6 37 4 0
924 880 2 7 19 5 0
924 227 1 3 54 4 0
925 92 0 8 86 5 0
925 709 1 0 88 5 0
925 662 0 1 16 3 0
925 128 1 1 32 3 0
928 132 4 2 52 5 0
928 419 4 6 70 3 0
928 708 1 3 19 5 0
929 1034 2 7 76 5 0
929 227 0 9 54 3 0
930 983 4 4 75 3 0
930 141 2 0 6 3 0
930 671 2 2 56 5 0
931 251 0 3 80 4 0
931 976 4 1 95 3 0
931 149 3 1 55 4 0
931 1025 1 9 76 5 0
932 470 0 8 7 4 0
932 118 3 9 20 4 0
932 579 1 5 23 4 0
932 547 4 6 41 4 0
932 490 4 8 61 4 0
932 347 0 5 49 3 0
932 94 3 7 85 5 0
932 692 4 4 15 3 0
932 859 3 8 90 4 0
933 152 2 7 47 3 0
933 791 3 8 1 3 0
933 779 3 2 7 4 0
935 1106 2 9 64 4 0
936 859 3 6 14 3 0
936 832 3 1 45 4 0
936 106 4 3 71 5 0
936 830 1 4 22 4 0
936 431 4 1 37 5 0
936 1016 3 6 32 5 0
937 474 3 3 19 5 0
937 319 3 4 73 4 0
937 54 0 2 89 4 0
937 887 4 4 67 3 0
938 696 4 9 5 3 0
938 1042 2 2 2 3 0
938 366 4 4 8 5 0
938 398 3 7 84 3 0
939 964 2 7 14 4 0
940 992 0 3 40 3 0
940 292 1 2 26 4 0
940 128 2 3 9 4 0
940 135 1 5 25 3 0
941 437 4 3 71 3 0
941 347 2 2 59 5 0
941 747 1 4 61 3 0
941 948 4 7 70 3 0
941 1123 3 6 92 4 0
941 407 2 8 11 4 0
941 661 1 1 78 3 0
942 484 2 6 93 5 0
942 45 3 3 27 5 0
942 892 2 8 68 5 0
942 464 3 9 52 3 0
943 399 4 7 71 4 0
944 973 3 9 72 4 0
945 105 1 3 37 5 0
945 704 3 6 77 5 0
945 835 0 7 61 4 0
946 503 4 7 70 4 0
946 1131 1 7 69 4 0
947 540 3 1 4 4 0
947 734 0 7 92 3 0
947 997 2 5 9 4 0
948 451 3 0 63 3 0
948 141 3 6 49 5 0
948 1105 0 7 48 4 0
948 379 0 4 43 5 0
949 562 1 3 87 4 0
949 593 4 3 71 5 0
949 658 0 5 86 3 0
949 532 0 0 96 5 0
949 88 1 9 5 3 0
949 314 4 1 44 3 0
949 321 0 4 40 3 0
950 951 4 7 6 3 0
950 1120 1 3 100 4 0
950 257 0 2 100 5 0
951 277 1 1 16 4 0
951 231 2 3 7 5 0
951 1008 0 5 33 4 0
952 961 3 3 40 4 0
952 131 2 3 77 5 0
952 294 0 5 17 3 0
952 826 4 2 61 5 0
952 386 3 7 84 5 0
953 363 3 6 9 3 0
953 324 4 2 62 3 0
953 273 2 2 30 3 0
953 500 1 2 20 3 0
954 52 2 2 13 4 0
954 499 2 2 35 3 0
954 439 3 4 76 4 0
954 1129 4 4 80 5 0
954 323 0 9 31 3 0
954 842 2 4 11 4 0
954 1109 4 3 61 5 0
955 226 1 2 52 5 0
955 203 2 5 1 3 0
955 526 1 2 18 5 0
956 967 4 8 7 4 0
956 1139 2 8 60 3 0
956 970 1 9 95 3 0
956 78 1 9 4 5 0
956 1137 1 7 30 5 0
956 711 2 3 63 3 0
957 990 4 8 23 5 0
957 22 3 2 39 5 0
957 915 1 4 11 3 0
957 302 3 1 71 3 0
958 474 3 3 45 5 0
959 1091 3 2 30 3 0
959 665 1 8 97 4 0
959 385 4 2 22 5 0
959 1057 4 9 67 3 0
959 57 1 0 55 3 0
959 551 3 3 52 4 0
960 244 2 1 20 4 0
960 650 4 4 30 5 0
960 907 4 9 70 4 0
961 946 2 9 29 5 0
961 647 0 9 73 5 0
961 59 2 4 67 4 0
962 754 1 1 4 3 0
962 793 1 3 39 3 0
962 221 3 1 78 5 0
962 376 1 3 33 4 0
962 21 4 4 35 4 0
962 101 3 7 13 5 0
962 762 2 0 25 4 0
962 25 4 6 79 5 0
962 396 4 4 69 4 0
963 843 1 9 94 4 0
963 871 3 4 51 4 0
964 368 3 5 58 4 0
964 237 1 2 61 5 0
964 623 0 9 97 4 0
964 398 1 0 67 4 0
964 226 1 6 62 5 0
964 696 4 5 20 5 0
964 793 4 5 31 4 0
965 889 1 3 90 5 0
965 724 1 3 100 4 0
965 84 4 3 44 3 0
965 171 4 9 37 4 0
965 903 4 4 53 3 0
965 1144 1 2 68 3 0
965 212 0 5 68 5 0
965 557 3 5 47 4 0
966 1001 4 4 75 5 0
966 95 1 6 56 5 0
968 1036 0 1 98 3 0
968 168 4 1 27 5 0
968 988 2 3 95 5 0
968 622 2 4 45 4 0
969 744 4 3 73 3 0
969 451 0 8 79 5 0
969 781 3 5 37 4 0
969 991 1 1 12 4 0
969 226 1 7 32 3 0
970 853 0 6 9 4 0
970 219 0 0 86 4 0
971 1088 4 2 41 3 0
971 57 0 0 27 5 0
971 690 0 6 49 5 0
971 1105 1 0 33 4 0
972 362 1 4 84 4 0
972 37 4 5 89 3 0
972 552 3 1 58 5 0
973 666 3 8 54 5 0
974 412 2 4 7 3 0
974 1068 0 0 56 5 0
974 38 0 5 34 3 0
975 494 3 8 16 3 0
975 1056 0 7 23 3 0
975 202 3 3 83 3 0
976 463 4 1 9 5 0
976 305 4 6 59 4 0
977 1185 4 1 45 5 0
977 308 3 7 20 3 0
977 432 1 8 6 3 0
977 270 4 4 40 5 0
978 670 2 6 56 5 0
978 389 3 9 70 3 0
979 944 3 1 19 5 0
979 870 1 5 4 4 0
980 210 1 7 98 4 0
980 919 3 8 88 5 0
980 694 1 1 68 3 0
980 1064 4 4 84 5 0
981 345 2 1 70 3 0
981 707 2 4 20 5 0
981 174 2 3 16 4 0
981 106 4 2 26 5 0
982 532 0 6 42 4 0
983 209 0 3 99 3 0
983 738 4 3 35 4 0
983 570 0 9 94 5 0
983 699 0 9 14 3 0
984 643 1 5 43 4 0
984 887 3 1 97 4 0
985 840 3 1 84 3 0
985 860 4 8 85 5 0
986 531 0 1 6 5 0
986 378 2 2 97 4 0
987 108 1 0 14 3 0
987 718 0 7 82 5 0
987 776 0 5 60 4 0
987 858 3 4 60 5 0
987 729 3 2 2 3 0
987 1056 1 8 90 5 0
988 790 3 7 78 5 0
988 346 4 6 80 3 0
990 866 3 8 30 5 0
990 643 1 1 43 3 0
991 200 3 9 51 4 0
991 342 4 5 30 5 0
991 365 3 2 57 5 0
991 533 2 9 89 4 0
992 213 2 5 61 3 0
992 602 4 1 70 4 0
992 707 1 2 97 5 0
992 618 1 7 79 3 0
992 328 1 9 41 4 0
993 114 1 5 39 5 0
993 185 3 7 26 3 0
993 739 2 5 46 4 0
993 140 2 6 55 4 0
993 754 2 4 72 4 0
993 773 2 6 49 3 0
994 990 4 5 76 3 0
994 669 0 3 35 4 0
994 346 0 0 70 5 0
994 932 4 3 84 4 0
994 316 0 9 43 3 0
995 57 1 8 15 4 0
995 167 1 5 80 4 0
995 37 2 7 65 4 0
995 122 3 4 19 3 0
995 714 4 6 70 3 0
996 1076 0 0 32 3 0
997 776 1 5 57 5 0
997 239 4 2 13 4 0
997 38 1 9 64 3 0
997 935 4 4 62 5 0
997 1093 2 5 34 5 0
998 997 4 9 20 5 0
998 1167 3 8 32 3 0
999 885 1 1 52 5 0
999 634 0 5 13 5 0
999 688 3 5 53 5 0
999 129 3 4 55 5 0
1000 1070 2 8 85 4 0
1000 948 3 6 17 4 0
1000 926 0 4 43 3 0
1000 605 1 8 90 5 0
1000 1148 4 8 55 3 0
1000 127 3 5 2 4 0
1001 63 0 7 64 5 0
1001 573 2 4 58 5 0
1001 79 2 4 33 3 0
1001 416 2 3 12 4 0
1002 410 1 5 11 5 0
1002 387 1 5 65 3 0
1002 329 1 7 9 5 0
1002 296 4 1 92 3 0
1002 641 1 5 98 4 0
1002 365 4 8 63 3 0
1003 1151 0 9 86 3 0
1003 798 3 7 13 5 0
1004 664 3 9 50 5 0
1004 1018 1 3 78 3 0
1004 317 3 0 85 3 0
1005 326 1 4 17 4 0
1005 789 4 2 44 3 0
1005 385 4 1 19 4 0
1007 699 0 2 74 3 0
1007 631 3 2 91 5 0
1007 988 0 5 87 4 0
1007 342 1 8 62 5 0
1007 684 3 0 74 5 0
1008 617 0 9 25 4 0
1008 316 2 2 99 3 0
1008 1005 1 6 5 3 0
1009 1098 3 6 92 4 0
1009 139 0 7 53 4 0
1009 1090 0 8 21 4 0
1009 886 3 5 22 4 0
1009 1185 4 1 46 5 0
1010 422 2 4 13 5 0
1011 110 4 7 31 5 0
1011 625 2 2 32 4 0
1011 300 4 8 81 4 0
1012 472 1 6 86 4 0
1013 518 0 5 58 4 0
1015 386 1 3 82 5 0
1015 539 1 9 42 4 0
1015 904 4 1 37 3 0
1016 502 3 2 57 4 0
1016 1092 3 5 60 5 0
1016 699 0 8 74 5 0
1016 834 4 6 19 4 0
1016 151 2 9 29 4 0
1016 251 0 6 37 4 0
1017 636 2 7 88 3 0
1017 379 4 4 84 3 0
1017 669 1 5 60 4 0
1017 607 0 4 41 5 0
1018 847 0 7 93 3 0
1018 494 1 1 21 4 0
1018 992 3 3 78 4 0
1018 144 2 6 27 4 0
1018 655 0 9 50 3 0
1020 869 1 3 36 4 0
1020 1187 0 2 37 3 0
1021 255 2 3 2 3 0
1021 425 2 0 27 4 0
1021 729 3 0 47 3 0
1021 1086 1 2 78 4 0
1021 1193 2 9 57 4 0
1022 385 4 9 90 5 0
1022 280 1 6 1 4 0
1022 345 0 2 54 4 0
1023 995 4 0 41 3 0
1023 946 3 0 41 4 0
1023 842 4 6 26 5 0
1023 1126 1 1 27 5 0
1024 197 0 7 92 5 0
1024 187 1 3 23 5 0
1024 408 2 1 15 5 0
1024 526 1 1 71 5 0
1025 928 3 6 55 5 0
1026 867 0 6 29 4 0
1026 587 4 0 60 3 0
1027 738 3 1 8 4 0
1027 509 0 3 30 4 0
1027 643 4 7 49 4 0
1028 381 2 2 56 5 0
1028 223 0 8 65 3 0
1029 200 2 9 3 3 0
1029 758 2 5 3 5 0
1029 207 1 4 84 4 0
1029 1094 3 4 31 3 0
1030 916 1 4 100 4 0
1030 173 4 5 37 4 0
1030 272 0 7 82 4 0
1030 1039 2 0 33 4 0
1030 957 4 0 97 5 0
1031 427 0 3 71 5 0
1031 779 2 3 51 3 0
1032 342 1 7 17 5 0
1032 653 3 9 62 4 0
1032 469 0 4 76 4 0
1033 210 3 8 16 4 0
1034 586 1 7 72 5 0
1034 272 4 7 8 3 0
1034 390 4 5 63 3 0
1034 830 2 8 17 3 0
1034 1126 3 5 45 5 0
1035 147 0 2 59 5 0
1035 327 3 0 47 5 0
1035 793 4 7 25 5 0
1035 1118 0 2 40 3 0
1036 288 0 8 94 4 0
1037 899 0 5 5 3 0
1037 937 3 4 24 5 0
1037 695 1 2 71 3 0
1037 177 2 5 98 5 0
1037 844 0 4 13 4 0
1038 1197 3 6 27 5 0
1038 644 0 2 3 5 0
1039 262 4 5 32 4 0
1040 1059 2 2 89 4 0
1041 271 3 7 54 3 0
1041 1183 2 8 87 4 0
1041 386 0 7 74 3 0
1042 592 2 6 92 5 0
1043 633 0 7 30 4 0
1043 193 1 0 74 4 0
1043 1036 2 5 75 4 0
1044 860 1 6 69 4 0
1044 819 3 8 54 3 0
1044 109 3 6 57 5 0
1044 530 0 9 85 4 0
1045 650 3 0 97 4 0
1045 465 1 9 7 4 0
1045 637 4 5 80 5 0
1045 1132 3 7 75 3 0
1045 1185 3 9 12 5 0
1046 910 3 3 68 5 0
1046 869 0 2 82 5 0
1046 860 2 8 78 3 0
1046 42 0 8 89 5 0
1046 519 1 7 41 5 0
1047 600 4 1 25 4 0
1048 653 3 5 21 3 0
1048 927 2 1 11 5 0
1049 637 2 1 74 3 0
1049 859 2 1 43 4 0
1049 442 0 7 55 4 0
1049 28 4 6 14 3 0
1050 469 3 3 34 5 0
1050 890 0 8 64 5 0
1050 832 2 1 32 5 0
1050 439 4 6 35 3 0
1051 123 3 2 12 3 0
1051 216 2 2 75 4 0
1052 211 2 8 60 5 0
1052 22 3 0 11 3 0
1053 368 3 4 8 5 0
1053 646 1 0 23 4 0
1053 458 1 1 31 4 0
1053 799 1 7 90 4 0
1053 340 2 8 49 4 0
1053 612 1 4 77 5 0
1053 466 0 6 29 5 0
1054 1131 4 3 97 5 0
1054 638 3 0 23 4 0
1055 951 4 0 9 3 0
1055 519 4 1 51 3 0
1055 320 0 4 60 3 0
1055 109 3 9 92 3 0
1055 25 0 4 62 4 0
1055 548 2 7 57 3 0
1056 71 0 2 3 5 0
1056 791 2 9 78 3 0
1056 305 1 9 5 4 0
1056 1049 4 8 68 4 0
1056 996 2 4 40 4 0
1056 263 2 2 53 4 0
1056 656 2 5 49 5 0
1057 936 2 1 9 3 0
1058 521 1 2 33 3 0
1058 722 2 7 67 4 0
1058 1027 4 9 5 5 0
1059 206 3 6 14 4 0
1059 940 2 2 19 3 0
1060 1020 3 0 2 5 0
1060 797 2 5 14 5 0
1061 698 1 4 6 3 0
1061 782 2 0 43 5 0
1061 194 2 8 68 5 0
1062 298 0 8 2 5 0
1062 855 3 8 56 4 0
1063 779 0 4 61 4 0
1063 430 3 3 84 3 0
1063 1035 1 1 13 3 0
1064 379 0 7 33 4 0
1065 930 2 2 22 4 0
1065 571 1 9 21 5 0
1065 431 0 2 37 3 0
1065 436 1 6 36 4 0
1065 531 3 9 15 4 0
1066 949 0 1 28 4 0
1067 920 3 2 14 5 0
1068 1160 0 1 40 4 0
1068 1199 2 3 18 5 0
1069 1151 1 6 7 5 0
1070 52 1 3 75 5 0
1070 848 4 9 51 3 0
1070 487 2 1 74 5 0
1070 487 2 7 25 4 0
1071 908 3 3 48 3 0
1071 88 4 3 50 4 0
1071 1004 2 9 8 5 0
1072 623 3 2 26 5 0
1072 624 4 4 92 3 0
1072 1090 2 2 33 3 0
1072 309 3 8 18 4 0
1072 958 1 6 9 4 0
1072 27 0 4 6 5 0
1072 445 2 1 73 5 0
1072 958 1 2 69 4 0
1073 768 2 6 6 3 0
1073 103 0 3 15 5 0
1074 95 1 9 4 3 0
1075 92 1 9 13 3 0
1075 241 2 0 61 3 0
1075 191 3 3 1 5 0
1075 76 0 4 91 3 0
1076 790 3 6 49 5 0
1076 630 3 8 58 4 0
1077 638 3 6 35 5 0
1077 854 3 4 89 5 0
1078 508 1 0 40 5 0
1079 144 0 9 55 5 0
1079 705 4 7 6 5 0
1079 866 0 4 62 3 0
1079 577 1 3 2 3 0
1080 1110 4 7 64 5 0
1080 878 2 5 46 5 0
1081 284 4 7 67 5 0
1081 503 4 5 99 3 0
1082 683 4 9 84 3 0
1082 910 1 3 76 3 0
1082 1032 1 5 32 5 0
1082 593 3 8 53 5 0
1082 466 4 0 5 3 0
1083 81 4 5 80 4 0
1084 674 3 5 37 5 0
1085 265 4 2 87 4 0
1085 1029 4 9 24 5 0
1085 479 2 1 55 3 0
1085 935 0 2 22 5 0
1085 466 1 0 66 3 0
1085 1131 1 9 59 4 0
1086 836 0 1 32 5 0
1086 969 4 2 66 4 0
1086 225 4 9 67 5 0
1087 912 3 9 43 5 0
1087 224 0 3 42 4 0
1087 1171 2 0 48 5 0
1087 198 0 8 86 3 0
1087 674 0 1 98 5 0
1087 759 1 1 61 3 0
1087 307 0 2 8 5 0
1088 545 1 8 46 5 0
1088 547 3 7 31 4 0
1088 315 1 8 39 3 0
1089 259 4 7 42 3 0
1089 1075 1 4 83 4 0
1089 864 0 3 64 4 0
1089 435 0 4 51 4 0
1091 433 3 3 31 5 0
1091 459 2 0 63 4 0
1091 766 0 3 28 3 0
1091 1032 0 5 46 5 0
1092 945 0 8 5 5 0
1093 838 4 9 60 5 0
1093 856 0 5 7 4 0
1093 344 1 7 13 3 0
1093 1175 2 1 100 4 0
1094 1036 2 0 77 4 0
1095 183 0 6 20 4 0
1095 1078 2 0 67 4 0
1096 721 1 6 97 3 0
1096 321 3 6 31 5 0
1096 101 1 0 70 5 0
1096 331 4 5 22 4 0
1097 395 4 7 59 5 0
1097 465 3 3 92 4 0
1098 468 1 6 95 5 0
1098 613 4 4 26 3 0
1098 761 3 1 57 3 0
1098 881 2 9 50 4 0
1099 414 1 2 19 4 0
1100 927 0 9 48 5 0
1100 733 4 0 55 3 0
1100 652 0 1 35 3 0
1100 1139 1 3 92 3 0
1100 966 4 5 80 5 0
1101 1019 0 5 79 5 0
1101 599 3 8 66 3 0
1101 539 2 3 43 3 0
1101 1178 4 7 74 4 0
1101 6 0 1 4 4 0
1101 34 3 7 40 3 0
1101 448 1 9 65 4 0
1101 599 3 4 31 5 0
1102 568 2 3 57 3 0
1102 559 2 5 32 3 0
1103 329 4 9 54 3 0
1103 32 4 3 78 5 0
1104 469 0 1 78 5 0
1104 891 1 7 27 5 0
1105 1002 3 7 40 4 0
1105 194 2 2 45 5 0
1105 805 3 7 100 5 0
1106 1183 2 9 74 5 0
1106 781 4 0 77 4 0
1106 971 4 7 100 4 0
1106 1035 0 7 84 5 0
1106 999 0 4 15 4 0
1106 320 3 2 82 3 0
1107 225 2 0 20 5 0
1107 437 0 5 11 3 0
1108 293 4 1 59 4 0
1108 16 4 6 88 4 0
1108 715 1 5 39 3 0
1109 809 0 9 100 4 0
1109 998 4 6 39 3 0
1109 676 3 4 95 5 0
1109 98 2 9 56 5 0
1110 700 1 7 70 4 0
1110 89 3 1 69 4 0
1110 1162 0 1 7 3 0
1111 798 4 5 7 3 0
1111 1018 3 8 93 5 0
1111 977 1 5 83 4 0
1111 538 2 2 17 3 0
1111 336 2 1 21 3 0
1113 620 0 3 5 3 0
1113 44 3 7 23 5 0
1113 211 1 8 55 5 0
1114 325 3 1 85 4 0
1114 180 3 6 84 4 0
1115 187 3 5 44 4 0
1115 202 3 1 50 5 0
1115 599 4 7 60 4 0
1115 705 2 3 51 3 0
1115 1004 0 0 66 5 0
1115 216 2 6 28 3 0
1116 800 4 0 63 5 0
1116 700 0 2 94 5 0
1116 65 3 8 60 4 0
1117 411 0 8 35 5 0
1117 690 3 8 44 5 0
1117 736 3 4 52 5 0
1117 1120 1 9 10 3 0
1118 395 0 4 47 3 0
1119 781 2 4 69 3 0
1119 835 1 4 55 4 0
1119 998 4 2 97 4 0
1119 180 2 3 25 5 0
1121 1171 4 4 97 3 0
1121 952 2 1 69 5 0
1121 847 3 9 50 3 0
1121 450 3 5 66 4 0
1121 1015 3 3 60 3 0
1122 983 1 6 28 3 0
1122 91 2 3 13 3 0
1123 933 4 6 60 4 0
1123 209 0 6 68 5 0
1124 406 4 4 77 5 0
1124 1122 4 9 69 5 0
1124 1112 4 1 4 5 0
1125 362 4 4 57 5 0
1125 967 1 3 65 3 0
1125 768 0 6 40 3 0
1126 642 4 0 47 4 0
1126 357 1 2 43 3 0
1126 1103 2 1 12 5 0
1126 1059 1 9 8 5 0
1127 980 3 9 49 3 0
1127 985 0 3 35 5 0
1127 726 3 4 3 4 0
1127 760 0 0 51 3 0
1127 139 3 6 52 4 0
1127 365 1 7 13 3 0
1128 1044 1 2 80 5 0
1128 168 3 5 64 4 0
1128 286 3 0 67 5 0
1129 500 0 0 29 3 0
1129 424 1 5 82 4 0
1129 596 1 5 89 5 0
1129 1144 3 0 15 4 0
1130 434 4 6 14 5 0
1130 1065 3 6 4 5 0
1130 377 4 7 26 5 0
1130 932 1 7 82 5 0
1130 317 0 5 75 3 0
1131 125 0 2 82 5 0
1131 622 1 9 13 4 0
1131 894 1 1 46 5 0
1131 1151 1 3 86 3 0
1131 514 2 4 35 5 0
1131 730 3 6 81 5 0
1131 39 2 6 16 3 0
1132 942 2 3 6 4 0
1132 474 1 3 46 3 0
1133 568 4 3 69 5 0
1133 52 2 1 3 3 0
1134 178 4 4 87 4 0
1134 544 0 9 19 4 0
1134 350 0 1 66 3 0
1135 518 3 3 41 5 0
1135 50 3 7 76 5 0
1135 281 0 2 43 5 0
1136 134 2 2 47 4 0
1136 375 3 9 12 5 0
1136 892 2 5 78 4 0
1136 199 1 7 23 5 0
1137 553 1 9 100 4 0
1137 357 3 2 54 4 0
1137 416 4 2 5 3 0
1137 5 4 6 4 4 0
1137 760 3 4 62 5 0
1138 246 0 8 70 5 0
1138 177 1 3 91 3 0
1138 431 4 3 58 4 0
1138 1100 2 1 31 3 0
1138 76 3 9 3 3 0
1138 306 0 4 38 5 0
1140 132 0 2 15 4 0
1140 1069 0 1 75 5 0
1140 1054 4 7 74 4 0
1140 316 2 2 78 4 0
1140 250 2 3 71 5 0
1141 311 1 8 86 3 0
1141 589 1 4 87 3 0
1141 1022 0 7 29 5 0
1142 631 3 0 88 5 0
1143 355 2 7 56 5 0
1143 1175 3 5 82 5 0
1143 146 4 3 43 5 0
1144 941 3 2 59 5 0
1144 88 2 5 2 4 0
1145 325 3 2 44 5 0
1145 50 1 2 26 5 0
1147 124 4 8 19 3 0
1147 325 3 0 1 5 0
1147 861 3 9 88 4 0
1148 555 2 1 53 4 0
1148 1172 3 9 19 3 0
1148 11 0 1 22 3 0
1149 130 3 2 71 4 0
1149 1087 2 6 52 5 0
1150 719 0 4 65 3 0
1150 971 3 9 63 3 0
1150 164 2 3 38 5 0
1150 916 1 7 37 4 0
1150 576 2 5 62 4 0
1150 85 4 5 74 3 0
1151 165 4 0 94 4 0
1151 1 1 9 64 5 0
1151 68 2 5 39 5 0
1151 892 2 4 40 5 0
1151 61 4 2 72 5 0
1151 872 2 6 26 3 0
1151 535 3 5 46 4 0
1151 44 2 8 48 5 0
1152 857 0 0 99 5 0
1152 284 3 2 48 4 0
1152 242 2 5 20 3 0
1152 312 2 6 25 5 0
1152 604 1 6 90 5 0
1153 51 3 3 69 4 0
1153 1011 4 7 10 4 0
1153 637 3 9 91 5 0
1153 714 0 3 17 4 0
1153 296 0 4 29 5 0
1155 1072 0 9 8 4 0
1155 820 1 9 29 3 0
1155 861 4 3 48 3 0
1155 131 1 2 40 4 0
1155 837 1 6 1 3 0
1155 444 1 4 95 3 0
1156 849 1 7 63 4 0
1156 755 1 3 86 4 0
1156 785 3 7 89 3 0
1156 19 2 0 14 4 0
1156 1165 0 5 19 3 0
1157 42 3 7 60 3 0
1157 7 3 7 97 3 0
1157 828 3 0 87 4 0
1157 233 1 8 93 5 0
1158 565 0 7 31 4 0
1158 294 2 5 40 4 0
1158 475 3 0 55 4 0
1158 40 0 1 47 4 0
1158 42 0 6 82 4 0
1159 820 0 0 50 3 0
1159 728 4 7 48 4 0
1159 59 3 9 14 3 0
1160 433 2 1 61 3 0
1160 361 0 0 97 3 0
1160 152 4 7 35 3 0
1160 447 3 0 67 5 0
1160 1090 1 6 1 4 0
1161 1110 3 9 74 3 0
1161 813 0 9 74 5 0
1161 924 3 9 89 5 0
1162 28 1 1 29 5 0
1163 96 2 7 85 5 0
1163 81 0 5 19 5 0
1163 1022 4 2 99 3 0
1163 1194 4 1 75 5 0
1163 326 3 1 45 3 0
1164 162 0 6 85 3 0
1164 280 2 9 80 4 0
1165 114 2 5 79 4 0
1166 500 3 2 23 3 0
1166 71 4 7 95 5 0
1167 636 0 1 85 3 0
1168 308 1 5 77 4 0
1168 857 2 6 91 5 0
1168 404 3 9 91 5 0
1169 1152 4 6 42 4 0
1169 344 1 1 61 5 0
1169 22 0 2 37 4 0
1169 1045 4 5 18 4 0
1169 403 3 9 19 5 0
1169 889 0 2 90 5 0
1170 19 0 1 53 5 0
1170 1062 2 1 49 5 0
1170 908 3 0 80 3 0
1170 1116 1 3 88 3 0
1171 976 2 0 72 5 0
1171 1096 1 6 64 4 0
1171 1149 3 1 26 5 0
1171 501 2 9 96 3 0
1172 839 4 0 19 4 0
1172 947 1 1 41 5 0
1172 422 2 9 79 3 0
1173 930 3 7 91 4 0
1173 976 2 5 45 3 0
1173 472 3 9 41 5 0
1173 559 3 7 86 3 0
1174 1014 1 9 42 4 0
1174 663 4 6 91 5 0
1174 21 2 2 72 4 0
1174 1010 1 1 16 4 0
1175 36 1 8 82 5 0
1175 711 2 5 29 4 0
1175 1196 2 7 58 3 0
1175 961 2 0 26 4 0
1176 1001 1 4 46 4 0
1177 297 1 3 92 5 0
1177 172 2 8 77 5 0
1177 709 2 5 55 5 0
1177 643 2 7 23 4 0
1179 105 0 9 75 5 0
1179 1094 1 2 22 3 0
1179 129 4 3 53 4 0
1180 655 0 3 8 4 0
1180 78 0 3 29 5 0
1180 255 2 9 7 5 0
1180 580 3 1 7 5 0
1181 520 1 3 55 3 0
1181 4 2 4 79 5 0
1181 206 1 0 65 3 0
1181 930 2 5 50 4 0
1181 947 4 8 54 5 0
1181 559 4 0 64 4 0
1182 865 1 7 76 5 0
1182 492 4 2 93 3 0
1182 498 2 3 70 3 0
1182 886 0 5 81 4 0
1183 1061 2 2 58 3 0
1184 1144 1 5 8 3 0
1184 676 0 9 20 4 0
1185 711 4 4 25 4 0
1185 488 3 9 74 3 0
1185 736 4 1 16 5 0
1185 101 0 1 13 3 0
1186 343 1 4 96 4 0
1186 12 4 1 38 4 0
1186 925 1 5 6 5 0
1187 846 2 2 99 4 0
1187 1032 4 7 40 4 0
1188 534 4 7 17 4 0
1188 850 1 9 95 4 0
1189 263 4 0 82 5 0
1189 1027 4 8 40 3 0
1190 608 3 4 81 5 0
1190 827 2 6 51 4 0
1190 626 1 1 28 4 0
1191 1149 0 3 43 4 0
1191 570 3 9 53 4 0
1191 1113 4 4 54 4 0
1192 58 1 7 49 5 0
1192 66 2 9 35 4 0
1192 177 3 8 65 3 0
1192 490 2 6 63 5 0
1192 618 3 4 5 4 0
1192 497 4 5 26 5 0
1193 579 2 9 95 3 0
1193 568 4 6 67 4 0
1193 707 1 3 78 5 0
1193 574 3 3 71 4 0
1193 1082 1 2 77 5 0
1193 266 0 1 57 3 0
1193 1059 3 2 50 5 0
1194 179 4 1 16 4 0
1195 1187 2 1 41 3 0
1195 369 4 5 97 4 0
1195 834 2 3 100 5 0
1195 161 2 0 58 5 0
1195 871 2 1 86 3 0
1195 1047 2 5 12 5 0
1195 704 4 3 26 4 0
1196 243 0 7 95 4 0
1196 163 3 8 32 5 0
1196 22 1 8 86 5 0
1196 194 2 6 9 5 0
1196 388 3 9 42 5 0
1196 1142 1 6 68 4 0
1197 792 0 5 75 4 0
1197 161 4 5 49 3 0
1197 870 1 1 19 4 0
1198 1151 0 0 58 5 0
1198 842 1 3 5 3 0
1198 615 1 8 36 3 0
1198 797 0 8 22 5 0
1198 341 4 6 26 4 0
1198 274 3 0 16 4 0
1198 691 1 6 28 3 0
1198 1162 2 9 60 3 0
1198 124 0 2 68 5 0
1199 803 1 2 28 5 0

