10

5
0 20 20 20 20 20 20 20 20 20 20
1 20 20 20 20 20 20 20 20 20 20
2 20 20 20 20 20 20 20 20 20 20
3 20 20 20 20 20 20 20 20 20 20
4 20 20 20 20 20 20 20 20 20 20

25
309 532 100000 6 0
0 126 2 2
1 108 6 8
2 137 8 7
5 113 4 6
6 140 6 6
9 127 2 9
1007 829 100000 6 1
0 139 2 1
1 117 4 4
2 136 4 1
3 100 10 5
4 117 3 6
9 138 8 3
560 1138 100000 6 3
1 107 10 1
2 133 4 7
3 111 3 2
5 107 5 1
6 141 6 7
9 129 9 1
336 240 100000 6 3
0 147 2 2
1 121 5 2
5 142 5 1
7 150 1 4
8 114 9 9
9 144 1 3
48 1079 100000 6 2
1 124 3 2
2 128 8 1
3 111 4 5
4 125 2 5
6 113 6 10
8 119 3 2
9 565 100000 6 1
0 104 10 8
1 113 1 9
4 104 9 10
5 121 1 3
6 117 5 10
7 106 1 1
432 423 100000 6 1
1 103 3 10
4 124 9 7
5 125 5 1
6 149 8 2
7 137 8 6
9 114 4 5
922 689 100000 6 4
0 105 6 1
2 148 2 8
3 115 9 3
5 118 1 3
6 143 6 6
9 133 3 1
470 886 100000 6 3
3 141 5 10
4 148 2 8
6 117 6 3
7 129 4 8
8 108 6 6
9 140 9 3
1103 252 100000 6 2
0 113 9 9
3 145 5 8
4 140 3 3
5 108 5 1
6 136 2 3
8 121 5 4
650 174 100000 6 2
0 102 8 8
1 125 9 2
2 141 3 5
4 132 9 7
7 110 8 8
8 143 9 8
313 365 100000 6 4
1 107 4 4
3 146 5 4
4 132 5 7
6 130 2 6
7 133 4 3
8 135 10 6
598 308 100000 6 2
0 146 3 9
2 104 3 10
4 132 9 1
5 107 5 7
6 136 2 9
8 112 10 8
910 834 100000 6 4
0 110 4 5
1 114 2 2
2 135 9 10
4 128 7 6
7 150 4 9
9 146 3 9
114 924 100000 6 4
0 140 2 6
1 100 1 10
4 147 3 3
5 114 2 8
6 126 1 1
8 138 4 7
1106 1149 100000 6 0
1 109 10 2
3 147 1 6
4 111 4 3
5 114 5 1
7 107 1 4
8 127 9 10
775 565 100000 6 0
0 132 9 9
1 130 3 3
2 113 9 6
5 108 3 5
8 150 2 3
9 135 5 8
416 173 100000 6 0
0 119 6 1
1 116 1 8
2 100 6 5
5 144 8 8
8 150 5 1
9 101 1 2
41 1043 100000 6 3
0 125 1 5
1 147 1 9
4 137 2 1
6 120 2 8
7 127 2 6
9 133 1 1
240 1154 100000 6 3
0 104 9 2
3 145 2 4
5 116 10 8
7 129 8 1
8 102 8 2
9 111 3 10
1069 443 100000 6 0
0 122 10 10
2 129 6 8
3 131 1 5
4 138 2 6
8 147 4 5
9 149 3 10
1193 1172 100000 6 1
0 112 2 8
1 129 9 5
2 114 1 7
3 115 5 6
4 119 4 6
8 131 7 2
419 417 100000 6 4
2 104 1 3
3 130 4 10
5 137 9 1
6 130 5 1
7 106 9 8
8 102 4 2
34 275 100000 6 2
0 113 5 9
1 117 6 4
3 145 4 7
5 103 5 9
6 139 1 9
8 115 8 6
862 670 100000 6 1
1 117 3 2
2 144 3 1
5 108 4 2
6 137 1 4
7 105 6 4
9 102 8 4

700
3 276 0 9 19 5 0
5 594 3 8 51 4 0
9 1181 4 5 87 3 0
10 99 1 5 47 5 0
12 651 1 3 81 4 0
13 391 4 8 25 4 0
14 55 4 3 50 3 0
16 183 0 6 49 5 0
19 529 4 2 40 4 0
21 233 3 2 50 4 0
24 936 1 4 96 3 0
25 533 1 4 59 3 0
26 1121 4 3 97 4 0
28 302 0 0 18 5 0
32 28 2 4 4 5 0
36 965 1 4 86 3 0
39 987 3 2 47 3 0
44 462 0 8 78 5 0
45 58 2 0 31 3 0
46 572 0 4 15 3 0
48 170 4 2 62 5 0
49 455 4 6 62 3 0
51 965 4 1 73 3 0
54 448 1 3 91 3 0
55 75 4 8 49 3 0
56 992 2 8 25 4 0
57 981 3 1 46 4 0
61 383 0 8 87 5 0
61 858 2 5 85 4 0
62 510 3 5 54 3 0
62 100 4 8 45 3 0
63 117 2 1 65 5 0
63 46 2 9 16 5 0
64 932 0 5 64 4 0
65 938 2 9 71 5 0
70 651 3 4 65 4 0
70 940 4 3 79 5 0
71 583 0 1 96 3 0
71 984 3 8 60 4 0
72 282 4 0 68 4 0
76 5 0 1 80 4 0
79 766 3 5 40 3 0
80 227 3 9 20 3 0
81 370 3 7 53 4 0
82 158 2 3 90 5 0
84 41 1 2 98 3 0
84 1008 0 8 39 4 0
86 171 0 5 1 5 0
88 187 1 2 77 3 0
90 1174 3 6 62 3 0
90 1022 3 7 88 3 0
91 241 0 7 54 5 0
91 504 3 8 63 4 0
92 236 4 2 97 3 0
93 295 3 3 92 5 0
96 903 0 4 64 3 0
102 464 0 5 87 3 0
102 1173 4 7 42 3 0
102 53 1 2 97 3 0
103 892 1 8 20 5 0
105 639 0 0 77 3 0
105 130 2 2 36 3 0
106 223 4 1 36 3 0
107 338 3 0 85 4 0
108 907 1 2 10 3 0
108 1093 1 8 56 3 0
111 434 4 4 45 5 0
112 1072 0 0 92 3 0
114 737 4 2 46 5 0
116 614 2 2 34 5 0
116 467 1 2 81 5 0
118 994 1 6 89 5 0
120 1084 2 0 92 3 0
122 1115 4 6 46 4 0
125 679 1 3 18 5 0
126 115 1 4 37 3 0
129 370 3 9 37 4 0
132 836 1 1 46 4 0
136 2 0 2 19 4 0
136 359 4 7 26 4 0
138 215 0 6 15 4 0
140 904 3 1 91 4 0
140 415 3 9 42 5 0
140 252 4 6 8 3 0
143 892 1 6 75 5 0
144 562 4 6 6 4 0
151 540 0 5 92 4 0
152 524 0 8 53 4 0
154 338 3 7 6 3 0
158 789 3 0 67 3 0
160 33 0 8 54 3 0
160 642 1 3 50 3 0
161 758 0 9 74 4 0
161 922 3 7 35 3 0
162 587 3 3 35 3 0
162 1085 2 5 55 5 0
164 357 4 7 9 5 0
166 996 0 3 15 4 0
167 5 4 4 80 5 0
169 9 0 9 66 3 0
170 645 1 6 72 3 0
171 396 1 1 90 5 0
171 379 1 0 57 5 0
172 295 3 2 87 4 0
172 71 3 0 53 3 0
173 707 2 2 23 4 0
175 957 4 1 92 3 0
177 208 0 2 42 4 0
177 1015 2 1 60 5 0
180 965 2 8 85 5 0
185 647 3 1 29 4 0
187 49 4 4 21 4 0
188 9 2 1 44 4 0
188 1045 2 0 96 4 0
189 393 1 4 15 4 0
189 1107 0 5 21 3 0
189 602 1 3 6 4 0
193 94 3 0 7 4 0
195 514 3 2 83 3 0
200 48 4 9 41 3 0
200 894 1 6 35 3 0
201 298 1 9 85 4 0
204 117 4 9 72 4 0
206 1151 2 0 41 5 0
207 315 2 2 14 3 0
209 49 2 0 94 3 0
209 232 3 4 67 4 0
209 959 3 3 75 3 0
214 473 2 0 3 4 0
219 359 2 0 84 4 0
220 384 1 9 34 3 0
221 987 1 9 30 5 0
221 556 2 5 29 5 0
222 519 3 4 39 5 0
223 14 0 9 5 4 0
224 633 1 8 24 3 0
226 395 0 6 31 5 0
227 441 3 1 22 3 0
228 797 1 1 49 4 0
228 794 1 4 47 5 0
229 332 3 7 33 4 0
235 992 1 6 28 4 0
236 318 1 2 8 3 0
236 451 0 6 2 5 0
238 547 1 1 37 3 0
238 479 0 1 64 5 0
238 710 1 1 4 5 0
239 908 4 9 48 3 0
240 205 1 8 42 4 0
241 428 4 8 54 5 0
242 800 1 4 32 4 0
243 1150 3 5 43 4 0
245 582 3 7 43 5 0
245 1168 1 8 85 3 0
251 522 1 4 87 3 0
254 135 0 9 72 3 0
259 796 4 7 41 5 0
260 534 1 5 77 4 0
263 1127 3 5 65 4 0
264 857 4 7 40 3 0
267 301 3 0 18 4 0
267 254 3 2 8 5 0
267 541 4 9 15 5 0
270 723 0 0 82 5 0
270 50 0 9 42 3 0
271 1079 4 2 67 4 0
271 1009 2 5 23 3 0
272 558 4 5 64 4 0
274 1165 2 0 22 3 0
275 575 0 7 3 5 0
276 399 1 0 83 3 0
279 531 3 2 9 4 0
280 205 2 0 68 3 0
280 766 2 1 66 4 0
284 409 4 9 10 5 0
286 449 3 7 6 5 0
286 185 1 8 49 3 0
287 339 0 0 69 5 0
290 736 4 5 50 5 0
291 111 1 1 3 5 0
296 654 4 6 71 3 0
299 975 3 2 85 3 0
299 836 2 4 33 3 0
301 544 2 5 4 3 0
301 13 1 0 55 3 0
301 512 3 5 2 4 0
304 488 4 9 3 5 0
307 146 3 0 16 4 0
310 13 1 3 62 4 0
315 771 1 6 89 4 0
317 30 2 7 48 3 0
318 108 1 7 68 5 0
319 953 3 9 9 3 0
321 1181 1 9 75 3 0
321 103 4 7 30 4 0
322 8 0 8 3 4 0
323 564 2 7 74 4 0
323 1126 2 4 69 5 0
323 343 1 8 3 5 0
324 356 3 7 4 3 0
327 269 3 3 1 3 0
328 737 1 8 94 4 0
334 270 2 0 13 4 0
336 23 0 7 30 3 0
339 318 0 6 7 4 0
340 932 2 3 82 4 0
341 547 0 4 98 4 0
344 302 0 4 96 3 0
344 1198 0 7 91 5 0
344 297 2 0 35 3 0
344 121 0 7 49 5 0
345 631 0 0 43 3 0
347 1080 2 7 19 4 0
347 683 3 0 67 4 0
348 1062 3 4 16 3 0
357 1018 3 6 78 4 0
359 605 3 1 65 4 0
360 983 3 9 49 3 0
362 633 2 9 65 4 0
364 248 4 0 92 4 0
365 1082 3 9 29 4 0
366 894 1 4 19 4 0
367 711 1 5 83 3 0
369 525 0 9 44 3 0
370 159 4 7 5 5 0
376 1035 4 6 59 3 0
379 396 3 0 74 3 0
379 1076 3 0 43 3 0
379 540 1 3 20 3 0
380 260 2 9 80 5 0
384 1083 0 6 2 4 0
385 120 4 0 94 5 0
387 1060 1 5 18 5 0
394 1184 3 7 71 3 0
395 814 0 6 15 4 0
396 584 4 8 60 5 0
401 191 1 9 19 5 0
403 411 2 3 49 4 0
414 662 1 0 60 4 0
416 893 4 5 29 3 0
419 697 0 5 41 4 0
420 1053 4 8 32 3 0
425 103 4 7 89 5 0
428 645 3 1 26 5 0
428 207 1 1 46 3 0
428 698 1 2 51 3 0
429 809 3 9 8 3 0
430 922 3 7 35 3 0
431 1136 1 4 33 4 0
434 701 0 0 12 3 0
435 587 3 1 52 5 0
437 1157 3 7 51 4 0
440 595 2 7 82 5 0
441 928 1 1 6 3 0
442 1193 4 6 31 3 0
443 603 1 8 52 3 0
444 1038 2 3 14 3 0
446 1050 3 5 44 5 0
447 199 4 1 75 3 0
447 396 3 6 13 3 0
449 285 3 6 2 3 0
450 56 0 7 23 4 0
452 465 3 2 86 5 0
453 1104 4 0 63 5 0
454 479 4 5 98 4 0
457 336 3 8 55 5 0
459 830 0 3 62 4 0
460 1116 1 6 73 5 0
464 350 0 0 88 3 0
468 122 0 6 16 5 0
468 137 2 9 56 3 0
469 1156 3 3 26 5 0
472 479 2 3 16 3 0
473 104 0 1 4 4 0
473 272 0 2 61 3 0
475 397 2 9 3 4 0
475 1045 1 8 2 5 0
477 151 2 1 84 4 0
478 594 4 3 41 5 0
478 1113 1 1 80 3 0
479 454 2 4 31 3 0
480 777 0 7 67 4 0
493 795 1 7 91 4 0
493 453 0 6 53 3 0
493 881 3 7 18 5 0
494 212 3 8 47 4 0
495 255 4 7 81 3 0
495 826 2 2 19 3 0
498 415 2 5 35 3 0
499 765 1 2 25 5 0
503 50 3 4 89 5 0
503 556 0 5 31 5 0
504 1018 3 3 84 3 0
506 85 0 0 84 4 0
506 174 3 5 87 4 0
507 253 2 7 49 3 0
508 732 1 7 14 3 0
511 830 4 9 49 4 0
513 79 3 7 10 3 0
513 269 3 8 86 4 0
513 941 1 5 67 4 0
516 1023 3 3 20 3 0
516 580 4 7 56 5 0
517 411 4 6 34 3 0
519 660 0 7 81 4 0
519 757 2 4 48 4 0
519 1029 0 4 34 4 0
523 386 1 7 12 3 0
528 134 0 8 4 4 0
528 965 1 3 23 4 0
529 781 1 5 73 4 0
532 657 3 9 56 5 0
533 1169 3 3 88 4 0
533 1016 4 6 18 5 0
534 270 2 7 94 5 0
537 111 2 7 52 4 0
537 173 2 7 58 4 0
541 576 4 0 8 5 0
543 45 2 7 65 4 0
548 767 4 5 32 4 0
552 265 2 1 51 5 0
557 1158 4 9 64 3 0
559 354 2 2 98 3 0
559 552 0 1 9 5 0
559 551 0 8 51 4 0
559 1000 1 9 53 4 0
561 124 2 9 85 5 0
561 682 3 5 59 4 0
562 875 1 3 80 3 0
564 311 4 6 49 4 0
566 218 0 2 100 5 0
569 771 3 0 55 4 0
570 1054 2 1 25 4 0
575 615 4 5 98 3 0
577 177 3 3 59 3 0
577 279 4 5 41 5 0
578 1091 0 8 28 3 0
579 154 3 6 79 3 0
579 1194 4 5 27 5 0
582 217 3 6 9 4 0
583 930 0 8 48 3 0
586 936 0 8 10 3 0
586 470 4 4 87 3 0
587 83 4 9 94 5 0
587 458 0 6 40 3 0
587 143 4 4 71 4 0
588 1155 2 6 14 3 0
590 28 0 8 45 3 0
590 906 3 5 13 3 0
591 444 2 0 58 3 0
592 791 0 9 77 5 0
594 593 4 5 74 5 0
595 994 0 1 79 4 0
604 437 0 6 38 4 0
604 799 1 2 76 5 0
607 343 1 1 33 5 0
609 144 4 0 15 3 0
609 863 2 3 77 3 0
611 869 1 5 10 4 0
611 780 1 7 58 5 0
612 808 1 1 28 3 0
614 706 1 4 2 4 0
614 806 0 4 98 4 0
617 1044 3 8 25 5 0
618 369 3 0 26 3 0
619 959 4 7 27 5 0
621 123 2 1 83 5 0
621 792 0 1 59 4 0
623 51 0 0 73 3 0
625 499 3 8 45 4 0
625 217 3 4 31 4 0
625 1013 0 0 51 4 0
626 1125 2 7 22 4 0
626 954 3 3 98 3 0
630 913 3 8 4 3 0
632 390 0 5 89 4 0
632 1151 1 7 42 3 0
635 824 4 0 87 5 0
639 3 0 7 81 4 0
639 519 3 5 11 4 0
642 1138 0 3 17 4 0
646 186 1 2 60 4 0
648 941 4 7 2 4 0
649 566 3 0 61 5 0
649 645 2 4 97 5 0
649 351 4 9 63 4 0
653 539 1 3 57 4 0
654 322 1 8 69 3 0
655 248 2 0 23 4 0
659 182 3 1 10 5 0
664 772 0 8 12 4 0
664 1153 4 7 36 4 0
666 1158 0 0 3 3 0
670 1098 0 0 23 4 0
671 1075 1 7 63 4 0
673 473 3 6 72 3 0
673 693 0 5 35 3 0
674 1012 2 3 83 4 0
678 32 4 3 33 5 0
680 1097 0 1 88 5 0
680 247 0 8 44 3 0
681 233 3 0 60 5 0
683 817 1 3 89 4 0
685 109 0 6 2 5 0
688 131 1 8 14 5 0
691 103 2 8 44 3 0
694 1046 3 2 91 5 0
694 965 3 4 74 4 0
694 1026 3 8 28 5 0
696 184 4 4 9 3 0
697 438 2 2 82 5 0
702 130 4 5 83 5 0
704 1026 0 0 11 3 0
706 283 1 6 15 5 0
707 1132 0 6 47 4 0
708 1094 2 2 43 5 0
709 423 0 0 95 5 0
710 58 4 3 40 4 0
715 247 0 4 98 3 0
717 60 1 9 10 4 0
718 1002 4 3 16 3 0
721 668 4 2 77 5 0
723 1110 3 7 59 4 0
725 886 0 6 75 3 0
725 425 2 4 56 4 0
728 1119 3 2 45 4 0
728 1111 3 7 84 3 0
733 686 3 0 100 3 0
733 218 3 2 66 4 0
735 407 2 1 18 4 0
737 1056 1 1 33 4 0
737 181 2 5 27 5 0
740 149 2 5 7 4 0
740 709 1 5 80 3 0
740 156 1 4 71 5 0
741 289 1 6 80 4 0
746 283 2 6 81 5 0
750 56 3 9 60 4 0
750 792 4 0 70 4 0
752 329 1 5 39 5 0
752 825 4 4 57 3 0
755 532 1 8 28 4 0
757 794 0 9 77 4 0
757 710 1 6 34 5 0
758 170 3 5 40 4 0
762 106 3 4 66 3 0
762 241 1 7 94 4 0
766 903 2 3 94 4 0
766 1109 4 3 2 4 0
768 1018 1 1 18 5 0
769 682 4 9 46 3 0
770 466 3 3 24 5 0
771 370 2 7 32 4 0
775 419 0 8 94 3 0
777 334 3 9 76 4 0
777 1064 3 7 27 4 0
780 801 2 0 98 3 0
784 32 4 0 53 3 0
785 590 4 5 62 4 0
786 233 2 4 76 3 0
790 999 3 9 79 3 0
791 954 2 6 33 4 0
796 1175 2 2 69 3 0
797 855 4 1 12 4 0
797 925 1 6 82 5 0
799 346 4 5 94 3 0
800 507 4 9 45 5 0
800 143 0 4 95 5 0
800 1176 1 5 83 3 0
804 501 0 3 81 4 0
805 415 4 9 1 3 0
805 274 2 3 36 4 0
806 951 4 8 4 5 0
807 221 1 0 71 5 0
807 973 2 1 81 3 0
807 1102 3 8 29 4 0
807 167 3 1 35 3 0
811 649 2 5 78 3 0
811 317 1 5 29 5 0
812 203 2 0 57 4 0
814 556 4 0 32 5 0
817 1182 0 9 11 3 0
817 488 4 8 13 3 0
818 647 3 3 1 3 0
821 408 2 5 4 4 0
824 674 2 9 73 4 0
825 350 1 1 73 3 0
829 169 0 5 80 5 0
834 1172 3 7 53 3 0
834 963 0 1 49 4 0
835 924 0 8 1 4 0
836 251 2 9 7 5 0
837 123 3 5 43 5 0
839 376 3 8 37 5 0
852 561 3 8 88 5 0
852 763 3 2 68 4 0
854 157 3 6 27 4 0
855 318 0 1 38 3 0
856 111 1 3 91 3 0
857 471 2 8 98 5 0
858 864 4 1 90 4 0
864 645 4 2 93 3 0
865 120 1 3 76 4 0
865 207 0 0 49 4 0
867 993 2 1 81 5 0
868 371 4 2 55 4 0
869 423 3 0 25 4 0
870 579 2 9 18 5 0
870 608 2 7 81 4 0
870 636 4 5 31 5 0
871 730 1 6 70 5 0
872 948 1 9 15 3 0
874 999 0 7 69 4 0
875 1000 1 9 14 5 0
876 551 4 5 90 5 0
878 325 0 6 94 5 0
878 850 1 7 96 5 0
880 54 0 7 58 3 0
883 875 0 5 95 5 0
884 319 1 2 42 3 0
884 612 4 0 22 3 0
891 20 0 7 16 5 0
893 23 4 6 44 3 0
894 1034 2 9 45 4 0
896 624 2 1 43 5 0
898 75 0 4 30 5 0
898 136 0 4 92 5 0
899 740 0 2 7 4 0
902 601 3 8 96 5 0
903 460 3 3 8 5 0
905 581 4 4 43 3 0
905 663 3 6 73 5 0
906 491 3 8 60 3 0
907 55 2 1 92 5 0
909 1113 1 9 33 3 0
910 751 4 2 50 4 0
911 451 0 8 7 3 0
911 208 3 5 3 5 0
917 139 0 1 59 3 0
917 530 2 2 38 4 0
918 186 3 2 32 5 0
922 1081 2 9 84 3 0
928 1017 2 9 26 4 0
929 373 4 3 40 5 0
932 594 2 1 36 5 0
933 23 0 6 45 3 0
935 809 0 0 79 4 0
936 596 0 2 82 4 0
939 921 3 3 62 5 0
941 778 0 5 45 5 0
941 134 2 2 70 4 0
949 633 0 3 11 5 0
950 783 3 1 21 5 0
952 242 0 0 20 4 0
953 540 3 8 60 3 0
953 443 1 1 71 4 0
954 904 3 3 21 5 0
955 891 2 4 45 4 0
957 132 4 2 87 3 0
959 795 0 3 66 5 0
961 1030 3 3 33 4 0
961 1011 3 0 74 5 0
962 57 2 6 27 5 0
962 129 0 6 88 5 0
964 1121 2 2 67 3 0
965 457 0 7 43 4 0
968 631 1 1 67 3 0
968 348 3 9 63 3 0
969 533 2 7 12 4 0
972 1015 3 6 96 3 0
974 315 3 6 100 4 0
976 876 0 2 63 3 0
977 634 0 4 39 4 0
978 710 1 1 39 4 0
987 666 1 2 77 5 0
987 682 2 8 51 4 0
990 711 4 3 27 5 0
991 1098 4 6 32 5 0
991 578 1 2 4 3 0
992 1130 4 3 37 4 0
995 524 2 8 83 3 0
997 693 4 7 50 5 0
997 397 1 5 46 3 0
998 372 3 1 65 5 0
1000 958 1 7 81 4 0
1002 467 1 0 10 5 0
1002 533 4 0 69 4 0
1002 277 1 0 44 5 0
1009 437 3 8 37 5 0
1010 452 4 9 44 5 0
1016 692 1 2 6 4 0
1020 1076 2 7 16 4 0
1021 468 4 5 83 5 0
1021 536 1 7 56 5 0
1022 274 4 1 95 4 0
1022 863 2 4 98 4 0
1023 673 4 6 44 4 0
1024 1136 4 0 6 3 0
1024 994 0 2 44 5 0
1028 636 4 5 45 4 0
1028 26 3 9 54 4 0
1029 1198 1 4 82 4 0
1030 323 3 6 53 3 0
1030 1190 0 6 77 4 0
1032 736 1 8 84 5 0
1032 565 4 8 11 3 0
1034 988 2 8 44 4 0
1035 232 0 2 72 4 0
1039 279 3 9 79 4 0
1040 147 0 4 78 5 0
1046 724 3 3 56 4 0
1048 582 3 4 56 3 0
1050 458 3 6 10 4 0
1053 355 2 1 10 5 0
1053 332 0 3 14 4 0
1055 425 1 8 67 4 0
1055 948 2 9 51 3 0
1055 341 2 1 85 4 0
1056 822 3 2 35 5 0
1056 238 4 4 28 4 0
1058 238 0 3 93 5 0
1061 97 0 1 80 3 0
1062 932 3 2 22 5 0
1063 289 0 0 17 4 0
1063 188 1 6 52 4 0
1070 84 4 1 93 3 0
1070 459 1 6 7 5 0
1070 949 2 2 44 3 0
1072 110 3 0 52 5 0
1072 43 4 5 43 4 0
1075 697 4 3 13 4 0
1077 543 4 5 79 4 0
1078 663 3 0 40 4 0
1085 981 2 2 93 3 0
1088 193 2 8 7 3 0
1089 712 1 8 1 3 0
1091 405 2 4 94 5 0
1091 854 0 0 100 3 0
1101 494 1 6 43 3 0
1105 304 2 1 28 4 0
1106 163 4 9 31 4 0
1106 1100 4 5 60 5 0
1109 1153 1 5 27 5 0
1109 692 1 9 99 5 0
1114 639 4 9 67 3 0
1115 1119 0 2 100 5 0
1115 1025 3 8 70 4 0
1124 653 2 9 10 4 0
1127 553 1 9 66 3 0
1128 234 1 1 47 5 0
1129 410 4 2 8 5 0
1130 782 0 8 26 5 0
1130 318 4 8 50 4 0
1131 843 2 6 70 3 0
1135 1155 1 2 37 3 0
1135 639 3 9 91 4 0
1137 1155 0 1 55 4 0
1137 610 3 2 4 3 0
1138 165 3 4 50 4 0
1140 126 2 3 67 3 0
1140 170 0 8 20 3 0
1148 489 0 8 57 5 0
1149 1195 1 5 96 3 0
1149 1126 4 9 31 5 0
1150 168 4 3 51 5 0
1150 442 2 4 64 3 0
1151 347 2 8 91 5 0
1151 319 3 3 40 5 0
1152 872 0 4 58 5 0
1153 186 4 9 94 4 0
1155 521 4 0 66 4 0
1156 913 3 7 9 5 0
1162 1003 1 2 13 3 0
1166 887 4 1 99 5 0
1168 1047 3 3 77 5 0
1169 348 3 8 15 3 0
1169 576 2 8 49 5 0
1169 103 1 0 18 3 0
1170 311 2 6 81 4 0
1171 137 0 7 43 5 0
1177 505 2 4 84 5 0
1177 647 1 8 7 5 0
1177 74 3 3 66 4 0
1179 284 3 6 49 5 0
1180 1157 3 3 29 4 0
1180 336 2 3 85 5 0
1182 747 4 1 79 3 0
1185 552 4 2 9 5 0
1191 718 4 6 69 4 0
1192 245 2 2 53 4 0
1192 505 0 7 8 3 0
1192 1096 2 5 75 4 0
1193 447 4 2 57 5 0
1193 467 0 4 73 4 0
1193 346 2 6 66 4 0
1193 730 0 6 92 3 0
1195 842 2 2 81 3 0
1195 143 4 2 89 5 0
1197 714 1 3 44 4 0
1198 346 3 8 17 4 0

