10

5
0 20 20 20 20 20 20 20 20 20 20
1 20 20 20 20 20 20 20 20 20 20
2 20 20 20 20 20 20 20 20 20 20
3 20 20 20 20 20 20 20 20 20 20
4 20 20 20 20 20 20 20 20 20 20

25
309 532 100000 6 0
0 126 2 2
1 108 6 8
2 137 8 7
5 113 4 6
6 140 6 6
9 127 2 9
1007 829 100000 6 1
0 139 2 1
1 117 4 4
2 136 4 1
3 100 10 5
4 117 3 6
9 138 8 3
560 1138 100000 6 3
1 107 10 1
2 133 4 7
3 111 3 2
5 107 5 1
6 141 6 7
9 129 9 1
336 240 100000 6 3
0 147 2 2
1 121 5 2
5 142 5 1
7 150 1 4
8 114 9 9
9 144 1 3
48 1079 100000 6 2
1 124 3 2
2 128 8 1
3 111 4 5
4 125 2 5
6 113 6 10
8 119 3 2
9 565 100000 6 1
0 104 10 8
1 113 1 9
4 104 9 10
5 121 1 3
6 117 5 10
7 106 1 1
432 423 100000 6 1
1 103 3 10
4 124 9 7
5 125 5 1
6 149 8 2
7 137 8 6
9 114 4 5
922 689 100000 6 4
0 105 6 1
2 148 2 8
3 115 9 3
5 118 1 3
6 143 6 6
9 133 3 1
470 886 100000 6 3
3 141 5 10
4 148 2 8
6 117 6 3
7 129 4 8
8 108 6 6
9 140 9 3
1103 252 100000 6 2
0 113 9 9
3 145 5 8
4 140 3 3
5 108 5 1
6 136 2 3
8 121 5 4
650 174 100000 6 2
0 102 8 8
1 125 9 2
2 141 3 5
4 132 9 7
7 110 8 8
8 143 9 8
313 365 100000 6 4
1 107 4 4
3 146 5 4
4 132 5 7
6 130 2 6
7 133 4 3
8 135 10 6
598 308 100000 6 2
0 146 3 9
2 104 3 10
4 132 9 1
5 107 5 7
6 136 2 9
8 112 10 8
910 834 100000 6 4
0 110 4 5
1 114 2 2
2 135 9 10
4 128 7 6
7 150 4 9
9 146 3 9
114 924 100000 6 4
0 140 2 6
1 100 1 10
4 147 3 3
5 114 2 8
6 126 1 1
8 138 4 7
1106 1149 100000 6 0
1 109 10 2
3 147 1 6
4 111 4 3
5 114 5 1
7 107 1 4
8 127 9 10
775 565 100000 6 0
0 132 9 9
1 130 3 3
2 113 9 6
5 108 3 5
8 150 2 3
9 135 5 8
416 173 100000 6 0
0 119 6 1
1 116 1 8
2 100 6 5
5 144 8 8
8 150 5 1
9 101 1 2
41 1043 100000 6 3
0 125 1 5
1 147 1 9
4 137 2 1
6 120 2 8
7 127 2 6
9 133 1 1
240 1154 100000 6 3
0 104 9 2
3 145 2 4
5 116 10 8
7 129 8 1
8 102 8 2
9 111 3 10
1069 443 100000 6 0
0 122 10 10
2 129 6 8
3 131 1 5
4 138 2 6
8 147 4 5
9 149 3 10
1193 1172 100000 6 1
0 112 2 8
1 129 9 5
2 114 1 7
3 115 5 6
4 119 4 6
8 131 7 2
419 417 100000 6 4
2 104 1 3
3 130 4 10
5 137 9 1
6 130 5 1
7 106 9 8
8 102 4 2
34 275 100000 6 2
0 113 5 9
1 117 6 4
3 145 4 7
5 103 5 9
6 139 1 9
8 115 8 6
862 670 100000 6 1
1 117 3 2
2 144 3 1
5 108 4 2
6 137 1 4
7 105 6 4
9 102 8 4

600
3 508 4 6 43 4 0
5 286 1 4 15 5 0
9 172 4 9 100 5 0
10 728 0 1 89 3 0
12 775 3 4 10 3 0
14 1085 4 7 80 4 0
16 771 4 2 21 5 0
21 347 1 3 60 4 0
24 587 3 6 5 4 0
25 200 3 1 16 5 0
26 1075 0 3 31 3 0
28 796 2 0 51 3 0
32 478 4 7 43 3 0
36 623 0 5 32 3 0
39 586 1 0 57 4 0
44 997 3 8 46 3 0
45 1169 3 4 82 5 0
46 790 2 1 37 5 0
48 1032 1 4 24 4 0
49 299 0 8 74 5 0
51 507 1 8 35 4 0
54 737 2 0 78 5 0
56 347 3 7 96 3 0
57 163 4 2 84 4 0
61 880 4 6 42 5 0
61 1065 2 1 80 3 0
62 322 2 5 79 5 0
62 651 1 3 81 4 0
63 391 4 8 25 4 0
64 55 4 3 50 3 0
65 183 0 6 49 5 0
70 529 4 2 40 4 0
71 233 3 2 50 4 0
71 936 1 4 96 3 0
76 533 1 4 59 3 0
79 1121 4 3 97 4 0
80 302 0 0 18 5 0
81 28 2 4 4 5 0
82 965 1 4 86 3 0
84 987 3 2 47 3 0
84 462 0 8 78 5 0
86 58 2 0 31 3 0
88 572 0 4 15 3 0
90 170 4 2 62 5 0
90 455 4 6 62 3 0
91 965 4 1 73 3 0
91 448 1 3 91 3 0
102 75 4 8 49 3 0
102 992 2 8 25 4 0
102 981 3 1 46 4 0
103 383 0 8 87 5 0
105 858 2 5 85 4 0
105 510 3 5 54 3 0
106 100 4 8 45 3 0
107 117 2 1 65 5 0
108 46 2 9 16 5 0
108 932 0 5 64 4 0
111 938 2 9 71 5 0
112 651 3 4 65 4 0
114 940 4 3 79 5 0
116 583 0 1 96 3 0
116 984 3 8 60 4 0
118 282 4 0 68 4 0
120 5 0 1 80 4 0
122 766 3 5 40 3 0
125 227 3 9 20 3 0
126 370 3 7 53 4 0
129 158 2 3 90 5 0
132 41 1 2 98 3 0
136 1008 0 8 39 4 0
136 171 0 5 1 5 0
138 187 1 2 77 3 0
140 1174 3 6 62 3 0
140 1022 3 7 88 3 0
140 241 0 7 54 5 0
144 504 3 8 63 4 0
151 236 4 2 97 3 0
152 295 3 3 92 5 0
158 903 0 4 64 3 0
160 464 0 5 87 3 0
160 1173 4 7 42 3 0
161 53 1 2 97 3 0
161 892 1 8 20 5 0
162 639 0 0 77 3 0
162 130 2 2 36 3 0
164 223 4 1 36 3 0
166 338 3 0 85 4 0
167 907 1 2 10 3 0
169 1093 1 8 56 3 0
170 434 4 4 45 5 0
171 1072 0 0 92 3 0
171 737 4 2 46 5 0
172 614 2 2 34 5 0
173 467 1 2 81 5 0
177 994 1 6 89 5 0
177 1084 2 0 92 3 0
180 1115 4 6 46 4 0
185 679 1 3 18 5 0
187 115 1 4 37 3 0
188 370 3 9 37 4 0
188 836 1 1 46 4 0
189 2 0 2 19 4 0
189 359 4 7 26 4 0
195 215 0 6 15 4 0
200 904 3 1 91 4 0
201 415 3 9 42 5 0
204 252 4 6 8 3 0
206 892 1 6 75 5 0
207 562 4 6 6 4 0
209 540 0 5 92 4 0
209 524 0 8 53 4 0
209 338 3 7 6 3 0
214 789 3 0 67 3 0
219 33 0 8 54 3 0
220 642 1 3 50 3 0
221 758 0 9 74 4 0
221 922 3 7 35 3 0
222 587 3 3 35 3 0
223 1085 2 5 55 5 0
224 357 4 7 9 5 0
226 996 0 3 15 4 0
228 5 4 4 80 5 0
228 9 0 9 66 3 0
229 645 1 6 72 3 0
236 396 1 1 90 5 0
236 379 1 0 57 5 0
238 295 3 2 87 4 0
238 71 3 0 53 3 0
238 707 2 2 23 4 0
239 957 4 1 92 3 0
240 208 0 2 42 4 0
241 1015 2 1 60 5 0
242 965 2 8 85 5 0
243 647 3 1 29 4 0
245 49 4 4 21 4 0
245 9 2 1 44 4 0
254 1045 2 0 96 4 0
259 393 1 4 15 4 0
260 1107 0 5 21 3 0
263 602 1 3 6 4 0
264 94 3 0 7 4 0
267 514 3 2 83 3 0
267 48 4 9 41 3 0
267 894 1 6 35 3 0
270 298 1 9 85 4 0
271 117 4 9 72 4 0
271 1151 2 0 41 5 0
272 315 2 2 14 3 0
274 49 2 0 94 3 0
275 232 3 4 67 4 0
276 959 3 3 75 3 0
279 473 2 0 3 4 0
280 359 2 0 84 4 0
280 384 1 9 34 3 0
284 987 1 9 30 5 0
286 556 2 5 29 5 0
287 519 3 4 39 5 0
290 14 0 9 5 4 0
291 633 1 8 24 3 0
296 395 0 6 31 5 0
299 441 3 1 22 3 0
301 797 1 1 49 4 0
301 794 1 4 47 5 0
304 332 3 7 33 4 0
307 992 1 6 28 4 0
310 318 1 2 8 3 0
315 451 0 6 2 5 0
317 547 1 1 37 3 0
319 479 0 1 64 5 0
321 710 1 1 4 5 0
321 908 4 9 48 3 0
322 205 1 8 42 4 0
323 428 4 8 54 5 0
323 800 1 4 32 4 0
324 1150 3 5 43 4 0
327 582 3 7 43 5 0
328 1168 1 8 85 3 0
334 522 1 4 87 3 0
336 135 0 9 72 3 0
339 796 4 7 41 5 0
340 534 1 5 77 4 0
341 1127 3 5 65 4 0
344 857 4 7 40 3 0
344 301 3 0 18 4 0
344 254 3 2 8 5 0
345 541 4 9 15 5 0
348 723 0 0 82 5 0
357 50 0 9 42 3 0
360 1079 4 2 67 4 0
362 1009 2 5 23 3 0
364 558 4 5 64 4 0
365 1165 2 0 22 3 0
366 575 0 7 3 5 0
367 399 1 0 83 3 0
369 531 3 2 9 4 0
376 205 2 0 68 3 0
379 766 2 1 66 4 0
379 409 4 9 10 5 0
380 449 3 7 6 5 0
384 185 1 8 49 3 0
385 339 0 0 69 5 0
387 736 4 5 50 5 0
395 111 1 1 3 5 0
396 654 4 6 71 3 0
401 975 3 2 85 3 0
403 836 2 4 33 3 0
414 544 2 5 4 3 0
416 13 1 0 55 3 0
419 512 3 5 2 4 0
420 488 4 9 3 5 0
425 146 3 0 16 4 0
428 13 1 3 62 4 0
428 771 1 6 89 4 0
428 30 2 7 48 3 0
430 108 1 7 68 5 0
431 953 3 9 9 3 0
434 1181 1 9 75 3 0
435 103 4 7 30 4 0
437 8 0 8 3 4 0
440 564 2 7 74 4 0
441 1126 2 4 69 5 0
442 343 1 8 3 5 0
443 356 3 7 4 3 0
444 269 3 3 1 3 0
446 737 1 8 94 4 0
447 270 2 0 13 4 0
447 23 0 7 30 3 0
449 318 0 6 7 4 0
450 932 2 3 82 4 0
453 547 0 4 98 4 0
454 302 0 4 96 3 0
457 1198 0 7 91 5 0
459 297 2 0 35 3 0
460 121 0 7 49 5 0
464 631 0 0 43 3 0
468 1080 2 7 19 4 0
472 683 3 0 67 4 0
473 1062 3 4 16 3 0
473 1018 3 6 78 4 0
475 605 3 1 65 4 0
477 983 3 9 49 3 0
478 633 2 9 65 4 0
479 248 4 0 92 4 0
480 1082 3 9 29 4 0
493 894 1 4 19 4 0
493 711 1 5 83 3 0
494 525 0 9 44 3 0
495 159 4 7 5 5 0
495 1035 4 6 59 3 0
498 396 3 0 74 3 0
499 1076 3 0 43 3 0
503 540 1 3 20 3 0
503 260 2 9 80 5 0
504 1083 0 6 2 4 0
506 120 4 0 94 5 0
511 1060 1 5 18 5 0
513 1184 3 7 71 3 0
513 814 0 6 15 4 0
513 584 4 8 60 5 0
516 191 1 9 19 5 0
516 411 2 3 49 4 0
517 662 1 0 60 4 0
519 893 4 5 29 3 0
519 697 0 5 41 4 0
523 1053 4 8 32 3 0
528 103 4 7 89 5 0
528 645 3 1 26 5 0
529 207 1 1 46 3 0
532 698 1 2 51 3 0
533 809 3 9 8 3 0
533 922 3 7 35 3 0
534 1136 1 4 33 4 0
537 701 0 0 12 3 0
537 587 3 1 52 5 0
541 1157 3 7 51 4 0
543 595 2 7 82 5 0
557 928 1 1 6 3 0
559 1193 4 6 31 3 0
559 603 1 8 52 3 0
559 1038 2 3 14 3 0
561 1050 3 5 44 5 0
561 199 4 1 75 3 0
562 396 3 6 13 3 0
564 285 3 6 2 3 0
566 56 0 7 23 4 0
569 465 3 2 86 5 0
570 1104 4 0 63 5 0
575 479 4 5 98 4 0
577 336 3 8 55 5 0
577 830 0 3 62 4 0
578 1116 1 6 73 5 0
579 350 0 0 88 3 0
582 122 0 6 16 5 0
583 137 2 9 56 3 0
586 1156 3 3 26 5 0
587 479 2 3 16 3 0
587 104 0 1 4 4 0
588 272 0 2 61 3 0
590 397 2 9 3 4 0
590 1045 1 8 2 5 0
591 151 2 1 84 4 0
592 594 4 3 41 5 0
594 1113 1 1 80 3 0
595 454 2 4 31 3 0
604 777 0 7 67 4 0
604 795 1 7 91 4 0
607 453 0 6 53 3 0
609 881 3 7 18 5 0
609 212 3 8 47 4 0
611 255 4 7 81 3 0
611 826 2 2 19 3 0
612 415 2 5 35 3 0
614 765 1 2 25 5 0
614 50 3 4 89 5 0
617 556 0 5 31 5 0
618 1018 3 3 84 3 0
619 85 0 0 84 4 0
621 174 3 5 87 4 0
621 253 2 7 49 3 0
625 732 1 7 14 3 0
625 830 4 9 49 4 0
625 79 3 7 10 3 0
626 269 3 8 86 4 0
626 941 1 5 67 4 0
630 1023 3 3 20 3 0
632 580 4 7 56 5 0
635 411 4 6 34 3 0
639 660 0 7 81 4 0
642 757 2 4 48 4 0
646 1029 0 4 34 4 0
648 386 1 7 12 3 0
649 134 0 8 4 4 0
649 965 1 3 23 4 0
649 781 1 5 73 4 0
653 657 3 9 56 5 0
654 1169 3 3 88 4 0
655 1016 4 6 18 5 0
659 270 2 7 94 5 0
664 111 2 7 52 4 0
666 173 2 7 58 4 0
670 576 4 0 8 5 0
671 45 2 7 65 4 0
673 767 4 5 32 4 0
674 265 2 1 51 5 0
678 1158 4 9 64 3 0
680 354 2 2 98 3 0
680 552 0 1 9 5 0
683 551 0 8 51 4 0
685 1000 1 9 53 4 0
688 124 2 9 85 5 0
691 682 3 5 59 4 0
694 875 1 3 80 3 0
694 311 4 6 49 4 0
694 218 0 2 100 5 0
696 771 3 0 55 4 0
697 1054 2 1 25 4 0
702 615 4 5 98 3 0
706 177 3 3 59 3 0
707 279 4 5 41 5 0
710 1091 0 8 28 3 0
715 154 3 6 79 3 0
717 1194 4 5 27 5 0
718 217 3 6 9 4 0
721 930 0 8 48 3 0
723 936 0 8 10 3 0
725 470 4 4 87 3 0
725 83 4 9 94 5 0
733 458 0 6 40 3 0
733 143 4 4 71 4 0
735 1155 2 6 14 3 0
737 28 0 8 45 3 0
740 906 3 5 13 3 0
740 444 2 0 58 3 0
741 791 0 9 77 5 0
746 593 4 5 74 5 0
750 994 0 1 79 4 0
750 437 0 6 38 4 0
752 799 1 2 76 5 0
752 343 1 1 33 5 0
755 144 4 0 15 3 0
757 863 2 3 77 3 0
758 869 1 5 10 4 0
762 780 1 7 58 5 0
762 808 1 1 28 3 0
766 706 1 4 2 4 0
766 806 0 4 98 4 0
768 1044 3 8 25 5 0
769 369 3 0 26 3 0
777 959 4 7 27 5 0
780 123 2 1 83 5 0
785 792 0 1 59 4 0
786 51 0 0 73 3 0
791 499 3 8 45 4 0
797 217 3 4 31 4 0
797 1013 0 0 51 4 0
799 1125 2 7 22 4 0
800 954 3 3 98 3 0
800 913 3 8 4 3 0
804 390 0 5 89 4 0
805 1151 1 7 42 3 0
806 824 4 0 87 5 0
807 3 0 7 81 4 0
807 519 3 5 11 4 0
807 1138 0 3 17 4 0
811 186 1 2 60 4 0
811 941 4 7 2 4 0
814 566 3 0 61 5 0
817 645 2 4 97 5 0
817 351 4 9 63 4 0
818 539 1 3 57 4 0
821 322 1 8 69 3 0
824 248 2 0 23 4 0
825 182 3 1 10 5 0
829 772 0 8 12 4 0
834 1153 4 7 36 4 0
835 1158 0 0 3 3 0
836 1098 0 0 23 4 0
837 1075 1 7 63 4 0
839 473 3 6 72 3 0
852 693 0 5 35 3 0
852 1012 2 3 83 4 0
854 32 4 3 33 5 0
855 1097 0 1 88 5 0
856 247 0 8 44 3 0
857 233 3 0 60 5 0
858 817 1 3 89 4 0
864 109 0 6 2 5 0
865 131 1 8 14 5 0
865 103 2 8 44 3 0
867 1046 3 2 91 5 0
869 965 3 4 74 4 0
870 1026 3 8 28 5 0
870 184 4 4 9 3 0
870 438 2 2 82 5 0
871 130 4 5 83 5 0
874 1026 0 0 11 3 0
875 283 1 6 15 5 0
876 1132 0 6 47 4 0
878 1094 2 2 43 5 0
878 423 0 0 95 5 0
880 58 4 3 40 4 0
883 247 0 4 98 3 0
884 60 1 9 10 4 0
884 1002 4 3 16 3 0
891 668 4 2 77 5 0
893 1110 3 7 59 4 0
896 886 0 6 75 3 0
898 425 2 4 56 4 0
898 1119 3 2 45 4 0
899 1111 3 7 84 3 0
903 686 3 0 100 3 0
905 218 3 2 66 4 0
905 407 2 1 18 4 0
906 1056 1 1 33 4 0
907 181 2 5 27 5 0
909 149 2 5 7 4 0
910 709 1 5 80 3 0
911 156 1 4 71 5 0
911 289 1 6 80 4 0
917 283 2 6 81 5 0
918 56 3 9 60 4 0
922 792 4 0 70 4 0
928 329 1 5 39 5 0
929 825 4 4 57 3 0
932 532 1 8 28 4 0
933 794 0 9 77 4 0
935 710 1 6 34 5 0
936 170 3 5 40 4 0
939 106 3 4 66 3 0
941 241 1 7 94 4 0
941 903 2 3 94 4 0
949 1109 4 3 2 4 0
950 1018 1 1 18 5 0
952 682 4 9 46 3 0
953 466 3 3 24 5 0
954 370 2 7 32 4 0
957 419 0 8 94 3 0
959 334 3 9 76 4 0
961 1064 3 7 27 4 0
961 801 2 0 98 3 0
962 32 4 0 53 3 0
964 590 4 5 62 4 0
965 233 2 4 76 3 0
968 999 3 9 79 3 0
969 954 2 6 33 4 0
974 1175 2 2 69 3 0
976 855 4 1 12 4 0
977 925 1 6 82 5 0
978 346 4 5 94 3 0
987 507 4 9 45 5 0
987 143 0 4 95 5 0
990 1176 1 5 83 3 0
991 501 0 3 81 4 0
991 415 4 9 1 3 0
992 274 2 3 36 4 0
995 951 4 8 4 5 0
997 221 1 0 71 5 0
998 973 2 1 81 3 0
1000 1102 3 8 29 4 0
1002 167 3 1 35 3 0
1002 649 2 5 78 3 0
1002 317 1 5 29 5 0
1009 203 2 0 57 4 0
1010 556 4 0 32 5 0
1016 1182 0 9 11 3 0
1020 488 4 8 13 3 0
1021 647 3 3 1 3 0
1021 408 2 5 4 4 0
1022 674 2 9 73 4 0
1022 350 1 1 73 3 0
1023 169 0 5 80 5 0
1024 1172 3 7 53 3 0
1024 963 0 1 49 4 0
1028 924 0 8 1 4 0
1029 251 2 9 7 5 0
1030 123 3 5 43 5 0
1030 376 3 8 37 5 0
1032 561 3 8 88 5 0
1034 763 3 2 68 4 0
1035 157 3 6 27 4 0
1039 318 0 1 38 3 0
1040 111 1 3 91 3 0
1046 471 2 8 98 5 0
1048 864 4 1 90 4 0
1050 645 4 2 93 3 0
1053 120 1 3 76 4 0
1053 207 0 0 49 4 0
1055 993 2 1 81 5 0
1055 371 4 2 55 4 0
1055 423 3 0 25 4 0
1056 579 2 9 18 5 0
1056 608 2 7 81 4 0
1058 636 4 5 31 5 0
1061 730 1 6 70 5 0
1063 948 1 9 15 3 0
1063 999 0 7 69 4 0
1070 1000 1 9 14 5 0
1070 551 4 5 90 5 0
1072 325 0 6 94 5 0
1072 850 1 7 96 5 0
1077 54 0 7 58 3 0
1078 875 0 5 95 5 0
1088 319 1 2 42 3 0
1089 612 4 0 22 3 0
1091 20 0 7 16 5 0
1101 23 4 6 44 3 0
1105 1034 2 9 45 4 0
1106 624 2 1 43 5 0
1106 75 0 4 30 5 0
1109 136 0 4 92 5 0
1109 740 0 2 7 4 0
1114 601 3 8 96 5 0
1115 460 3 3 8 5 0
1124 581 4 4 43 3 0
1128 663 3 6 73 5 0
1129 491 3 8 60 3 0
1130 55 2 1 92 5 0
1131 1113 1 9 33 3 0
1135 751 4 2 50 4 0
1135 451 0 8 7 3 0
1137 208 3 5 3 5 0
1137 139 0 1 59 3 0
1138 530 2 2 38 4 0
1140 186 3 2 32 5 0
1140 1081 2 9 84 3 0
1149 1017 2 9 26 4 0
1149 373 4 3 40 5 0
1150 594 2 1 36 5 0
1150 23 0 6 45 3 0
1151 809 0 0 79 4 0
1151 596 0 2 82 4 0
1152 921 3 3 62 5 0
1153 778 0 5 45 5 0
1155 134 2 2 70 4 0
1162 633 0 3 11 5 0
1166 783 3 1 21 5 0
1168 242 0 0 20 4 0
1169 540 3 8 60 3 0
1169 443 1 1 71 4 0
1171 904 3 3 21 5 0
1177 891 2 4 45 4 0
1177 132 4 2 87 3 0
1177 795 0 3 66 5 0
1179 1030 3 3 33 4 0
1180 1011 3 0 74 5 0
1180 57 2 6 27 5 0
1182 129 0 6 88 5 0
1185 1121 2 2 67 3 0
1191 457 0 7 43 4 0
1192 631 1 1 67 3 0
1192 348 3 9 63 3 0
1192 533 2 7 12 4 0
1193 1015 3 6 96 3 0
1193 315 3 6 100 4 0
1193 876 0 2 63 3 0
1193 634 0 4 39 4 0
1195 710 1 1 39 4 0
1195 666 1 2 77 5 0
1197 682 2 8 51 4 0
1198 711 4 3 27 5 0

