10

5
0 20 20 20 20 20 20 20 20 20 20
1 20 20 20 20 20 20 20 20 20 20
2 20 20 20 20 20 20 20 20 20 20
3 20 20 20 20 20 20 20 20 20 20
4 20 20 20 20 20 20 20 20 20 20

25
300 900 100000 6 3
0 126 7 2
1 106 3 6
2 130 10 8
4 126 4 4
5 120 6 6
9 127 2 9
600 600 100000 6 3
0 112 2 2
1 112 5 5
3 119 5 3
6 139 2 1
7 117 4 4
9 136 4 1
900 1200 100000 6 4
0 109 5 9
2 127 3 3
4 125 2 3
5 149 10 7
7 122 4 2
9 138 1 9
900 300 100000 6 2
0 141 6 7
1 129 9 1
2 142 3 2
3 129 9 6
4 100 2 10
6 147 2 2
0 900 100000 6 0
0 132 1 3
1 101 9 3
3 119 3 7
4 117 2 7
5 106 4 4
8 112 4 2
1200 0 100000 6 1
1 131 1 3
2 112 5 7
4 106 5 4
6 123 10 5
7 109 2 1
8 117 1 7
900 900 100000 6 0
1 130 4 1
4 144 9 2
5 148 9 10
6 121 1 3
7 117 5 10
9 106 1 1
0 1200 100000 6 0
1 128 1 3
3 139 7 9
4 125 7 5
5 100 8 2
6 137 8 6
9 114 4 5
900 0 100000 6 2
0 122 3 2
3 147 6 1
5 148 2 8
6 115 9 3
7 118 1 3
9 143 6 6
1200 300 100000 6 2
0 115 7 7
2 144 9 5
3 132 10 5
6 139 2 8
7 117 6 3
8 129 4 8
300 300 100000 6 1
0 133 4 6
1 125 4 9
2 132 5 8
4 140 3 3
5 108 5 1
8 136 2 3
1200 900 100000 6 2
1 102 9 1
2 130 8 7
3 145 9 2
4 141 3 5
5 132 9 7
7 110 8 8
900 600 100000 6 3
1 112 8 7
2 129 2 5
3 140 9 2
4 113 4 5
7 113 9 5
8 127 8 2
300 1200 100000 6 0
2 109 1 6
3 124 3 5
4 132 3 9
5 104 3 10
8 132 9 1
9 107 5 7
600 300 100000 6 1
1 145 1 3
3 111 2 8
6 145 10 10
7 147 5 3
8 115 5 4
9 107 2 9
300 600 100000 6 3
3 134 3 9
5 103 8 2
6 132 1 5
7 101 5 6
8 116 5 9
9 125 2 6
0 300 100000 6 2
0 126 1 1
1 138 4 7
2 134 9 8
3 105 5 8
7 144 9 5
9 121 2 8
600 900 100000 6 1
0 111 4 3
1 114 5 1
2 107 1 4
3 127 9 10
5 124 5 10
9 121 10 9
0 0 100000 6 0
0 111 3 4
1 135 6 3
2 109 5 2
5 110 9 5
7 129 4 2
8 107 3 1
600 0 100000 6 4
0 116 1 8
2 100 6 5
4 144 8 8
5 150 5 1
8 101 1 2
9 101 9 5
0 600 100000 6 4
0 125 1 5
1 147 1 9
4 137 2 1
6 120 2 8
7 127 2 6
9 133 1 1
300 0 100000 6 4
0 123 9 2
1 145 9 2
3 145 2 4
5 116 10 8
7 129 8 1
9 102 8 2
600 1200 100000 6 3
0 108 6 10
2 147 10 8
3 146 6 8
4 131 1 5
8 138 2 6
9 147 4 5
1200 1200 100000 6 4
0 111 9 1
2 149 9 1
3 140 2 4
4 106 8 8
8 133 5 4
9 103 7 4
1200 600 100000 6 1
1 113 4 4
3 146 8 8
4 141 6 3
5 129 9 7
6 104 1 3
7 130 4 10

700
3 805 0 1 71 5 0
4 93 1 3 30 4 0
5 664 0 6 1 3 0
9 972 2 3 39 5 0
10 19 2 3 23 4 0
12 468 0 7 45 5 0
14 997 3 8 46 3 0
16 1169 3 4 82 5 0
21 790 2 1 37 5 0
22 1032 1 4 24 4 0
24 299 0 8 74 5 0
25 507 1 8 35 4 0
26 737 2 0 78 5 0
28 347 3 7 96 3 0
32 163 4 2 84 4 0
34 880 4 6 42 5 0
36 1065 2 1 80 3 0
39 322 2 5 79 5 0
44 651 1 3 81 4 0
45 391 4 8 25 4 0
46 55 4 3 50 3 0
48 183 0 6 49 5 0
48 529 4 2 40 4 0
49 233 3 2 50 4 0
51 936 1 4 96 3 0
54 533 1 4 59 3 0
55 1121 4 3 97 4 0
56 302 0 0 18 5 0
57 28 2 4 4 5 0
59 965 1 4 86 3 0
61 987 3 2 47 3 0
61 462 0 8 78 5 0
62 58 2 0 31 3 0
62 572 0 4 15 3 0
63 170 4 2 62 5 0
64 455 4 6 62 3 0
65 965 4 1 73 3 0
70 448 1 3 91 3 0
70 75 4 8 49 3 0
71 992 2 8 25 4 0
71 981 3 1 46 4 0
72 383 0 8 87 5 0
76 858 2 5 85 4 0
79 510 3 5 54 3 0
80 100 4 8 45 3 0
81 117 2 1 65 5 0
82 46 2 9 16 5 0
83 932 0 5 64 4 0
84 938 2 9 71 5 0
84 651 3 4 65 4 0
86 940 4 3 79 5 0
88 583 0 1 96 3 0
90 984 3 8 60 4 0
90 282 4 0 68 4 0
91 5 0 1 80 4 0
91 766 3 5 40 3 0
91 227 3 9 20 3 0
91 370 3 7 53 4 0
97 158 2 3 90 5 0
98 41 1 2 98 3 0
102 1008 0 8 39 4 0
102 171 0 5 1 5 0
102 187 1 2 77 3 0
103 1174 3 6 62 3 0
105 1022 3 7 88 3 0
105 241 0 7 54 5 0
106 504 3 8 63 4 0
107 236 4 2 97 3 0
108 295 3 3 92 5 0
108 903 0 4 64 3 0
111 464 0 5 87 3 0
112 1173 4 7 42 3 0
114 53 1 2 97 3 0
116 892 1 8 20 5 0
116 639 0 0 77 3 0
118 130 2 2 36 3 0
120 223 4 1 36 3 0
122 338 3 0 85 4 0
125 907 1 2 10 3 0
126 1093 1 8 56 3 0
129 434 4 4 45 5 0
132 1072 0 0 92 3 0
136 737 4 2 46 5 0
136 614 2 2 34 5 0
138 467 1 2 81 5 0
140 994 1 6 89 5 0
140 1084 2 0 92 3 0
140 1115 4 6 46 4 0
144 679 1 3 18 5 0
148 115 1 4 37 3 0
151 370 3 9 37 4 0
152 836 1 1 46 4 0
152 2 0 2 19 4 0
154 359 4 7 26 4 0
158 215 0 6 15 4 0
160 904 3 1 91 4 0
160 415 3 9 42 5 0
161 252 4 6 8 3 0
161 892 1 6 75 5 0
162 562 4 6 6 4 0
162 540 0 5 92 4 0
164 524 0 8 53 4 0
165 338 3 7 6 3 0
166 789 3 0 67 3 0
167 33 0 8 54 3 0
169 642 1 3 50 3 0
170 758 0 9 74 4 0
171 922 3 7 35 3 0
171 587 3 3 35 3 0
172 1085 2 5 55 5 0
172 357 4 7 9 5 0
173 996 0 3 15 4 0
177 5 4 4 80 5 0
177 9 0 9 66 3 0
180 645 1 6 72 3 0
180 396 1 1 90 5 0
185 379 1 0 57 5 0
186 295 3 2 87 4 0
187 71 3 0 53 3 0
188 707 2 2 23 4 0
188 957 4 1 92 3 0
189 208 0 2 42 4 0
189 1015 2 1 60 5 0
189 965 2 8 85 5 0
195 647 3 1 29 4 0
200 49 4 4 21 4 0
200 9 2 1 44 4 0
201 1045 2 0 96 4 0
204 393 1 4 15 4 0
206 1107 0 5 21 3 0
207 602 1 3 6 4 0
209 94 3 0 7 4 0
209 514 3 2 83 3 0
209 48 4 9 41 3 0
214 894 1 6 35 3 0
219 298 1 9 85 4 0
220 117 4 9 72 4 0
221 1151 2 0 41 5 0
221 315 2 2 14 3 0
222 49 2 0 94 3 0
223 232 3 4 67 4 0
223 959 3 3 75 3 0
224 473 2 0 3 4 0
226 359 2 0 84 4 0
227 384 1 9 34 3 0
228 987 1 9 30 5 0
228 556 2 5 29 5 0
229 519 3 4 39 5 0
235 14 0 9 5 4 0
236 633 1 8 24 3 0
236 395 0 6 31 5 0
238 441 3 1 22 3 0
238 797 1 1 49 4 0
238 794 1 4 47 5 0
239 332 3 7 33 4 0
240 992 1 6 28 4 0
241 318 1 2 8 3 0
242 451 0 6 2 5 0
242 547 1 1 37 3 0
242 479 0 1 64 5 0
243 710 1 1 4 5 0
245 908 4 9 48 3 0
245 205 1 8 42 4 0
254 428 4 8 54 5 0
256 800 1 4 32 4 0
259 1150 3 5 43 4 0
260 582 3 7 43 5 0
263 1168 1 8 85 3 0
264 522 1 4 87 3 0
267 135 0 9 72 3 0
267 796 4 7 41 5 0
267 534 1 5 77 4 0
270 1127 3 5 65 4 0
271 857 4 7 40 3 0
271 301 3 0 18 4 0
272 254 3 2 8 5 0
274 541 4 9 15 5 0
275 723 0 0 82 5 0
275 50 0 9 42 3 0
276 1079 4 2 67 4 0
279 1009 2 5 23 3 0
279 558 4 5 64 4 0
280 1165 2 0 22 3 0
280 575 0 7 3 5 0
281 399 1 0 83 3 0
284 531 3 2 9 4 0
286 205 2 0 68 3 0
286 766 2 1 66 4 0
287 409 4 9 10 5 0
290 449 3 7 6 5 0
291 185 1 8 49 3 0
296 339 0 0 69 5 0
299 736 4 5 50 5 0
301 111 1 1 3 5 0
301 654 4 6 71 3 0
301 975 3 2 85 3 0
304 836 2 4 33 3 0
307 544 2 5 4 3 0
310 13 1 0 55 3 0
310 512 3 5 2 4 0
315 488 4 9 3 5 0
317 146 3 0 16 4 0
318 13 1 3 62 4 0
319 771 1 6 89 4 0
321 30 2 7 48 3 0
321 108 1 7 68 5 0
322 953 3 9 9 3 0
323 1181 1 9 75 3 0
323 103 4 7 30 4 0
323 8 0 8 3 4 0
324 564 2 7 74 4 0
327 1126 2 4 69 5 0
328 343 1 8 3 5 0
334 356 3 7 4 3 0
336 269 3 3 1 3 0
339 737 1 8 94 4 0
340 270 2 0 13 4 0
341 23 0 7 30 3 0
344 318 0 6 7 4 0
344 932 2 3 82 4 0
344 547 0 4 98 4 0
345 302 0 4 96 3 0
347 1198 0 7 91 5 0
348 297 2 0 35 3 0
357 121 0 7 49 5 0
360 631 0 0 43 3 0
362 1080 2 7 19 4 0
364 683 3 0 67 4 0
365 1062 3 4 16 3 0
366 1018 3 6 78 4 0
367 605 3 1 65 4 0
367 983 3 9 49 3 0
369 633 2 9 65 4 0
370 248 4 0 92 4 0
376 1082 3 9 29 4 0
379 894 1 4 19 4 0
379 711 1 5 83 3 0
380 525 0 9 44 3 0
384 159 4 7 5 5 0
385 1035 4 6 59 3 0
387 396 3 0 74 3 0
395 1076 3 0 43 3 0
396 540 1 3 20 3 0
401 260 2 9 80 5 0
403 1083 0 6 2 4 0
414 120 4 0 94 5 0
416 1060 1 5 18 5 0
416 1184 3 7 71 3 0
419 814 0 6 15 4 0
420 584 4 8 60 5 0
425 191 1 9 19 5 0
428 411 2 3 49 4 0
428 662 1 0 60 4 0
428 893 4 5 29 3 0
430 697 0 5 41 4 0
431 1053 4 8 32 3 0
432 103 4 7 89 5 0
434 645 3 1 26 5 0
435 207 1 1 46 3 0
437 698 1 2 51 3 0
440 809 3 9 8 3 0
441 922 3 7 35 3 0
442 1136 1 4 33 4 0
443 701 0 0 12 3 0
444 587 3 1 52 5 0
445 1157 3 7 51 4 0
446 595 2 7 82 5 0
447 928 1 1 6 3 0
447 1193 4 6 31 3 0
449 603 1 8 52 3 0
450 1038 2 3 14 3 0
452 1050 3 5 44 5 0
453 199 4 1 75 3 0
454 396 3 6 13 3 0
457 285 3 6 2 3 0
458 56 0 7 23 4 0
459 465 3 2 86 5 0
460 1104 4 0 63 5 0
461 479 4 5 98 4 0
464 336 3 8 55 5 0
464 830 0 3 62 4 0
466 1116 1 6 73 5 0
468 350 0 0 88 3 0
469 122 0 6 16 5 0
472 137 2 9 56 3 0
473 1156 3 3 26 5 0
473 479 2 3 16 3 0
475 104 0 1 4 4 0
477 272 0 2 61 3 0
478 397 2 9 3 4 0
479 1045 1 8 2 5 0
480 151 2 1 84 4 0
485 594 4 3 41 5 0
490 1113 1 1 80 3 0
493 454 2 4 31 3 0
493 777 0 7 67 4 0
494 795 1 7 91 4 0
495 453 0 6 53 3 0
495 881 3 7 18 5 0
498 212 3 8 47 4 0
499 255 4 7 81 3 0
503 826 2 2 19 3 0
503 415 2 5 35 3 0
504 765 1 2 25 5 0
506 50 3 4 89 5 0
508 556 0 5 31 5 0
511 1018 3 3 84 3 0
513 85 0 0 84 4 0
513 174 3 5 87 4 0
513 253 2 7 49 3 0
516 732 1 7 14 3 0
516 830 4 9 49 4 0
517 79 3 7 10 3 0
518 269 3 8 86 4 0
519 941 1 5 67 4 0
519 1023 3 3 20 3 0
519 580 4 7 56 5 0
523 411 4 6 34 3 0
526 660 0 7 81 4 0
526 757 2 4 48 4 0
528 1029 0 4 34 4 0
528 386 1 7 12 3 0
529 134 0 8 4 4 0
532 965 1 3 23 4 0
533 781 1 5 73 4 0
533 657 3 9 56 5 0
534 1169 3 3 88 4 0
537 1016 4 6 18 5 0
537 270 2 7 94 5 0
541 111 2 7 52 4 0
543 173 2 7 58 4 0
550 576 4 0 8 5 0
557 45 2 7 65 4 0
559 767 4 5 32 4 0
559 265 2 1 51 5 0
559 1158 4 9 64 3 0
561 354 2 2 98 3 0
561 552 0 1 9 5 0
562 551 0 8 51 4 0
564 1000 1 9 53 4 0
566 124 2 9 85 5 0
569 682 3 5 59 4 0
569 875 1 3 80 3 0
570 311 4 6 49 4 0
575 218 0 2 100 5 0
577 771 3 0 55 4 0
577 1054 2 1 25 4 0
578 615 4 5 98 3 0
579 177 3 3 59 3 0
582 279 4 5 41 5 0
583 1091 0 8 28 3 0
586 154 3 6 79 3 0
587 1194 4 5 27 5 0
587 217 3 6 9 4 0
587 930 0 8 48 3 0
588 936 0 8 10 3 0
590 470 4 4 87 3 0
590 83 4 9 94 5 0
591 458 0 6 40 3 0
592 143 4 4 71 4 0
594 1155 2 6 14 3 0
595 28 0 8 45 3 0
604 906 3 5 13 3 0
604 444 2 0 58 3 0
607 791 0 9 77 5 0
609 593 4 5 74 5 0
609 994 0 1 79 4 0
611 437 0 6 38 4 0
611 799 1 2 76 5 0
612 343 1 1 33 5 0
614 144 4 0 15 3 0
614 863 2 3 77 3 0
617 869 1 5 10 4 0
618 780 1 7 58 5 0
619 808 1 1 28 3 0
621 706 1 4 2 4 0
621 806 0 4 98 4 0
625 1044 3 8 25 5 0
625 369 3 0 26 3 0
625 959 4 7 27 5 0
626 123 2 1 83 5 0
626 792 0 1 59 4 0
630 51 0 0 73 3 0
632 499 3 8 45 4 0
632 217 3 4 31 4 0
635 1013 0 0 51 4 0
639 1125 2 7 22 4 0
639 954 3 3 98 3 0
641 913 3 8 4 3 0
642 390 0 5 89 4 0
646 1151 1 7 42 3 0
648 824 4 0 87 5 0
649 3 0 7 81 4 0
649 519 3 5 11 4 0
649 1138 0 3 17 4 0
653 186 1 2 60 4 0
654 941 4 7 2 4 0
655 566 3 0 61 5 0
659 645 2 4 97 5 0
664 351 4 9 63 4 0
666 539 1 3 57 4 0
670 322 1 8 69 3 0
670 248 2 0 23 4 0
671 182 3 1 10 5 0
673 772 0 8 12 4 0
673 1153 4 7 36 4 0
674 1158 0 0 3 3 0
676 1098 0 0 23 4 0
678 1075 1 7 63 4 0
680 473 3 6 72 3 0
680 693 0 5 35 3 0
683 1012 2 3 83 4 0
685 32 4 3 33 5 0
688 1097 0 1 88 5 0
691 247 0 8 44 3 0
694 233 3 0 60 5 0
694 817 1 3 89 4 0
694 109 0 6 2 5 0
694 131 1 8 14 5 0
696 103 2 8 44 3 0
697 1046 3 2 91 5 0
702 965 3 4 74 4 0
702 1026 3 8 28 5 0
706 184 4 4 9 3 0
707 438 2 2 82 5 0
710 130 4 5 83 5 0
715 1026 0 0 11 3 0
717 283 1 6 15 5 0
718 1132 0 6 47 4 0
721 1094 2 2 43 5 0
723 423 0 0 95 5 0
725 58 4 3 40 4 0
725 247 0 4 98 3 0
728 60 1 9 10 4 0
733 1002 4 3 16 3 0
733 668 4 2 77 5 0
735 1110 3 7 59 4 0
737 886 0 6 75 3 0
740 425 2 4 56 4 0
740 1119 3 2 45 4 0
741 1111 3 7 84 3 0
746 686 3 0 100 3 0
750 218 3 2 66 4 0
750 407 2 1 18 4 0
752 1056 1 1 33 4 0
752 181 2 5 27 5 0
755 149 2 5 7 4 0
757 709 1 5 80 3 0
758 156 1 4 71 5 0
758 289 1 6 80 4 0
762 283 2 6 81 5 0
762 56 3 9 60 4 0
766 792 4 0 70 4 0
766 329 1 5 39 5 0
768 825 4 4 57 3 0
769 532 1 8 28 4 0
770 794 0 9 77 4 0
771 710 1 6 34 5 0
775 170 3 5 40 4 0
777 106 3 4 66 3 0
777 241 1 7 94 4 0
780 903 2 3 94 4 0
784 1109 4 3 2 4 0
785 1018 1 1 18 5 0
786 682 4 9 46 3 0
791 466 3 3 24 5 0
794 370 2 7 32 4 0
797 419 0 8 94 3 0
797 334 3 9 76 4 0
799 1064 3 7 27 4 0
800 801 2 0 98 3 0
800 32 4 0 53 3 0
804 590 4 5 62 4 0
805 233 2 4 76 3 0
806 999 3 9 79 3 0
807 954 2 6 33 4 0
807 1175 2 2 69 3 0
807 855 4 1 12 4 0
810 925 1 6 82 5 0
811 346 4 5 94 3 0
811 507 4 9 45 5 0
814 143 0 4 95 5 0
817 1176 1 5 83 3 0
817 501 0 3 81 4 0
818 415 4 9 1 3 0
821 274 2 3 36 4 0
824 951 4 8 4 5 0
825 221 1 0 71 5 0
829 973 2 1 81 3 0
834 1102 3 8 29 4 0
834 167 3 1 35 3 0
835 649 2 5 78 3 0
836 317 1 5 29 5 0
837 203 2 0 57 4 0
839 556 4 0 32 5 0
852 1182 0 9 11 3 0
852 488 4 8 13 3 0
854 647 3 3 1 3 0
854 408 2 5 4 4 0
855 674 2 9 73 4 0
856 350 1 1 73 3 0
857 169 0 5 80 5 0
858 1172 3 7 53 3 0
862 963 0 1 49 4 0
864 924 0 8 1 4 0
865 251 2 9 7 5 0
865 123 3 5 43 5 0
867 376 3 8 37 5 0
869 561 3 8 88 5 0
870 763 3 2 68 4 0
870 157 3 6 27 4 0
870 318 0 1 38 3 0
871 111 1 3 91 3 0
872 471 2 8 98 5 0
874 864 4 1 90 4 0
875 645 4 2 93 3 0
876 120 1 3 76 4 0
878 207 0 0 49 4 0
878 993 2 1 81 5 0
880 371 4 2 55 4 0
883 423 3 0 25 4 0
884 579 2 9 18 5 0
884 608 2 7 81 4 0
891 636 4 5 31 5 0
893 730 1 6 70 5 0
896 948 1 9 15 3 0
898 999 0 7 69 4 0
898 1000 1 9 14 5 0
899 551 4 5 90 5 0
902 325 0 6 94 5 0
903 850 1 7 96 5 0
905 54 0 7 58 3 0
905 875 0 5 95 5 0
906 319 1 2 42 3 0
907 612 4 0 22 3 0
909 20 0 7 16 5 0
910 23 4 6 44 3 0
911 1034 2 9 45 4 0
911 624 2 1 43 5 0
917 75 0 4 30 5 0
918 136 0 4 92 5 0
922 740 0 2 7 4 0
928 601 3 8 96 5 0
929 460 3 3 8 5 0
932 581 4 4 43 3 0
933 663 3 6 73 5 0
935 491 3 8 60 3 0
936 55 2 1 92 5 0
939 1113 1 9 33 3 0
941 751 4 2 50 4 0
941 451 0 8 7 3 0
946 208 3 5 3 5 0
949 139 0 1 59 3 0
950 530 2 2 38 4 0
952 186 3 2 32 5 0
953 1081 2 9 84 3 0
953 1017 2 9 26 4 0
954 373 4 3 40 5 0
955 594 2 1 36 5 0
957 23 0 6 45 3 0
959 809 0 0 79 4 0
961 596 0 2 82 4 0
961 921 3 3 62 5 0
962 778 0 5 45 5 0
962 134 2 2 70 4 0
964 633 0 3 11 5 0
965 783 3 1 21 5 0
968 242 0 0 20 4 0
968 540 3 8 60 3 0
969 443 1 1 71 4 0
971 904 3 3 21 5 0
974 891 2 4 45 4 0
976 132 4 2 87 3 0
977 795 0 3 66 5 0
978 1030 3 3 33 4 0
987 1011 3 0 74 5 0
987 57 2 6 27 5 0
989 129 0 6 88 5 0
990 1121 2 2 67 3 0
991 457 0 7 43 4 0
991 631 1 1 67 3 0
992 348 3 9 63 3 0
995 533 2 7 12 4 0
997 1015 3 6 96 3 0
998 315 3 6 100 4 0
999 876 0 2 63 3 0
1000 634 0 4 39 4 0
1002 710 1 1 39 4 0
1002 666 1 2 77 5 0
1002 682 2 8 51 4 0
1009 711 4 3 27 5 0
1010 1098 4 6 32 5 0
1016 578 1 2 4 3 0
1020 1130 4 3 37 4 0
1021 524 2 8 83 3 0
1021 693 4 7 50 5 0
1022 397 1 5 46 3 0
1022 372 3 1 65 5 0
1023 958 1 7 81 4 0
1024 467 1 0 10 5 0
1024 533 4 0 69 4 0
1028 277 1 0 44 5 0
1028 437 3 8 37 5 0
1029 452 4 9 44 5 0
1030 692 1 2 6 4 0
1030 1076 2 7 16 4 0
1032 468 4 5 83 5 0
1034 536 1 7 56 5 0
1035 274 4 1 95 4 0
1039 863 2 4 98 4 0
1040 673 4 6 44 4 0
1046 1136 4 0 6 3 0
1047 994 0 2 44 5 0
1048 636 4 5 45 4 0
1049 26 3 9 54 4 0
1050 1198 1 4 82 4 0
1053 323 3 6 53 3 0
1053 1190 0 6 77 4 0
1055 736 1 8 84 5 0
1055 565 4 8 11 3 0
1055 988 2 8 44 4 0
1056 232 0 2 72 4 0
1056 279 3 9 79 4 0
1058 147 0 4 78 5 0
1061 724 3 3 56 4 0
1063 582 3 4 56 3 0
1063 458 3 6 10 4 0
1070 355 2 1 10 5 0
1070 332 0 3 14 4 0
1070 425 1 8 67 4 0
1072 948 2 9 51 3 0
1072 341 2 1 85 4 0
1072 822 3 2 35 5 0
1073 238 4 4 28 4 0
1077 238 0 3 93 5 0
1078 97 0 1 80 3 0
1085 932 3 2 22 5 0
1088 289 0 0 17 4 0
1089 188 1 6 52 4 0
1091 84 4 1 93 3 0
1091 459 1 6 7 5 0
1101 949 2 2 44 3 0
1105 110 3 0 52 5 0
1106 43 4 5 43 4 0
1106 697 4 3 13 4 0
1106 543 4 5 79 4 0
1109 663 3 0 40 4 0
1109 981 2 2 93 3 0
1114 193 2 8 7 3 0
1115 712 1 8 1 3 0
1124 405 2 4 94 5 0
1124 854 0 0 100 3 0
1127 494 1 6 43 3 0
1128 304 2 1 28 4 0
1129 163 4 9 31 4 0
1130 1100 4 5 60 5 0
1131 1153 1 5 27 5 0
1135 692 1 9 99 5 0
1135 639 4 9 67 3 0
1137 1119 0 2 100 5 0
1137 1025 3 8 70 4 0
1138 653 2 9 10 4 0
1140 553 1 9 66 3 0
1140 234 1 1 47 5 0
1143 410 4 2 8 5 0
1149 782 0 8 26 5 0
1149 318 4 8 50 4 0
1150 843 2 6 70 3 0
1150 1155 1 2 37 3 0
1151 639 3 9 91 4 0
1151 1155 0 1 55 4 0
1152 610 3 2 4 3 0
1153 165 3 4 50 4 0
1155 126 2 3 67 3 0
1162 170 0 8 20 3 0
1166 489 0 8 57 5 0
1168 1195 1 5 96 3 0
1169 1126 4 9 31 5 0
1169 168 4 3 51 5 0
1171 442 2 4 64 3 0
1177 347 2 8 91 5 0
1177 319 3 3 40 5 0
1177 872 0 4 58 5 0
1179 186 4 9 94 4 0
1180 521 4 0 66 4 0
1180 913 3 7 9 5 0
1182 1003 1 2 13 3 0
1185 887 4 1 99 5 0
1191 1047 3 3 77 5 0
1192 348 3 8 15 3 0
1192 576 2 8 49 5 0
1192 103 1 0 18 3 0
1193 311 2 6 81 4 0
1193 137 0 7 43 5 0
1193 505 2 4 84 5 0
1193 647 1 8 7 5 0
1195 74 3 3 66 4 0
1195 284 3 6 49 5 0
1197 1157 3 3 29 4 0
1198 336 2 3 85 5 0

