10

5
0 20 20 20 20 20 20 20 20 20 20
1 20 20 20 20 20 20 20 20 20 20
2 20 20 20 20 20 20 20 20 20 20
3 20 20 20 20 20 20 20 20 20 20
4 20 20 20 20 20 20 20 20 20 20

25
300 900 100000 6 3
0 126 7 2
1 106 3 6
2 130 10 8
4 126 4 4
5 120 6 6
9 127 2 9
600 600 100000 6 3
0 112 2 2
1 112 5 5
3 119 5 3
6 139 2 1
7 117 4 4
9 136 4 1
900 1200 100000 6 4
0 109 5 9
2 127 3 3
4 125 2 3
5 149 10 7
7 122 4 2
9 138 1 9
900 300 100000 6 2
0 141 6 7
1 129 9 1
2 142 3 2
3 129 9 6
4 100 2 10
6 147 2 2
0 900 100000 6 0
0 132 1 3
1 101 9 3
3 119 3 7
4 117 2 7
5 106 4 4
8 112 4 2
1200 0 100000 6 1
1 131 1 3
2 112 5 7
4 106 5 4
6 123 10 5
7 109 2 1
8 117 1 7
900 900 100000 6 0
1 130 4 1
4 144 9 2
5 148 9 10
6 121 1 3
7 117 5 10
9 106 1 1
0 1200 100000 6 0
1 128 1 3
3 139 7 9
4 125 7 5
5 100 8 2
6 137 8 6
9 114 4 5
900 0 100000 6 2
0 122 3 2
3 147 6 1
5 148 2 8
6 115 9 3
7 118 1 3
9 143 6 6
1200 300 100000 6 2
0 115 7 7
2 144 9 5
3 132 10 5
6 139 2 8
7 117 6 3
8 129 4 8
300 300 100000 6 1
0 133 4 6
1 125 4 9
2 132 5 8
4 140 3 3
5 108 5 1
8 136 2 3
1200 900 100000 6 2
1 102 9 1
2 130 8 7
3 145 9 2
4 141 3 5
5 132 9 7
7 110 8 8
900 600 100000 6 3
1 112 8 7
2 129 2 5
3 140 9 2
4 113 4 5
7 113 9 5
8 127 8 2
300 1200 100000 6 0
2 109 1 6
3 124 3 5
4 132 3 9
5 104 3 10
8 132 9 1
9 107 5 7
600 300 100000 6 1
1 145 1 3
3 111 2 8
6 145 10 10
7 147 5 3
8 115 5 4
9 107 2 9
300 600 100000 6 3
3 134 3 9
5 103 8 2
6 132 1 5
7 101 5 6
8 116 5 9
9 125 2 6
0 300 100000 6 2
0 126 1 1
1 138 4 7
2 134 9 8
3 105 5 8
7 144 9 5
9 121 2 8
600 900 100000 6 1
0 111 4 3
1 114 5 1
2 107 1 4
3 127 9 10
5 124 5 10
9 121 10 9
0 0 100000 6 0
0 111 3 4
1 135 6 3
2 109 5 2
5 110 9 5
7 129 4 2
8 107 3 1
600 0 100000 6 4
0 116 1 8
2 100 6 5
4 144 8 8
5 150 5 1
8 101 1 2
9 101 9 5
0 600 100000 6 4
0 125 1 5
1 147 1 9
4 137 2 1
6 120 2 8
7 127 2 6
9 133 1 1
300 0 100000 6 4
0 123 9 2
1 145 9 2
3 145 2 4
5 116 10 8
7 129 8 1
9 102 8 2
600 1200 100000 6 3
0 108 6 10
2 147 10 8
3 146 6 8
4 131 1 5
8 138 2 6
9 147 4 5
1200 1200 100000 6 4
0 111 9 1
2 149 9 1
3 140 2 4
4 106 8 8
8 133 5 4
9 103 7 4
1200 600 100000 6 1
1 113 4 4
3 146 8 8
4 141 6 3
5 129 9 7
6 104 1 3
7 130 4 10

1000
0 99 2 7 30 3 0
0 223 2 1 74 5 0
3 1007 2 1 4 5 0
4 328 1 0 56 5 0
5 293 4 2 75 4 0
5 55 0 9 24 3 0
9 617 1 4 3 3 0
9 1181 0 4 100 3 0
10 338 3 0 85 4 0
10 907 1 2 10 3 0
12 1093 1 8 56 3 0
13 434 4 4 45 5 0
14 1072 0 0 92 3 0
16 737 4 2 46 5 0
19 614 2 2 34 5 0
21 467 1 2 81 5 0
22 994 1 6 89 5 0
24 1084 2 0 92 3 0
25 1115 4 6 46 4 0
26 679 1 3 18 5 0
28 115 1 4 37 3 0
28 370 3 9 37 4 0
32 836 1 1 46 4 0
34 2 0 2 19 4 0
36 359 4 7 26 4 0
39 215 0 6 15 4 0
41 904 3 1 91 4 0
41 415 3 9 42 5 0
44 252 4 6 8 3 0
45 892 1 6 75 5 0
46 562 4 6 6 4 0
46 540 0 5 92 4 0
46 524 0 8 53 4 0
48 338 3 7 6 3 0
48 789 3 0 67 3 0
49 33 0 8 54 3 0
51 642 1 3 50 3 0
53 758 0 9 74 4 0
53 922 3 7 35 3 0
54 587 3 3 35 3 0
55 1085 2 5 55 5 0
55 357 4 7 9 5 0
56 996 0 3 15 4 0
56 5 4 4 80 5 0
57 9 0 9 66 3 0
58 645 1 6 72 3 0
58 396 1 1 90 5 0
59 379 1 0 57 5 0
61 295 3 2 87 4 0
61 71 3 0 53 3 0
62 707 2 2 23 4 0
62 957 4 1 92 3 0
63 208 0 2 42 4 0
63 1015 2 1 60 5 0
64 965 2 8 85 5 0
65 647 3 1 29 4 0
68 49 4 4 21 4 0
70 9 2 1 44 4 0
70 1045 2 0 96 4 0
71 393 1 4 15 4 0
71 1107 0 5 21 3 0
72 602 1 3 6 4 0
75 94 3 0 7 4 0
76 514 3 2 83 3 0
79 48 4 9 41 3 0
79 894 1 6 35 3 0
80 298 1 9 85 4 0
81 117 4 9 72 4 0
82 1151 2 0 41 5 0
83 315 2 2 14 3 0
84 49 2 0 94 3 0
84 232 3 4 67 4 0
86 959 3 3 75 3 0
88 473 2 0 3 4 0
88 359 2 0 84 4 0
90 384 1 9 34 3 0
90 987 1 9 30 5 0
91 556 2 5 29 5 0
91 519 3 4 39 5 0
91 14 0 9 5 4 0
91 633 1 8 24 3 0
92 395 0 6 31 5 0
93 441 3 1 22 3 0
96 797 1 1 49 4 0
97 794 1 4 47 5 0
98 332 3 7 33 4 0
99 992 1 6 28 4 0
100 318 1 2 8 3 0
102 451 0 6 2 5 0
102 547 1 1 37 3 0
102 479 0 1 64 5 0
103 710 1 1 4 5 0
105 908 4 9 48 3 0
105 205 1 8 42 4 0
106 428 4 8 54 5 0
107 800 1 4 32 4 0
108 1150 3 5 43 4 0
108 582 3 7 43 5 0
111 1168 1 8 85 3 0
112 522 1 4 87 3 0
114 135 0 9 72 3 0
116 796 4 7 41 5 0
116 534 1 5 77 4 0
117 1127 3 5 65 4 0
117 857 4 7 40 3 0
118 301 3 0 18 4 0
120 254 3 2 8 5 0
122 541 4 9 15 5 0
125 723 0 0 82 5 0
125 50 0 9 42 3 0
126 1079 4 2 67 4 0
129 1009 2 5 23 3 0
132 558 4 5 64 4 0
136 1165 2 0 22 3 0
136 575 0 7 3 5 0
136 399 1 0 83 3 0
138 531 3 2 9 4 0
140 205 2 0 68 3 0
140 766 2 1 66 4 0
140 409 4 9 10 5 0
143 449 3 7 6 5 0
144 185 1 8 49 3 0
144 339 0 0 69 5 0
148 736 4 5 50 5 0
151 111 1 1 3 5 0
152 654 4 6 71 3 0
152 975 3 2 85 3 0
154 836 2 4 33 3 0
158 544 2 5 4 3 0
158 13 1 0 55 3 0
160 512 3 5 2 4 0
160 488 4 9 3 5 0
161 146 3 0 16 4 0
161 13 1 3 62 4 0
162 771 1 6 89 4 0
162 30 2 7 48 3 0
163 108 1 7 68 5 0
164 953 3 9 9 3 0
164 1181 1 9 75 3 0
165 103 4 7 30 4 0
166 8 0 8 3 4 0
167 564 2 7 74 4 0
169 1126 2 4 69 5 0
170 343 1 8 3 5 0
170 356 3 7 4 3 0
171 269 3 3 1 3 0
171 737 1 8 94 4 0
171 270 2 0 13 4 0
171 23 0 7 30 3 0
172 318 0 6 7 4 0
172 932 2 3 82 4 0
173 547 0 4 98 4 0
175 302 0 4 96 3 0
177 1198 0 7 91 5 0
177 297 2 0 35 3 0
180 121 0 7 49 5 0
180 631 0 0 43 3 0
183 1080 2 7 19 4 0
185 683 3 0 67 4 0
186 1062 3 4 16 3 0
187 1018 3 6 78 4 0
187 605 3 1 65 4 0
188 983 3 9 49 3 0
188 633 2 9 65 4 0
189 248 4 0 92 4 0
189 1082 3 9 29 4 0
189 894 1 4 19 4 0
193 711 1 5 83 3 0
195 525 0 9 44 3 0
196 159 4 7 5 5 0
200 1035 4 6 59 3 0
200 396 3 0 74 3 0
201 1076 3 0 43 3 0
203 540 1 3 20 3 0
204 260 2 9 80 5 0
206 1083 0 6 2 4 0
207 120 4 0 94 5 0
209 1060 1 5 18 5 0
209 1184 3 7 71 3 0
209 814 0 6 15 4 0
212 584 4 8 60 5 0
213 191 1 9 19 5 0
214 411 2 3 49 4 0
214 662 1 0 60 4 0
217 893 4 5 29 3 0
219 697 0 5 41 4 0
220 1053 4 8 32 3 0
221 103 4 7 89 5 0
221 645 3 1 26 5 0
222 207 1 1 46 3 0
223 698 1 2 51 3 0
223 809 3 9 8 3 0
224 922 3 7 35 3 0
226 1136 1 4 33 4 0
227 701 0 0 12 3 0
227 587 3 1 52 5 0
227 1157 3 7 51 4 0
228 595 2 7 82 5 0
228 928 1 1 6 3 0
229 1193 4 6 31 3 0
233 603 1 8 52 3 0
235 1038 2 3 14 3 0
235 1050 3 5 44 5 0
236 199 4 1 75 3 0
236 396 3 6 13 3 0
236 285 3 6 2 3 0
236 56 0 7 23 4 0
238 465 3 2 86 5 0
238 1104 4 0 63 5 0
238 479 4 5 98 4 0
239 336 3 8 55 5 0
239 830 0 3 62 4 0
240 1116 1 6 73 5 0
241 350 0 0 88 3 0
241 122 0 6 16 5 0
242 137 2 9 56 3 0
242 1156 3 3 26 5 0
242 479 2 3 16 3 0
243 104 0 1 4 4 0
244 272 0 2 61 3 0
245 397 2 9 3 4 0
245 1045 1 8 2 5 0
247 151 2 1 84 4 0
251 594 4 3 41 5 0
252 1113 1 1 80 3 0
254 454 2 4 31 3 0
256 777 0 7 67 4 0
258 795 1 7 91 4 0
259 453 0 6 53 3 0
260 881 3 7 18 5 0
261 212 3 8 47 4 0
263 255 4 7 81 3 0
264 826 2 2 19 3 0
267 415 2 5 35 3 0
267 765 1 2 25 5 0
267 50 3 4 89 5 0
270 556 0 5 31 5 0
270 1018 3 3 84 3 0
271 85 0 0 84 4 0
271 174 3 5 87 4 0
272 253 2 7 49 3 0
274 732 1 7 14 3 0
275 830 4 9 49 4 0
275 79 3 7 10 3 0
276 269 3 8 86 4 0
276 941 1 5 67 4 0
279 1023 3 3 20 3 0
279 580 4 7 56 5 0
280 411 4 6 34 3 0
280 660 0 7 81 4 0
280 757 2 4 48 4 0
281 1029 0 4 34 4 0
282 386 1 7 12 3 0
284 134 0 8 4 4 0
286 965 1 3 23 4 0
286 781 1 5 73 4 0
287 657 3 9 56 5 0
289 1169 3 3 88 4 0
290 1016 4 6 18 5 0
291 270 2 7 94 5 0
295 111 2 7 52 4 0
296 173 2 7 58 4 0
297 576 4 0 8 5 0
299 45 2 7 65 4 0
299 767 4 5 32 4 0
301 265 2 1 51 5 0
301 1158 4 9 64 3 0
301 354 2 2 98 3 0
302 552 0 1 9 5 0
304 551 0 8 51 4 0
307 1000 1 9 53 4 0
307 124 2 9 85 5 0
310 682 3 5 59 4 0
310 875 1 3 80 3 0
312 311 4 6 49 4 0
312 218 0 2 100 5 0
315 771 3 0 55 4 0
315 1054 2 1 25 4 0
317 615 4 5 98 3 0
318 177 3 3 59 3 0
319 279 4 5 41 5 0
321 1091 0 8 28 3 0
321 154 3 6 79 3 0
322 1194 4 5 27 5 0
322 217 3 6 9 4 0
323 930 0 8 48 3 0
323 936 0 8 10 3 0
323 470 4 4 87 3 0
324 83 4 9 94 5 0
327 458 0 6 40 3 0
328 143 4 4 71 4 0
332 1155 2 6 14 3 0
334 28 0 8 45 3 0
335 906 3 5 13 3 0
336 444 2 0 58 3 0
339 791 0 9 77 5 0
340 593 4 5 74 5 0
341 994 0 1 79 4 0
342 437 0 6 38 4 0
344 799 1 2 76 5 0
344 343 1 1 33 5 0
344 144 4 0 15 3 0
344 863 2 3 77 3 0
345 869 1 5 10 4 0
347 780 1 7 58 5 0
347 808 1 1 28 3 0
348 706 1 4 2 4 0
348 806 0 4 98 4 0
349 1044 3 8 25 5 0
357 369 3 0 26 3 0
359 959 4 7 27 5 0
360 123 2 1 83 5 0
362 792 0 1 59 4 0
364 51 0 0 73 3 0
365 499 3 8 45 4 0
365 217 3 4 31 4 0
366 1013 0 0 51 4 0
367 1125 2 7 22 4 0
367 954 3 3 98 3 0
368 913 3 8 4 3 0
369 390 0 5 89 4 0
369 1151 1 7 42 3 0
370 824 4 0 87 5 0
370 3 0 7 81 4 0
376 519 3 5 11 4 0
377 1138 0 3 17 4 0
379 186 1 2 60 4 0
379 941 4 7 2 4 0
379 566 3 0 61 5 0
380 645 2 4 97 5 0
383 351 4 9 63 4 0
383 539 1 3 57 4 0
384 322 1 8 69 3 0
385 248 2 0 23 4 0
386 182 3 1 10 5 0
387 772 0 8 12 4 0
387 1153 4 7 36 4 0
391 1158 0 0 3 3 0
391 1098 0 0 23 4 0
394 1075 1 7 63 4 0
395 473 3 6 72 3 0
396 693 0 5 35 3 0
401 1012 2 3 83 4 0
403 32 4 3 33 5 0
410 1097 0 1 88 5 0
414 247 0 8 44 3 0
415 233 3 0 60 5 0
416 817 1 3 89 4 0
416 109 0 6 2 5 0
419 131 1 8 14 5 0
420 103 2 8 44 3 0
425 1046 3 2 91 5 0
428 965 3 4 74 4 0
428 1026 3 8 28 5 0
428 184 4 4 9 3 0
428 438 2 2 82 5 0
429 130 4 5 83 5 0
430 1026 0 0 11 3 0
430 283 1 6 15 5 0
431 1132 0 6 47 4 0
432 1094 2 2 43 5 0
433 423 0 0 95 5 0
434 58 4 3 40 4 0
435 247 0 4 98 3 0
436 60 1 9 10 4 0
437 1002 4 3 16 3 0
440 668 4 2 77 5 0
441 1110 3 7 59 4 0
442 886 0 6 75 3 0
443 425 2 4 56 4 0
443 1119 3 2 45 4 0
444 1111 3 7 84 3 0
445 686 3 0 100 3 0
445 218 3 2 66 4 0
445 407 2 1 18 4 0
446 1056 1 1 33 4 0
446 181 2 5 27 5 0
447 149 2 5 7 4 0
447 709 1 5 80 3 0
448 156 1 4 71 5 0
449 289 1 6 80 4 0
450 283 2 6 81 5 0
452 56 3 9 60 4 0
453 792 4 0 70 4 0
454 329 1 5 39 5 0
455 825 4 4 57 3 0
457 532 1 8 28 4 0
458 794 0 9 77 4 0
459 710 1 6 34 5 0
460 170 3 5 40 4 0
461 106 3 4 66 3 0
462 241 1 7 94 4 0
464 903 2 3 94 4 0
464 1109 4 3 2 4 0
464 1018 1 1 18 5 0
466 682 4 9 46 3 0
467 466 3 3 24 5 0
468 370 2 7 32 4 0
468 419 0 8 94 3 0
469 334 3 9 76 4 0
469 1064 3 7 27 4 0
469 801 2 0 98 3 0
472 32 4 0 53 3 0
473 590 4 5 62 4 0
473 233 2 4 76 3 0
475 999 3 9 79 3 0
475 954 2 6 33 4 0
477 1175 2 2 69 3 0
477 855 4 1 12 4 0
478 925 1 6 82 5 0
478 346 4 5 94 3 0
479 507 4 9 45 5 0
480 143 0 4 95 5 0
480 1176 1 5 83 3 0
485 501 0 3 81 4 0
485 415 4 9 1 3 0
490 274 2 3 36 4 0
493 951 4 8 4 5 0
493 221 1 0 71 5 0
493 973 2 1 81 3 0
494 1102 3 8 29 4 0
494 167 3 1 35 3 0
495 649 2 5 78 3 0
495 317 1 5 29 5 0
496 203 2 0 57 4 0
498 556 4 0 32 5 0
499 1182 0 9 11 3 0
503 488 4 8 13 3 0
503 647 3 3 1 3 0
504 408 2 5 4 4 0
504 674 2 9 73 4 0
506 350 1 1 73 3 0
506 169 0 5 80 5 0
507 1172 3 7 53 3 0
508 963 0 1 49 4 0
510 924 0 8 1 4 0
511 251 2 9 7 5 0
513 123 3 5 43 5 0
513 376 3 8 37 5 0
513 561 3 8 88 5 0
516 763 3 2 68 4 0
516 157 3 6 27 4 0
517 318 0 1 38 3 0
517 111 1 3 91 3 0
518 471 2 8 98 5 0
519 864 4 1 90 4 0
519 645 4 2 93 3 0
519 120 1 3 76 4 0
522 207 0 0 49 4 0
523 993 2 1 81 5 0
526 371 4 2 55 4 0
526 423 3 0 25 4 0
528 579 2 9 18 5 0
528 608 2 7 81 4 0
529 636 4 5 31 5 0
529 730 1 6 70 5 0
532 948 1 9 15 3 0
533 999 0 7 69 4 0
533 1000 1 9 14 5 0
533 551 4 5 90 5 0
534 325 0 6 94 5 0
534 850 1 7 96 5 0
535 54 0 7 58 3 0
537 875 0 5 95 5 0
537 319 1 2 42 3 0
541 612 4 0 22 3 0
542 20 0 7 16 5 0
543 23 4 6 44 3 0
546 1034 2 9 45 4 0
548 624 2 1 43 5 0
548 75 0 4 30 5 0
550 136 0 4 92 5 0
552 740 0 2 7 4 0
557 601 3 8 96 5 0
559 460 3 3 8 5 0
559 581 4 4 43 3 0
559 663 3 6 73 5 0
559 491 3 8 60 3 0
561 55 2 1 92 5 0
561 1113 1 9 33 3 0
562 751 4 2 50 4 0
563 451 0 8 7 3 0
564 208 3 5 3 5 0
566 139 0 1 59 3 0
569 530 2 2 38 4 0
569 186 3 2 32 5 0
570 1081 2 9 84 3 0
572 1017 2 9 26 4 0
575 373 4 3 40 5 0
575 594 2 1 36 5 0
577 23 0 6 45 3 0
577 809 0 0 79 4 0
578 596 0 2 82 4 0
578 921 3 3 62 5 0
579 778 0 5 45 5 0
579 134 2 2 70 4 0
582 633 0 3 11 5 0
583 783 3 1 21 5 0
583 242 0 0 20 4 0
586 540 3 8 60 3 0
586 443 1 1 71 4 0
587 904 3 3 21 5 0
587 891 2 4 45 4 0
587 132 4 2 87 3 0
587 795 0 3 66 5 0
588 1030 3 3 33 4 0
590 1011 3 0 74 5 0
590 57 2 6 27 5 0
591 129 0 6 88 5 0
592 1121 2 2 67 3 0
594 457 0 7 43 4 0
594 631 1 1 67 3 0
595 348 3 9 63 3 0
601 533 2 7 12 4 0
604 1015 3 6 96 3 0
604 315 3 6 100 4 0
605 876 0 2 63 3 0
607 634 0 4 39 4 0
608 710 1 1 39 4 0
609 666 1 2 77 5 0
609 682 2 8 51 4 0
609 711 4 3 27 5 0
611 1098 4 6 32 5 0
611 578 1 2 4 3 0
611 1130 4 3 37 4 0
612 524 2 8 83 3 0
614 693 4 7 50 5 0
614 397 1 5 46 3 0
617 372 3 1 65 5 0
618 958 1 7 81 4 0
618 467 1 0 10 5 0
619 533 4 0 69 4 0
621 277 1 0 44 5 0
621 437 3 8 37 5 0
623 452 4 9 44 5 0
625 692 1 2 6 4 0
625 1076 2 7 16 4 0
625 468 4 5 83 5 0
626 536 1 7 56 5 0
626 274 4 1 95 4 0
626 863 2 4 98 4 0
626 673 4 6 44 4 0
630 1136 4 0 6 3 0
630 994 0 2 44 5 0
632 636 4 5 45 4 0
632 26 3 9 54 4 0
635 1198 1 4 82 4 0
639 323 3 6 53 3 0
639 1190 0 6 77 4 0
641 736 1 8 84 5 0
642 565 4 8 11 3 0
644 988 2 8 44 4 0
646 232 0 2 72 4 0
647 279 3 9 79 4 0
648 147 0 4 78 5 0
649 724 3 3 56 4 0
649 582 3 4 56 3 0
649 458 3 6 10 4 0
651 355 2 1 10 5 0
651 332 0 3 14 4 0
652 425 1 8 67 4 0
652 948 2 9 51 3 0
653 341 2 1 85 4 0
653 822 3 2 35 5 0
654 238 4 4 28 4 0
655 238 0 3 93 5 0
658 97 0 1 80 3 0
659 932 3 2 22 5 0
664 289 0 0 17 4 0
664 188 1 6 52 4 0
666 84 4 1 93 3 0
670 459 1 6 7 5 0
670 949 2 2 44 3 0
670 110 3 0 52 5 0
670 43 4 5 43 4 0
671 697 4 3 13 4 0
673 543 4 5 79 4 0
673 663 3 0 40 4 0
674 981 2 2 93 3 0
676 193 2 8 7 3 0
676 712 1 8 1 3 0
678 405 2 4 94 5 0
680 854 0 0 100 3 0
680 494 1 6 43 3 0
681 304 2 1 28 4 0
683 163 4 9 31 4 0
685 1100 4 5 60 5 0
688 1153 1 5 27 5 0
691 692 1 9 99 5 0
694 639 4 9 67 3 0
694 1119 0 2 100 5 0
694 1025 3 8 70 4 0
694 653 2 9 10 4 0
696 553 1 9 66 3 0
696 234 1 1 47 5 0
697 410 4 2 8 5 0
702 782 0 8 26 5 0
702 318 4 8 50 4 0
704 843 2 6 70 3 0
706 1155 1 2 37 3 0
707 639 3 9 91 4 0
708 1155 0 1 55 4 0
709 610 3 2 4 3 0
710 165 3 4 50 4 0
715 126 2 3 67 3 0
715 170 0 8 20 3 0
717 489 0 8 57 5 0
717 1195 1 5 96 3 0
718 1126 4 9 31 5 0
721 168 4 3 51 5 0
723 442 2 4 64 3 0
725 347 2 8 91 5 0
725 319 3 3 40 5 0
727 872 0 4 58 5 0
728 186 4 9 94 4 0
728 521 4 0 66 4 0
732 913 3 7 9 5 0
733 1003 1 2 13 3 0
733 887 4 1 99 5 0
735 1047 3 3 77 5 0
736 348 3 8 15 3 0
737 576 2 8 49 5 0
737 103 1 0 18 3 0
740 311 2 6 81 4 0
740 137 0 7 43 5 0
740 505 2 4 84 5 0
741 647 1 8 7 5 0
743 74 3 3 66 4 0
745 284 3 6 49 5 0
746 1157 3 3 29 4 0
749 336 2 3 85 5 0
750 747 4 1 79 3 0
750 552 4 2 9 5 0
752 718 4 6 69 4 0
752 245 2 2 53 4 0
755 505 0 7 8 3 0
757 1096 2 5 75 4 0
757 447 4 2 57 5 0
758 467 0 4 73 4 0
758 346 2 6 66 4 0
762 730 0 6 92 3 0
762 842 2 2 81 3 0
766 143 4 2 89 5 0
766 714 1 3 44 4 0
766 346 3 8 17 4 0
768 1196 2 2 72 3 0
768 555 1 7 54 3 0
769 777 2 8 69 4 0
770 1009 0 2 22 4 0
771 15 3 1 90 3 0
774 686 1 3 93 3 0
775 593 4 4 17 3 0
776 240 3 7 72 5 0
777 968 0 7 12 5 0
777 334 3 5 74 5 0
779 944 2 1 17 3 0
780 1160 3 2 46 4 0
784 1174 2 0 33 5 0
785 841 1 1 59 3 0
786 913 2 9 93 3 0
788 884 2 6 96 3 0
790 38 2 4 42 5 0
791 393 1 5 32 5 0
791 742 1 8 77 4 0
794 1109 3 8 48 5 0
796 855 3 2 22 5 0
796 595 2 9 54 3 0
797 1087 0 1 48 4 0
797 911 3 1 43 4 0
798 1110 2 1 91 4 0
799 59 3 5 47 3 0
800 658 4 2 52 3 0
800 507 4 1 25 5 0
800 956 0 8 19 5 0
804 948 1 4 7 3 0
805 1061 4 3 31 3 0
805 291 2 4 6 5 0
806 87 0 6 69 3 0
807 956 1 0 77 5 0
807 186 0 7 15 3 0
807 590 3 5 43 3 0
807 1105 3 4 70 4 0
809 970 4 1 23 4 0
810 707 4 2 2 3 0
811 863 1 1 45 3 0
811 666 3 8 30 3 0
812 3 1 4 15 3 0
814 787 1 2 58 3 0
814 918 0 9 9 4 0
817 616 2 2 14 3 0
817 662 4 1 16 4 0
818 1100 3 2 59 5 0
821 306 0 6 93 5 0
824 236 4 2 52 5 0
825 626 1 6 72 4 0
829 5 4 3 23 5 0
834 986 1 1 42 3 0
834 549 1 1 91 4 0
835 446 4 7 89 3 0
836 298 1 9 94 3 0
837 628 0 0 33 5 0
839 750 4 3 90 5 0
846 856 0 4 94 4 0
848 534 0 0 20 4 0
852 250 1 9 20 4 0
852 919 1 2 59 4 0
854 365 1 8 2 5 0
854 747 2 0 44 3 0
855 82 1 4 86 5 0
856 86 4 8 83 4 0
857 823 1 6 89 4 0
858 842 4 2 57 4 0
858 294 2 2 67 3 0
858 418 4 7 42 4 0
859 240 0 9 41 4 0
860 845 1 0 8 3 0
862 210 2 9 88 3 0
862 1101 1 7 88 3 0
864 355 1 4 2 4 0
865 1197 1 2 59 4 0
865 1063 0 4 33 3 0
867 914 4 0 8 4 0
868 78 0 3 73 3 0
869 604 2 3 48 3 0
870 431 1 6 28 3 0
870 46 2 6 4 4 0
870 614 4 8 22 5 0
871 845 0 9 63 3 0
872 1113 0 0 66 5 0
874 805 4 4 21 5 0
874 895 4 6 57 5 0
875 27 4 9 16 3 0
876 741 4 4 13 5 0
877 724 4 2 28 5 0
878 444 4 2 99 5 0
878 946 1 4 30 3 0
880 970 3 0 42 4 0
880 656 3 9 72 4 0
883 1098 3 1 14 4 0
884 1130 1 2 79 5 0
884 59 3 2 29 5 0
885 188 0 6 94 5 0
888 488 3 3 82 4 0
891 1163 4 0 13 5 0
893 663 0 4 73 3 0
894 798 0 9 91 5 0
896 219 3 3 57 5 0
898 226 3 7 78 5 0
898 1045 1 3 95 5 0
899 843 1 4 67 3 0
899 49 3 3 78 5 0
902 863 0 5 23 4 0
902 438 1 4 32 3 0
903 774 1 4 89 5 0
903 210 0 8 26 5 0
905 864 2 0 24 5 0
905 502 4 6 71 5 0
906 597 1 2 39 3 0
907 752 1 3 46 5 0
909 806 4 4 79 4 0
909 143 1 5 21 4 0
910 448 1 5 65 4 0
911 698 1 2 72 5 0
911 443 2 1 93 3 0
917 106 2 2 32 3 0
917 125 0 5 53 4 0
918 1036 0 3 90 3 0
919 1114 0 1 78 5 0
919 1079 4 3 64 5 0
920 397 0 5 69 3 0
922 227 2 1 15 5 0
928 322 2 7 21 3 0
929 73 1 2 58 3 0
932 1133 1 8 40 5 0
932 88 0 8 18 4 0
933 207 0 4 80 3 0
935 117 4 8 91 5 0
936 363 3 5 84 4 0
936 547 3 0 22 3 0
938 451 4 9 27 5 0
938 743 1 3 59 3 0
939 349 4 4 86 5 0
940 164 4 4 59 5 0
941 245 2 4 46 5 0
941 1103 3 8 37 5 0
941 801 0 7 11 4 0
942 954 3 2 36 4 0
946 1050 4 9 82 3 0
949 232 1 5 38 4 0
950 300 0 4 77 5 0
952 507 2 4 33 4 0
953 85 3 8 7 5 0
953 1036 1 6 16 4 0
954 1110 1 0 54 5 0
955 314 0 9 32 5 0
956 13 2 0 28 3 0
957 327 3 4 84 4 0
957 371 2 0 21 4 0
959 952 3 0 71 4 0
961 803 0 7 85 3 0
961 200 4 3 8 3 0
962 258 4 9 56 4 0
962 1031 4 3 8 5 0
964 154 3 4 38 4 0
965 1034 0 9 57 3 0
965 382 0 3 33 5 0
965 1187 1 9 5 4 0
968 784 0 8 8 4 0
968 409 3 7 20 5 0
969 360 3 8 9 4 0
971 801 4 2 91 4 0
972 939 2 5 77 5 0
974 391 3 4 59 4 0
976 582 0 0 53 4 0
976 1038 0 5 47 5 0
977 288 0 2 97 4 0
977 779 3 5 89 3 0
978 659 3 0 25 5 0
979 1002 1 9 38 3 0
981 587 3 2 99 3 0
984 481 3 1 5 3 0
987 92 4 7 79 4 0
987 876 4 6 21 5 0
987 772 4 8 82 4 0
989 1031 1 2 38 4 0
990 405 0 4 51 4 0
991 134 3 7 66 4 0
991 382 4 9 9 4 0
992 757 0 0 42 5 0
992 1053 4 0 42 4 0
993 739 3 9 54 3 0
993 654 2 2 8 3 0
995 574 4 6 46 5 0
997 477 0 9 11 5 0
997 1021 0 7 26 4 0
998 884 2 8 94 5 0
998 478 1 4 37 4 0
999 298 2 7 65 3 0
1000 317 1 8 83 3 0
1001 565 1 7 47 3 0
1002 193 1 8 68 5 0
1002 101 3 4 46 3 0
1002 529 0 9 100 5 0
1003 954 2 9 43 3 0
1005 46 0 9 2 5 0
1008 140 2 9 73 4 0
1009 11 4 6 57 4 0
1010 177 4 2 89 5 0
1016 533 2 0 20 3 0
1016 812 1 0 44 3 0
1016 596 2 8 83 5 0
1020 554 2 8 14 4 0
1021 954 3 8 58 5 0
1021 254 3 4 82 4 0
1022 301 4 8 9 5 0
1022 721 2 9 18 5 0
1022 1043 2 4 72 5 0
1023 486 1 1 86 4 0
1024 669 0 8 51 3 0
1024 1160 2 2 77 3 0
1028 111 0 6 38 4 0
1028 1122 0 9 29 5 0
1029 383 3 1 6 4 0
1030 870 4 5 60 4 0
1030 800 0 1 42 4 0
1032 69 3 4 2 5 0
1032 423 3 8 50 3 0
1034 498 0 2 25 3 0
1034 200 0 7 83 3 0
1034 488 0 1 93 4 0
1035 1160 3 7 88 3 0
1035 565 1 0 84 5 0
1037 918 1 6 65 3 0
1039 57 4 3 66 3 0
1040 166 0 6 85 4 0
1045 703 1 4 3 3 0
1046 795 2 4 28 3 0
1047 928 3 9 85 3 0
1048 1131 3 1 74 5 0
1048 27 1 0 50 5 0
1049 1098 1 6 69 3 0
1049 1148 0 1 68 5 0
1050 719 3 8 87 3 0
1053 12 0 0 39 3 0
1053 1049 2 5 91 4 0
1055 35 2 2 74 3 0
1055 970 1 5 70 3 0
1055 533 0 2 49 5 0
1056 653 4 0 94 3 0
1056 1181 1 4 14 4 0
1058 1079 3 5 28 4 0
1061 705 1 8 22 5 0
1062 21 4 2 91 3 0
1063 603 2 6 68 3 0
1063 172 3 3 94 5 0
1065 1125 3 8 48 4 0
1070 535 0 4 57 3 0
1070 1100 1 5 46 4 0
1070 278 0 4 32 4 0
1071 695 4 7 96 5 0
1072 271 4 9 93 4 0
1072 321 3 5 32 5 0
1072 536 3 4 89 4 0
1072 1024 2 2 84 5 0
1072 611 3 2 7 4 0
1073 1052 0 7 68 5 0
1075 135 1 9 2 3 0
1075 1043 2 8 29 5 0
1077 507 0 3 50 3 0
1078 923 4 4 33 3 0
1085 627 3 6 50 4 0
1088 790 2 8 91 3 0
1089 1044 2 4 40 5 0
1091 44 4 7 15 4 0
1091 1148 4 0 60 5 0
1092 702 3 5 53 4 0
1101 1044 2 7 15 4 0
1103 60 4 2 94 5 0
1105 81 2 6 92 5 0
1106 1083 1 6 68 5 0
1106 956 3 0 75 3 0
1106 991 0 2 95 4 0
1106 75 3 7 67 5 0
1109 1066 2 4 58 4 0
1109 62 0 7 96 5 0
1114 567 4 8 14 3 0
1115 152 0 5 50 4 0
1115 1042 4 3 18 4 0
1121 1186 3 3 61 4 0
1124 595 4 4 18 5 0
1124 733 4 3 38 4 0
1125 401 4 0 94 3 0
1127 559 3 8 70 5 0
1127 126 0 3 19 4 0
1128 51 3 4 74 3 0
1128 1069 0 9 26 4 0
1129 3 0 7 57 5 0
1129 679 3 8 40 5 0
1130 1052 1 0 13 5 0
1130 695 3 0 23 3 0
1130 479 0 4 23 5 0
1131 299 3 0 33 3 0
1134 337 4 1 42 3 0
1135 238 1 7 44 3 0
1135 1146 3 7 41 3 0
1137 289 2 2 65 3 0
1137 840 1 2 89 3 0
1138 909 0 8 24 5 0
1140 933 2 0 8 5 0
1140 60 4 2 57 3 0
1140 741 2 6 74 5 0
1143 7 4 4 93 4 0
1148 646 1 9 84 3 0
1149 1010 0 6 53 3 0
1149 654 0 7 40 3 0
1150 349 1 8 39 4 0
1150 1021 3 1 8 4 0
1150 377 4 0 66 5 0
1151 703 3 2 1 4 0
1151 958 0 9 44 5 0
1152 544 4 5 74 4 0
1153 409 3 5 84 5 0
1155 859 2 3 13 3 0
1156 1029 1 8 9 3 0
1160 362 3 4 57 3 0
1162 5 0 2 70 3 0
1166 881 2 1 81 3 0
1167 186 1 3 21 5 0
1168 179 1 5 31 5 0
1169 741 0 9 42 5 0
1169 519 3 4 38 3 0
1169 843 2 1 39 5 0
1169 1132 1 8 72 5 0
1170 1126 3 8 27 5 0
1171 996 1 1 61 5 0
1172 1164 4 0 14 5 0
1174 123 1 9 11 3 0
1177 588 0 3 54 5 0
1177 713 3 3 63 4 0
1177 886 1 4 89 5 0
1179 1097 0 3 83 4 0
1180 1189 3 2 76 5 0
1180 1049 4 1 90 3 0
1181 307 1 1 5 3 0
1181 615 4 6 50 4 0
1182 321 2 9 66 5 0
1185 417 3 1 1 4 0
1191 609 3 6 8 5 0
1191 153 3 4 55 3 0
1192 226 4 8 4 5 0
1192 422 1 5 80 3 0
1192 821 0 0 10 4 0
1193 464 1 1 81 4 0
1193 666 2 7 20 3 0
1193 71 2 3 42 4 0
1193 107 2 2 54 4 0
1195 84 0 1 28 5 0
1195 977 1 9 36 5 0
1197 32 1 9 19 5 0
1198 981 3 0 56 5 0

