10

5
0 20 20 20 20 20 20 20 20 20 20
1 20 20 20 20 20 20 20 20 20 20
2 20 20 20 20 20 20 20 20 20 20
3 20 20 20 20 20 20 20 20 20 20
4 20 20 20 20 20 20 20 20 20 20

25
300 900 100000 6 3
0 126 7 2
1 106 3 6
2 130 10 8
4 126 4 4
5 120 6 6
9 127 2 9
600 600 100000 6 3
0 112 2 2
1 112 5 5
3 119 5 3
6 139 2 1
7 117 4 4
9 136 4 1
900 1200 100000 6 4
0 109 5 9
2 127 3 3
4 125 2 3
5 149 10 7
7 122 4 2
9 138 1 9
900 300 100000 6 2
0 141 6 7
1 129 9 1
2 142 3 2
3 129 9 6
4 100 2 10
6 147 2 2
0 900 100000 6 0
0 132 1 3
1 101 9 3
3 119 3 7
4 117 2 7
5 106 4 4
8 112 4 2
1200 0 100000 6 1
1 131 1 3
2 112 5 7
4 106 5 4
6 123 10 5
7 109 2 1
8 117 1 7
900 900 100000 6 0
1 130 4 1
4 144 9 2
5 148 9 10
6 121 1 3
7 117 5 10
9 106 1 1
0 1200 100000 6 0
1 128 1 3
3 139 7 9
4 125 7 5
5 100 8 2
6 137 8 6
9 114 4 5
900 0 100000 6 2
0 122 3 2
3 147 6 1
5 148 2 8
6 115 9 3
7 118 1 3
9 143 6 6
1200 300 100000 6 2
0 115 7 7
2 144 9 5
3 132 10 5
6 139 2 8
7 117 6 3
8 129 4 8
300 300 100000 6 1
0 133 4 6
1 125 4 9
2 132 5 8
4 140 3 3
5 108 5 1
8 136 2 3
1200 900 100000 6 2
1 102 9 1
2 130 8 7
3 145 9 2
4 141 3 5
5 132 9 7
7 110 8 8
900 600 100000 6 3
1 112 8 7
2 129 2 5
3 140 9 2
4 113 4 5
7 113 9 5
8 127 8 2
300 1200 100000 6 0
2 109 1 6
3 124 3 5
4 132 3 9
5 104 3 10
8 132 9 1
9 107 5 7
600 300 100000 6 1
1 145 1 3
3 111 2 8
6 145 10 10
7 147 5 3
8 115 5 4
9 107 2 9
300 600 100000 6 3
3 134 3 9
5 103 8 2
6 132 1 5
7 101 5 6
8 116 5 9
9 125 2 6
0 300 100000 6 2
0 126 1 1
1 138 4 7
2 134 9 8
3 105 5 8
7 144 9 5
9 121 2 8
600 900 100000 6 1
0 111 4 3
1 114 5 1
2 107 1 4
3 127 9 10
5 124 5 10
9 121 10 9
0 0 100000 6 0
0 111 3 4
1 135 6 3
2 109 5 2
5 110 9 5
7 129 4 2
8 107 3 1
600 0 100000 6 4
0 116 1 8
2 100 6 5
4 144 8 8
5 150 5 1
8 101 1 2
9 101 9 5
0 600 100000 6 4
0 125 1 5
1 147 1 9
4 137 2 1
6 120 2 8
7 127 2 6
9 133 1 1
300 0 100000 6 4
0 123 9 2
1 145 9 2
3 145 2 4
5 116 10 8
7 129 8 1
9 102 8 2
600 1200 100000 6 3
0 108 6 10
2 147 10 8
3 146 6 8
4 131 1 5
8 138 2 6
9 147 4 5
1200 1200 100000 6 4
0 111 9 1
2 149 9 1
3 140 2 4
4 106 8 8
8 133 5 4
9 103 7 4
1200 600 100000 6 1
1 113 4 4
3 146 8 8
4 141 6 3
5 129 9 7
6 104 1 3
7 130 4 10

500
4 1022 3 9 77 4 0
9 367 4 5 55 4 0
10 559 3 7 98 4 0
12 401 0 0 53 3 0
14 1185 2 8 8 5 0
16 1070 1 1 66 3 0
21 299 0 7 15 3 0
22 263 2 8 21 5 0
24 431 0 8 34 4 0
25 537 0 6 14 4 0
28 1055 1 6 48 5 0
34 376 0 5 48 5 0
36 618 2 7 74 4 0
39 998 1 6 64 4 0
44 591 0 1 4 3 0
45 1088 0 5 55 5 0
46 755 0 1 27 5 0
48 825 1 6 82 3 0
49 528 1 4 45 3 0
51 493 2 9 28 5 0
54 428 4 6 82 4 0
56 1053 3 6 55 3 0
59 362 3 1 7 3 0
62 480 1 9 51 5 0
62 495 1 9 87 5 0
63 1039 1 3 52 3 0
65 1182 1 4 1 5 0
70 460 0 4 84 4 0
71 307 2 2 56 3 0
71 84 4 0 44 5 0
76 1002 2 2 63 5 0
79 158 3 5 1 3 0
80 136 2 8 80 5 0
81 221 2 3 28 4 0
82 107 0 3 21 3 0
83 1131 2 6 32 5 0
84 872 2 6 18 3 0
86 632 0 1 100 5 0
88 728 0 1 89 3 0
90 775 3 4 10 3 0
90 1085 4 7 80 4 0
91 771 4 2 21 5 0
91 347 1 3 60 4 0
91 587 3 6 5 4 0
91 200 3 1 16 5 0
97 1075 0 3 31 3 0
98 796 2 0 51 3 0
102 478 4 7 43 3 0
102 623 0 5 32 3 0
103 586 1 0 57 4 0
105 997 3 8 46 3 0
108 1169 3 4 82 5 0
111 790 2 1 37 5 0
116 1032 1 4 24 4 0
116 299 0 8 74 5 0
118 507 1 8 35 4 0
120 737 2 0 78 5 0
122 347 3 7 96 3 0
126 163 4 2 84 4 0
129 880 4 6 42 5 0
132 1065 2 1 80 3 0
136 322 2 5 79 5 0
138 651 1 3 81 4 0
140 391 4 8 25 4 0
140 55 4 3 50 3 0
140 183 0 6 49 5 0
144 529 4 2 40 4 0
148 233 3 2 50 4 0
151 936 1 4 96 3 0
152 533 1 4 59 3 0
152 1121 4 3 97 4 0
160 302 0 0 18 5 0
160 28 2 4 4 5 0
161 965 1 4 86 3 0
161 987 3 2 47 3 0
162 462 0 8 78 5 0
164 58 2 0 31 3 0
165 572 0 4 15 3 0
166 170 4 2 62 5 0
169 455 4 6 62 3 0
170 965 4 1 73 3 0
171 448 1 3 91 3 0
171 75 4 8 49 3 0
173 992 2 8 25 4 0
177 981 3 1 46 4 0
177 383 0 8 87 5 0
180 858 2 5 85 4 0
180 510 3 5 54 3 0
185 100 4 8 45 3 0
186 117 2 1 65 5 0
187 46 2 9 16 5 0
188 932 0 5 64 4 0
189 938 2 9 71 5 0
189 651 3 4 65 4 0
195 940 4 3 79 5 0
200 583 0 1 96 3 0
201 984 3 8 60 4 0
204 282 4 0 68 4 0
206 5 0 1 80 4 0
207 766 3 5 40 3 0
209 227 3 9 20 3 0
209 370 3 7 53 4 0
209 158 2 3 90 5 0
214 41 1 2 98 3 0
219 1008 0 8 39 4 0
221 171 0 5 1 5 0
223 187 1 2 77 3 0
223 1174 3 6 62 3 0
226 1022 3 7 88 3 0
229 241 0 7 54 5 0
238 504 3 8 63 4 0
238 236 4 2 97 3 0
239 295 3 3 92 5 0
240 903 0 4 64 3 0
241 464 0 5 87 3 0
242 1173 4 7 42 3 0
242 53 1 2 97 3 0
242 892 1 8 20 5 0
243 639 0 0 77 3 0
254 130 2 2 36 3 0
256 223 4 1 36 3 0
259 338 3 0 85 4 0
260 907 1 2 10 3 0
264 1093 1 8 56 3 0
267 434 4 4 45 5 0
267 1072 0 0 92 3 0
267 737 4 2 46 5 0
271 614 2 2 34 5 0
271 467 1 2 81 5 0
272 994 1 6 89 5 0
274 1084 2 0 92 3 0
275 1115 4 6 46 4 0
275 679 1 3 18 5 0
276 115 1 4 37 3 0
279 370 3 9 37 4 0
279 836 1 1 46 4 0
280 2 0 2 19 4 0
280 359 4 7 26 4 0
281 215 0 6 15 4 0
286 904 3 1 91 4 0
287 415 3 9 42 5 0
290 252 4 6 8 3 0
296 892 1 6 75 5 0
301 562 4 6 6 4 0
301 540 0 5 92 4 0
304 524 0 8 53 4 0
310 338 3 7 6 3 0
310 789 3 0 67 3 0
315 33 0 8 54 3 0
317 642 1 3 50 3 0
319 758 0 9 74 4 0
322 922 3 7 35 3 0
323 587 3 3 35 3 0
324 1085 2 5 55 5 0
327 357 4 7 9 5 0
328 996 0 3 15 4 0
334 5 4 4 80 5 0
339 9 0 9 66 3 0
340 645 1 6 72 3 0
344 396 1 1 90 5 0
344 379 1 0 57 5 0
345 295 3 2 87 4 0
357 71 3 0 53 3 0
360 707 2 2 23 4 0
364 957 4 1 92 3 0
366 208 0 2 42 4 0
367 1015 2 1 60 5 0
369 965 2 8 85 5 0
379 647 3 1 29 4 0
380 49 4 4 21 4 0
385 9 2 1 44 4 0
387 1045 2 0 96 4 0
395 393 1 4 15 4 0
403 1107 0 5 21 3 0
414 602 1 3 6 4 0
416 94 3 0 7 4 0
416 514 3 2 83 3 0
420 48 4 9 41 3 0
425 894 1 6 35 3 0
428 298 1 9 85 4 0
430 117 4 9 72 4 0
432 1151 2 0 41 5 0
437 315 2 2 14 3 0
441 49 2 0 94 3 0
442 232 3 4 67 4 0
443 959 3 3 75 3 0
444 473 2 0 3 4 0
445 359 2 0 84 4 0
446 384 1 9 34 3 0
447 987 1 9 30 5 0
447 556 2 5 29 5 0
450 519 3 4 39 5 0
453 14 0 9 5 4 0
454 633 1 8 24 3 0
457 395 0 6 31 5 0
458 441 3 1 22 3 0
461 797 1 1 49 4 0
464 794 1 4 47 5 0
466 332 3 7 33 4 0
468 992 1 6 28 4 0
469 318 1 2 8 3 0
472 451 0 6 2 5 0
473 547 1 1 37 3 0
475 479 0 1 64 5 0
477 710 1 1 4 5 0
478 908 4 9 48 3 0
479 205 1 8 42 4 0
485 428 4 8 54 5 0
490 800 1 4 32 4 0
493 1150 3 5 43 4 0
494 582 3 7 43 5 0
495 1168 1 8 85 3 0
498 522 1 4 87 3 0
499 135 0 9 72 3 0
503 796 4 7 41 5 0
504 534 1 5 77 4 0
506 1127 3 5 65 4 0
511 857 4 7 40 3 0
513 301 3 0 18 4 0
513 254 3 2 8 5 0
513 541 4 9 15 5 0
516 723 0 0 82 5 0
516 50 0 9 42 3 0
517 1079 4 2 67 4 0
518 1009 2 5 23 3 0
519 558 4 5 64 4 0
519 1165 2 0 22 3 0
523 575 0 7 3 5 0
526 399 1 0 83 3 0
526 531 3 2 9 4 0
529 205 2 0 68 3 0
532 766 2 1 66 4 0
533 409 4 9 10 5 0
534 449 3 7 6 5 0
537 185 1 8 49 3 0
541 339 0 0 69 5 0
550 736 4 5 50 5 0
557 111 1 1 3 5 0
559 654 4 6 71 3 0
559 975 3 2 85 3 0
561 836 2 4 33 3 0
561 544 2 5 4 3 0
562 13 1 0 55 3 0
564 512 3 5 2 4 0
566 488 4 9 3 5 0
569 146 3 0 16 4 0
569 13 1 3 62 4 0
570 771 1 6 89 4 0
577 30 2 7 48 3 0
578 108 1 7 68 5 0
579 953 3 9 9 3 0
582 1181 1 9 75 3 0
583 103 4 7 30 4 0
587 8 0 8 3 4 0
587 564 2 7 74 4 0
590 1126 2 4 69 5 0
590 343 1 8 3 5 0
594 356 3 7 4 3 0
604 269 3 3 1 3 0
604 737 1 8 94 4 0
607 270 2 0 13 4 0
609 23 0 7 30 3 0
609 318 0 6 7 4 0
611 932 2 3 82 4 0
612 547 0 4 98 4 0
614 302 0 4 96 3 0
614 1198 0 7 91 5 0
617 297 2 0 35 3 0
619 121 0 7 49 5 0
621 631 0 0 43 3 0
625 1080 2 7 19 4 0
625 683 3 0 67 4 0
625 1062 3 4 16 3 0
626 1018 3 6 78 4 0
630 605 3 1 65 4 0
632 983 3 9 49 3 0
635 633 2 9 65 4 0
639 248 4 0 92 4 0
641 1082 3 9 29 4 0
642 894 1 4 19 4 0
646 711 1 5 83 3 0
648 525 0 9 44 3 0
649 159 4 7 5 5 0
649 1035 4 6 59 3 0
653 396 3 0 74 3 0
654 1076 3 0 43 3 0
655 540 1 3 20 3 0
659 260 2 9 80 5 0
664 1083 0 6 2 4 0
666 120 4 0 94 5 0
670 1060 1 5 18 5 0
670 1184 3 7 71 3 0
671 814 0 6 15 4 0
673 584 4 8 60 5 0
674 191 1 9 19 5 0
676 411 2 3 49 4 0
678 662 1 0 60 4 0
680 893 4 5 29 3 0
680 697 0 5 41 4 0
683 1053 4 8 32 3 0
685 103 4 7 89 5 0
688 645 3 1 26 5 0
691 207 1 1 46 3 0
694 698 1 2 51 3 0
694 809 3 9 8 3 0
694 922 3 7 35 3 0
696 1136 1 4 33 4 0
702 701 0 0 12 3 0
702 587 3 1 52 5 0
707 1157 3 7 51 4 0
715 595 2 7 82 5 0
717 928 1 1 6 3 0
718 1193 4 6 31 3 0
721 603 1 8 52 3 0
723 1038 2 3 14 3 0
725 1050 3 5 44 5 0
725 199 4 1 75 3 0
733 396 3 6 13 3 0
735 285 3 6 2 3 0
740 56 0 7 23 4 0
741 465 3 2 86 5 0
746 1104 4 0 63 5 0
750 479 4 5 98 4 0
752 336 3 8 55 5 0
757 830 0 3 62 4 0
758 1116 1 6 73 5 0
762 350 0 0 88 3 0
766 122 0 6 16 5 0
768 137 2 9 56 3 0
769 1156 3 3 26 5 0
777 479 2 3 16 3 0
780 104 0 1 4 4 0
785 272 0 2 61 3 0
786 397 2 9 3 4 0
791 1045 1 8 2 5 0
794 151 2 1 84 4 0
797 594 4 3 41 5 0
797 1113 1 1 80 3 0
799 454 2 4 31 3 0
805 777 0 7 67 4 0
806 795 1 7 91 4 0
807 453 0 6 53 3 0
807 881 3 7 18 5 0
807 212 3 8 47 4 0
810 255 4 7 81 3 0
811 826 2 2 19 3 0
811 415 2 5 35 3 0
817 765 1 2 25 5 0
818 50 3 4 89 5 0
821 556 0 5 31 5 0
824 1018 3 3 84 3 0
835 85 0 0 84 4 0
836 174 3 5 87 4 0
837 253 2 7 49 3 0
852 732 1 7 14 3 0
852 830 4 9 49 4 0
854 79 3 7 10 3 0
854 269 3 8 86 4 0
855 941 1 5 67 4 0
858 1023 3 3 20 3 0
862 580 4 7 56 5 0
865 411 4 6 34 3 0
867 660 0 7 81 4 0
869 757 2 4 48 4 0
871 1029 0 4 34 4 0
875 386 1 7 12 3 0
876 134 0 8 4 4 0
878 965 1 3 23 4 0
878 781 1 5 73 4 0
880 657 3 9 56 5 0
883 1169 3 3 88 4 0
884 1016 4 6 18 5 0
898 270 2 7 94 5 0
898 111 2 7 52 4 0
902 173 2 7 58 4 0
903 576 4 0 8 5 0
905 45 2 7 65 4 0
905 767 4 5 32 4 0
906 265 2 1 51 5 0
907 1158 4 9 64 3 0
909 354 2 2 98 3 0
910 552 0 1 9 5 0
911 551 0 8 51 4 0
911 1000 1 9 53 4 0
917 124 2 9 85 5 0
918 682 3 5 59 4 0
922 875 1 3 80 3 0
928 311 4 6 49 4 0
929 218 0 2 100 5 0
932 771 3 0 55 4 0
933 1054 2 1 25 4 0
935 615 4 5 98 3 0
936 177 3 3 59 3 0
939 279 4 5 41 5 0
941 1091 0 8 28 3 0
941 154 3 6 79 3 0
946 1194 4 5 27 5 0
954 217 3 6 9 4 0
957 930 0 8 48 3 0
959 936 0 8 10 3 0
961 470 4 4 87 3 0
961 83 4 9 94 5 0
962 458 0 6 40 3 0
964 143 4 4 71 4 0
965 1155 2 6 14 3 0
968 28 0 8 45 3 0
969 906 3 5 13 3 0
971 444 2 0 58 3 0
974 791 0 9 77 5 0
976 593 4 5 74 5 0
977 994 0 1 79 4 0
978 437 0 6 38 4 0
987 799 1 2 76 5 0
987 343 1 1 33 5 0
989 144 4 0 15 3 0
991 863 2 3 77 3 0
991 869 1 5 10 4 0
995 780 1 7 58 5 0
997 808 1 1 28 3 0
999 706 1 4 2 4 0
1000 806 0 4 98 4 0
1002 1044 3 8 25 5 0
1002 369 3 0 26 3 0
1009 959 4 7 27 5 0
1010 123 2 1 83 5 0
1016 792 0 1 59 4 0
1020 51 0 0 73 3 0
1021 499 3 8 45 4 0
1024 217 3 4 31 4 0
1024 1013 0 0 51 4 0
1028 1125 2 7 22 4 0
1029 954 3 3 98 3 0
1030 913 3 8 4 3 0
1030 390 0 5 89 4 0
1032 1151 1 7 42 3 0
1034 824 4 0 87 5 0
1040 3 0 7 81 4 0
1046 519 3 5 11 4 0
1047 1138 0 3 17 4 0
1049 186 1 2 60 4 0
1055 941 4 7 2 4 0
1056 566 3 0 61 5 0
1056 645 2 4 97 5 0
1058 351 4 9 63 4 0
1061 539 1 3 57 4 0
1063 322 1 8 69 3 0
1072 248 2 0 23 4 0
1072 182 3 1 10 5 0
1073 772 0 8 12 4 0
1078 1153 4 7 36 4 0
1089 1158 0 0 3 3 0
1091 1098 0 0 23 4 0
1101 1075 1 7 63 4 0
1105 473 3 6 72 3 0
1106 693 0 5 35 3 0
1106 1012 2 3 83 4 0
1106 32 4 3 33 5 0
1109 1097 0 1 88 5 0
1109 247 0 8 44 3 0
1114 233 3 0 60 5 0
1115 817 1 3 89 4 0
1124 109 0 6 2 5 0
1124 131 1 8 14 5 0
1128 103 2 8 44 3 0
1129 1046 3 2 91 5 0
1130 965 3 4 74 4 0
1135 1026 3 8 28 5 0
1135 184 4 4 9 3 0
1137 438 2 2 82 5 0
1137 130 4 5 83 5 0
1138 1026 0 0 11 3 0
1140 283 1 6 15 5 0
1143 1132 0 6 47 4 0
1149 1094 2 2 43 5 0
1149 423 0 0 95 5 0
1150 58 4 3 40 4 0
1151 247 0 4 98 3 0
1151 60 1 9 10 4 0
1152 1002 4 3 16 3 0
1153 668 4 2 77 5 0
1155 1110 3 7 59 4 0
1162 886 0 6 75 3 0
1166 425 2 4 56 4 0
1168 1119 3 2 45 4 0
1169 1111 3 7 84 3 0
1171 686 3 0 100 3 0
1177 218 3 2 66 4 0
1177 407 2 1 18 4 0
1179 1056 1 1 33 4 0
1180 181 2 5 27 5 0
1180 149 2 5 7 4 0
1191 709 1 5 80 3 0
1192 156 1 4 71 5 0
1192 289 1 6 80 4 0
1193 283 2 6 81 5 0
1193 56 3 9 60 4 0
1193 792 4 0 70 4 0
1195 329 1 5 39 5 0
1195 825 4 4 57 3 0
1198 532 1 8 28 4 0

