10

5
0 20 20 20 20 20 20 20 20 20 20
1 20 20 20 20 20 20 20 20 20 20
2 20 20 20 20 20 20 20 20 20 20
3 20 20 20 20 20 20 20 20 20 20
4 20 20 20 20 20 20 20 20 20 20

25
300 900 100000 6 3
0 126 7 2
1 106 3 6
2 130 10 8
4 126 4 4
5 120 6 6
9 127 2 9
600 600 100000 6 3
0 112 2 2
1 112 5 5
3 119 5 3
6 139 2 1
7 117 4 4
9 136 4 1
900 1200 100000 6 4
0 109 5 9
2 127 3 3
4 125 2 3
5 149 10 7
7 122 4 2
9 138 1 9
900 300 100000 6 2
0 141 6 7
1 129 9 1
2 142 3 2
3 129 9 6
4 100 2 10
6 147 2 2
0 900 100000 6 0
0 132 1 3
1 101 9 3
3 119 3 7
4 117 2 7
5 106 4 4
8 112 4 2
1200 0 100000 6 1
1 131 1 3
2 112 5 7
4 106 5 4
6 123 10 5
7 109 2 1
8 117 1 7
900 900 100000 6 0
1 130 4 1
4 144 9 2
5 148 9 10
6 121 1 3
7 117 5 10
9 106 1 1
0 1200 100000 6 0
1 128 1 3
3 139 7 9
4 125 7 5
5 100 8 2
6 137 8 6
9 114 4 5
900 0 100000 6 2
0 122 3 2
3 147 6 1
5 148 2 8
6 115 9 3
7 118 1 3
9 143 6 6
1200 300 100000 6 2
0 115 7 7
2 144 9 5
3 132 10 5
6 139 2 8
7 117 6 3
8 129 4 8
300 300 100000 6 1
0 133 4 6
1 125 4 9
2 132 5 8
4 140 3 3
5 108 5 1
8 136 2 3
1200 900 100000 6 2
1 102 9 1
2 130 8 7
3 145 9 2
4 141 3 5
5 132 9 7
7 110 8 8
900 600 100000 6 3
1 112 8 7
2 129 2 5
3 140 9 2
4 113 4 5
7 113 9 5
8 127 8 2
300 1200 100000 6 0
2 109 1 6
3 124 3 5
4 132 3 9
5 104 3 10
8 132 9 1
9 107 5 7
600 300 100000 6 1
1 145 1 3
3 111 2 8
6 145 10 10
7 147 5 3
8 115 5 4
9 107 2 9
300 600 100000 6 3
3 134 3 9
5 103 8 2
6 132 1 5
7 101 5 6
8 116 5 9
9 125 2 6
0 300 100000 6 2
0 126 1 1
1 138 4 7
2 134 9 8
3 105 5 8
7 144 9 5
9 121 2 8
600 900 100000 6 1
0 111 4 3
1 114 5 1
2 107 1 4
3 127 9 10
5 124 5 10
9 121 10 9
0 0 100000 6 0
0 111 3 4
1 135 6 3
2 109 5 2
5 110 9 5
7 129 4 2
8 107 3 1
600 0 100000 6 4
0 116 1 8
2 100 6 5
4 144 8 8
5 150 5 1
8 101 1 2
9 101 9 5
0 600 100000 6 4
0 125 1 5
1 147 1 9
4 137 2 1
6 120 2 8
7 127 2 6
9 133 1 1
300 0 100000 6 4
0 123 9 2
1 145 9 2
3 145 2 4
5 116 10 8
7 129 8 1
9 102 8 2
600 1200 100000 6 3
0 108 6 10
2 147 10 8
3 146 6 8
4 131 1 5
8 138 2 6
9 147 4 5
1200 1200 100000 6 4
0 111 9 1
2 149 9 1
3 140 2 4
4 106 8 8
8 133 5 4
9 103 7 4
1200 600 100000 6 1
1 113 4 4
3 146 8 8
4 141 6 3
5 129 9 7
6 104 1 3
7 130 4 10

4000
0 203 3 1 5 4 0
0 845 2 5 13 5 0
0 968 2 8 52 4 0
0 1189 0 2 40 4 0
1 1113 1 0 31 4 0
1 449 0 5 12 4 0
2 816 4 3 30 3 0
3 315 2 1 20 4 0
3 404 1 7 32 5 0
3 918 0 9 9 4 0
4 616 2 2 14 3 0
4 662 4 1 16 4 0
4 1100 3 2 59 5 0
5 306 0 6 93 5 0
5 236 4 2 52 5 0
5 626 1 6 72 4 0
6 5 4 3 23 5 0
6 986 1 1 42 3 0
6 549 1 1 91 4 0
6 446 4 7 89 3 0
7 298 1 9 94 3 0
7 628 0 0 33 5 0
8 750 4 3 90 5 0
8 856 0 4 94 4 0
8 534 0 0 20 4 0
8 250 1 9 20 4 0
8 919 1 2 59 4 0
9 365 1 8 2 5 0
9 747 2 0 44 3 0
9 82 1 4 86 5 0
9 86 4 8 83 4 0
9 823 1 6 89 4 0
10 842 4 2 57 4 0
10 294 2 2 67 3 0
10 418 4 7 42 4 0
10 240 0 9 41 4 0
10 845 1 0 8 3 0
12 210 2 9 88 3 0
13 1101 1 7 88 3 0
13 355 1 4 2 4 0
13 1197 1 2 59 4 0
13 1063 0 4 33 3 0
13 914 4 0 8 4 0
13 78 0 3 73 3 0
14 604 2 3 48 3 0
14 431 1 6 28 3 0
14 46 2 6 4 4 0
14 614 4 8 22 5 0
15 845 0 9 63 3 0
15 1113 0 0 66 5 0
15 805 4 4 21 5 0
16 895 4 6 57 5 0
16 27 4 9 16 3 0
16 741 4 4 13 5 0
16 724 4 2 28 5 0
16 444 4 2 99 5 0
17 946 1 4 30 3 0
18 970 3 0 42 4 0
18 656 3 9 72 4 0
18 1098 3 1 14 4 0
19 1130 1 2 79 5 0
19 59 3 2 29 5 0
19 188 0 6 94 5 0
19 488 3 3 82 4 0
20 1163 4 0 13 5 0
20 663 0 4 73 3 0
21 798 0 9 91 5 0
21 219 3 3 57 5 0
21 226 3 7 78 5 0
21 1045 1 3 95 5 0
21 843 1 4 67 3 0
22 49 3 3 78 5 0
22 863 0 5 23 4 0
22 438 1 4 32 3 0
23 774 1 4 89 5 0
23 210 0 8 26 5 0
23 864 2 0 24 5 0
23 502 4 6 71 5 0
23 597 1 2 39 3 0
23 752 1 3 46 5 0
23 806 4 4 79 4 0
24 143 1 5 21 4 0
24 448 1 5 65 4 0
25 698 1 2 72 5 0
25 443 2 1 93 3 0
25 106 2 2 32 3 0
25 125 0 5 53 4 0
26 1036 0 3 90 3 0
26 1114 0 1 78 5 0
27 1079 4 3 64 5 0
27 397 0 5 69 3 0
27 227 2 1 15 5 0
27 322 2 7 21 3 0
28 73 1 2 58 3 0
28 1133 1 8 40 5 0
28 88 0 8 18 4 0
28 207 0 4 80 3 0
28 117 4 8 91 5 0
28 363 3 5 84 4 0
28 547 3 0 22 3 0
28 451 4 9 27 5 0
29 743 1 3 59 3 0
29 349 4 4 86 5 0
29 164 4 4 59 5 0
30 245 2 4 46 5 0
30 1103 3 8 37 5 0
30 801 0 7 11 4 0
31 954 3 2 36 4 0
31 1050 4 9 82 3 0
31 232 1 5 38 4 0
32 300 0 4 77 5 0
32 507 2 4 33 4 0
32 85 3 8 7 5 0
32 1036 1 6 16 4 0
32 1110 1 0 54 5 0
32 314 0 9 32 5 0
32 13 2 0 28 3 0
33 327 3 4 84 4 0
33 371 2 0 21 4 0
33 952 3 0 71 4 0
34 803 0 7 85 3 0
34 200 4 3 8 3 0
34 258 4 9 56 4 0
34 1031 4 3 8 5 0
34 154 3 4 38 4 0
35 1034 0 9 57 3 0
35 382 0 3 33 5 0
35 1187 1 9 5 4 0
36 784 0 8 8 4 0
36 409 3 7 20 5 0
36 360 3 8 9 4 0
37 801 4 2 91 4 0
37 939 2 5 77 5 0
38 391 3 4 59 4 0
38 582 0 0 53 4 0
38 1038 0 5 47 5 0
38 288 0 2 97 4 0
39 779 3 5 89 3 0
39 659 3 0 25 5 0
40 1002 1 9 38 3 0
41 587 3 2 99 3 0
41 481 3 1 5 3 0
41 92 4 7 79 4 0
41 876 4 6 21 5 0
41 772 4 8 82 4 0
41 1031 1 2 38 4 0
42 405 0 4 51 4 0
42 134 3 7 66 4 0
42 382 4 9 9 4 0
42 757 0 0 42 5 0
43 1053 4 0 42 4 0
43 739 3 9 54 3 0
44 654 2 2 8 3 0
45 574 4 6 46 5 0
45 477 0 9 11 5 0
45 1021 0 7 26 4 0
45 884 2 8 94 5 0
45 478 1 4 37 4 0
45 298 2 7 65 3 0
45 317 1 8 83 3 0
46 565 1 7 47 3 0
46 193 1 8 68 5 0
46 101 3 4 46 3 0
46 529 0 9 100 5 0
46 954 2 9 43 3 0
46 46 0 9 2 5 0
48 140 2 9 73 4 0
48 11 4 6 57 4 0
48 177 4 2 89 5 0
49 533 2 0 20 3 0
49 812 1 0 44 3 0
49 596 2 8 83 5 0
49 554 2 8 14 4 0
49 954 3 8 58 5 0
49 254 3 4 82 4 0
49 301 4 8 9 5 0
49 721 2 9 18 5 0
50 1043 2 4 72 5 0
50 486 1 1 86 4 0
50 669 0 8 51 3 0
50 1160 2 2 77 3 0
50 111 0 6 38 4 0
51 1122 0 9 29 5 0
51 383 3 1 6 4 0
52 870 4 5 60 4 0
53 800 0 1 42 4 0
53 69 3 4 2 5 0
53 423 3 8 50 3 0
53 498 0 2 25 3 0
53 200 0 7 83 3 0
54 488 0 1 93 4 0
54 1160 3 7 88 3 0
54 565 1 0 84 5 0
54 918 1 6 65 3 0
54 57 4 3 66 3 0
55 166 0 6 85 4 0
55 703 1 4 3 3 0
55 795 2 4 28 3 0
55 928 3 9 85 3 0
55 1131 3 1 74 5 0
55 27 1 0 50 5 0
56 1098 1 6 69 3 0
56 1148 0 1 68 5 0
56 719 3 8 87 3 0
56 12 0 0 39 3 0
56 1049 2 5 91 4 0
56 35 2 2 74 3 0
56 970 1 5 70 3 0
56 533 0 2 49 5 0
57 653 4 0 94 3 0
57 1181 1 4 14 4 0
57 1079 3 5 28 4 0
58 705 1 8 22 5 0
58 21 4 2 91 3 0
58 603 2 6 68 3 0
58 172 3 3 94 5 0
58 1125 3 8 48 4 0
58 535 0 4 57 3 0
58 1100 1 5 46 4 0
59 278 0 4 32 4 0
59 695 4 7 96 5 0
59 271 4 9 93 4 0
60 321 3 5 32 5 0
60 536 3 4 89 4 0
60 1024 2 2 84 5 0
61 611 3 2 7 4 0
61 1052 0 7 68 5 0
61 135 1 9 2 3 0
61 1043 2 8 29 5 0
62 507 0 3 50 3 0
62 923 4 4 33 3 0
62 627 3 6 50 4 0
62 790 2 8 91 3 0
62 1044 2 4 40 5 0
63 44 4 7 15 4 0
63 1148 4 0 60 5 0
63 702 3 5 53 4 0
63 1044 2 7 15 4 0
63 60 4 2 94 5 0
64 81 2 6 92 5 0
64 1083 1 6 68 5 0
65 956 3 0 75 3 0
65 991 0 2 95 4 0
66 75 3 7 67 5 0
66 1066 2 4 58 4 0
68 62 0 7 96 5 0
68 567 4 8 14 3 0
68 152 0 5 50 4 0
70 1042 4 3 18 4 0
70 1186 3 3 61 4 0
70 595 4 4 18 5 0
71 733 4 3 38 4 0
71 401 4 0 94 3 0
71 559 3 8 70 5 0
71 126 0 3 19 4 0
71 51 3 4 74 3 0
72 1069 0 9 26 4 0
72 3 0 7 57 5 0
74 679 3 8 40 5 0
75 1052 1 0 13 5 0
75 695 3 0 23 3 0
75 479 0 4 23 5 0
75 299 3 0 33 3 0
75 337 4 1 42 3 0
76 238 1 7 44 3 0
76 1146 3 7 41 3 0
78 289 2 2 65 3 0
78 840 1 2 89 3 0
78 909 0 8 24 5 0
79 933 2 0 8 5 0
79 60 4 2 57 3 0
79 741 2 6 74 5 0
79 7 4 4 93 4 0
80 646 1 9 84 3 0
81 1010 0 6 53 3 0
81 654 0 7 40 3 0
81 349 1 8 39 4 0
81 1021 3 1 8 4 0
82 377 4 0 66 5 0
82 703 3 2 1 4 0
82 958 0 9 44 5 0
82 544 4 5 74 4 0
83 409 3 5 84 5 0
83 859 2 3 13 3 0
84 1029 1 8 9 3 0
84 362 3 4 57 3 0
84 5 0 2 70 3 0
84 881 2 1 81 3 0
84 186 1 3 21 5 0
85 179 1 5 31 5 0
85 741 0 9 42 5 0
85 519 3 4 38 3 0
85 843 2 1 39 5 0
85 1132 1 8 72 5 0
85 1126 3 8 27 5 0
86 996 1 1 61 5 0
86 1164 4 0 14 5 0
86 123 1 9 11 3 0
87 588 0 3 54 5 0
87 713 3 3 63 4 0
88 886 1 4 89 5 0
88 1097 0 3 83 4 0
88 1189 3 2 76 5 0
90 1049 4 1 90 3 0
90 307 1 1 5 3 0
90 615 4 6 50 4 0
90 321 2 9 66 5 0
91 417 3 1 1 4 0
91 609 3 6 8 5 0
91 153 3 4 55 3 0
91 226 4 8 4 5 0
91 422 1 5 80 3 0
91 821 0 0 10 4 0
92 464 1 1 81 4 0
92 666 2 7 20 3 0
93 71 2 3 42 4 0
93 107 2 2 54 4 0
93 84 0 1 28 5 0
94 977 1 9 36 5 0
94 32 1 9 19 5 0
94 981 3 0 56 5 0
94 1033 1 3 50 4 0
96 102 0 7 46 4 0
97 672 3 2 67 5 0
97 294 3 2 38 3 0
97 388 1 7 61 5 0
98 78 1 2 11 4 0
98 258 3 9 16 3 0
99 1193 0 1 66 5 0
99 1146 0 6 1 3 0
99 649 1 6 49 3 0
99 1110 3 6 8 4 0
99 242 3 3 43 3 0
100 358 2 5 89 4 0
100 298 0 8 65 5 0
100 923 4 2 55 5 0
100 1184 2 3 59 4 0
100 1127 0 7 90 3 0
100 11 0 8 20 4 0
101 867 4 9 42 5 0
102 549 0 8 69 3 0
102 248 4 1 59 4 0
102 994 3 9 2 5 0
102 882 0 9 95 3 0
102 1103 0 1 94 5 0
102 94 2 1 76 3 0
102 436 0 3 98 5 0
103 631 4 2 52 5 0
103 733 2 6 20 5 0
103 814 1 2 100 5 0
103 853 2 2 61 4 0
103 622 1 7 31 5 0
103 722 1 9 55 3 0
103 414 3 3 28 3 0
104 2 1 7 63 5 0
104 570 2 7 3 5 0
104 551 0 0 14 5 0
104 847 2 7 82 5 0
105 43 4 1 31 3 0
105 345 3 8 95 3 0
105 528 2 4 48 5 0
106 353 1 8 82 3 0
106 719 1 8 12 4 0
106 996 4 4 40 4 0
106 1142 2 5 70 5 0
106 1187 4 4 58 3 0
106 490 0 9 69 5 0
106 74 1 7 6 5 0
106 41 3 2 65 3 0
107 261 3 8 84 4 0
107 683 1 7 55 4 0
107 183 2 1 89 5 0
107 692 1 2 93 3 0
107 701 1 9 80 4 0
107 257 3 6 42 3 0
108 65 0 3 17 3 0
108 443 4 8 30 5 0
108 902 4 7 68 5 0
108 529 2 1 25 3 0
108 879 4 2 92 4 0
108 295 4 7 16 4 0
109 139 4 6 30 5 0
109 659 3 7 12 4 0
110 1144 4 1 94 3 0
110 661 0 8 95 3 0
110 472 2 3 39 3 0
110 202 0 5 29 5 0
110 846 1 9 65 4 0
111 1068 1 0 43 3 0
111 17 0 6 33 4 0
111 229 0 0 68 3 0
111 42 0 1 52 5 0
111 11 4 3 3 5 0
111 289 2 1 2 5 0
112 339 2 4 96 3 0
112 151 0 8 1 4 0
112 62 1 0 48 5 0
112 1162 4 1 77 5 0
113 187 4 9 96 4 0
114 760 4 0 15 5 0
114 893 4 9 85 5 0
114 1194 2 0 92 3 0
114 175 0 3 9 4 0
115 809 4 6 32 4 0
115 725 4 5 90 4 0
115 1195 3 4 10 3 0
115 556 3 3 17 4 0
116 31 0 2 83 4 0
116 607 4 7 13 3 0
117 189 0 8 28 3 0
117 727 3 9 16 5 0
117 96 4 7 16 3 0
117 413 3 8 85 3 0
118 236 4 3 28 5 0
118 1038 0 1 87 5 0
119 1175 2 0 22 5 0
119 1120 3 0 13 5 0
120 235 4 7 63 5 0
120 914 0 8 41 3 0
120 890 2 2 3 5 0
120 599 3 9 52 3 0
121 1114 1 9 85 3 0
121 976 0 3 57 5 0
122 535 3 3 51 4 0
122 579 3 5 79 5 0
122 310 0 9 87 4 0
122 906 3 3 32 5 0
123 956 0 5 33 3 0
123 997 1 4 86 3 0
123 170 4 9 44 4 0
123 156 2 0 50 5 0
123 1140 2 1 96 5 0
124 143 4 4 99 4 0
124 1103 0 6 29 5 0
125 187 3 7 96 3 0
125 116 3 3 72 5 0
125 1132 3 5 49 3 0
125 27 4 6 37 3 0
125 168 1 0 85 5 0
126 516 3 0 29 3 0
126 891 2 1 18 5 0
126 472 1 1 86 4 0
126 390 4 9 33 3 0
126 659 3 1 55 3 0
127 486 1 1 25 3 0
127 961 4 8 41 4 0
127 829 4 2 85 4 0
129 110 2 6 89 3 0
129 721 3 8 12 5 0
129 888 4 6 66 5 0
129 150 3 7 80 5 0
129 152 4 6 47 3 0
129 1122 2 4 51 5 0
130 735 1 8 82 3 0
130 1062 2 5 56 4 0
130 1162 1 6 26 5 0
130 244 4 7 92 4 0
130 825 4 2 27 3 0
131 69 3 0 5 4 0
131 1174 0 3 10 4 0
132 669 0 2 65 4 0
132 416 2 0 61 5 0
132 1015 2 8 6 5 0
132 146 1 5 29 5 0
132 84 2 2 93 5 0
133 445 0 7 11 3 0
133 935 4 4 85 4 0
133 629 4 1 31 4 0
133 541 1 1 54 4 0
134 78 0 1 65 4 0
134 661 3 5 55 3 0
134 1022 3 9 17 3 0
134 474 0 8 57 3 0
134 325 4 7 30 3 0
134 148 3 1 97 3 0
135 215 1 2 78 5 0
135 87 2 1 29 5 0
136 1085 2 6 72 4 0
136 852 3 7 10 4 0
136 1117 4 9 15 3 0
136 260 3 0 36 5 0
136 849 4 7 92 5 0
136 117 4 3 31 3 0
136 177 3 9 31 4 0
136 700 4 8 23 3 0
136 836 0 9 99 4 0
136 543 3 1 61 3 0
137 490 2 3 61 3 0
137 624 4 3 4 4 0
137 429 4 1 61 4 0
138 961 0 3 39 3 0
138 238 0 0 78 4 0
139 809 1 9 29 5 0
139 998 4 9 71 3 0
139 1019 0 6 19 3 0
139 892 0 0 35 4 0
139 975 3 5 19 4 0
139 363 2 2 94 5 0
140 947 1 5 56 4 0
140 1195 0 3 24 3 0
140 105 1 0 52 4 0
140 263 3 8 94 5 0
140 587 4 7 54 5 0
141 408 2 8 76 3 0
141 795 1 3 12 3 0
142 173 2 2 1 5 0
143 1054 0 9 83 4 0
143 886 2 7 84 5 0
143 663 2 1 85 4 0
143 463 0 5 83 4 0
143 864 3 3 73 3 0
143 306 3 0 97 4 0
144 112 0 6 61 5 0
144 114 2 8 11 3 0
144 863 2 8 73 5 0
144 832 1 5 63 3 0
144 748 4 7 26 3 0
144 506 4 8 24 5 0
144 958 4 5 60 3 0
144 44 4 8 55 5 0
145 263 3 6 70 3 0
145 799 0 2 31 5 0
145 194 1 2 97 4 0
145 992 4 0 73 3 0
146 421 2 8 68 3 0
146 77 3 5 38 5 0
146 94 3 7 4 5 0
146 1007 3 9 23 3 0
147 884 3 1 30 4 0
148 287 4 3 22 3 0
148 678 2 6 89 3 0
149 810 2 8 77 3 0
149 511 3 3 70 5 0
150 584 4 0 76 5 0
150 740 3 7 100 4 0
150 759 1 8 12 3 0
150 1007 2 4 27 4 0
151 159 1 5 92 5 0
151 1197 0 7 96 3 0
151 22 4 8 95 5 0
151 779 3 4 41 3 0
151 493 1 5 33 3 0
151 860 4 0 51 3 0
152 323 0 3 94 5 0
152 407 3 1 95 3 0
152 854 4 4 25 4 0
152 465 1 2 97 3 0
153 209 1 2 11 3 0
154 356 0 6 91 3 0
154 523 3 9 54 3 0
154 291 2 5 17 3 0
155 1078 3 8 77 5 0
155 960 2 7 84 4 0
155 1179 4 1 88 3 0
156 415 3 8 64 5 0
156 505 1 1 99 3 0
157 599 1 5 49 3 0
158 337 0 5 59 4 0
158 263 0 1 82 4 0
158 621 1 1 61 5 0
159 147 4 0 47 5 0
159 1041 4 6 66 3 0
159 942 0 8 94 4 0
160 163 4 3 69 4 0
160 1037 2 6 18 5 0
160 615 2 9 38 3 0
161 830 4 0 84 3 0
161 845 2 4 69 5 0
161 479 1 8 25 3 0
161 1087 2 8 26 3 0
162 883 2 7 99 4 0
162 889 0 7 2 5 0
162 1156 0 9 23 5 0
163 809 3 9 1 4 0
163 831 0 2 28 4 0
163 935 4 4 78 3 0
163 120 2 7 1 4 0
163 3 4 0 3 3 0
164 180 1 4 100 3 0
164 575 2 5 12 5 0
164 859 2 9 31 4 0
164 962 4 1 61 4 0
164 851 3 5 24 3 0
164 46 4 4 29 4 0
165 1198 2 8 31 3 0
165 1165 4 4 3 4 0
165 1034 4 8 29 5 0
166 1199 2 2 87 3 0
166 635 0 3 14 5 0
166 1199 4 6 26 4 0
166 242 0 9 60 3 0
167 180 4 5 61 4 0
167 962 2 9 4 5 0
167 157 2 4 74 4 0
167 942 1 6 29 4 0
167 860 1 7 61 4 0
168 398 1 0 48 3 0
168 793 0 3 62 3 0
168 472 4 6 35 3 0
169 775 4 0 9 5 0
169 956 4 1 84 4 0
170 770 3 6 37 4 0
170 718 2 0 69 3 0
170 182 2 0 49 4 0
170 704 4 4 6 4 0
171 569 3 4 59 4 0
171 1173 3 2 63 5 0
171 803 2 5 15 5 0
171 89 0 1 22 3 0
172 693 2 9 35 5 0
172 205 0 0 16 3 0
172 1110 1 2 72 4 0
172 444 4 6 14 3 0
172 1084 2 6 50 5 0
172 1177 3 2 18 3 0
173 1163 1 3 93 5 0
173 1022 3 0 44 4 0
173 936 4 8 44 4 0
173 229 0 0 23 4 0
174 1059 4 1 92 5 0
174 392 4 2 16 4 0
175 747 1 1 73 5 0
175 285 1 3 39 4 0
176 1 0 0 72 4 0
176 356 3 8 20 4 0
176 815 4 9 81 3 0
176 935 4 3 75 4 0
176 449 0 1 63 3 0
177 447 3 6 30 3 0
177 388 1 0 97 3 0
177 246 2 7 89 3 0
178 11 3 3 75 4 0
178 69 2 1 88 5 0
178 826 2 2 76 5 0
178 962 3 5 69 3 0
180 586 4 9 63 3 0
180 685 3 7 57 5 0
180 904 2 8 35 5 0
181 128 3 0 69 4 0
181 399 1 4 70 3 0
181 1161 2 6 43 3 0
181 1024 4 9 78 4 0
182 1052 3 6 13 3 0
182 593 0 3 52 5 0
182 1020 4 0 82 3 0
183 4 2 0 5 3 0
183 1130 0 6 59 3 0
183 72 0 1 18 5 0
183 1168 2 3 52 5 0
184 528 1 7 82 3 0
184 854 1 4 63 5 0
185 807 4 7 53 5 0
185 243 2 5 2 5 0
185 429 2 2 40 5 0
186 380 1 2 1 3 0
186 543 1 9 48 3 0
186 298 3 5 3 3 0
186 1044 1 9 16 3 0
186 566 3 3 61 4 0
186 602 3 9 50 3 0
187 588 1 6 88 5 0
187 307 1 2 27 4 0
187 1093 0 6 66 3 0
187 134 0 2 41 4 0
187 890 3 3 99 5 0
188 60 2 2 89 3 0
188 407 0 2 8 4 0
188 796 0 5 77 3 0
188 470 1 9 83 5 0
189 131 3 2 8 3 0
189 770 3 0 50 5 0
189 1136 3 7 36 5 0
190 964 3 6 27 4 0
190 570 2 1 34 3 0
190 285 3 9 87 4 0
191 469 2 2 12 5 0
192 595 2 4 5 4 0
192 79 2 2 24 5 0
193 373 4 1 94 4 0
193 541 1 0 15 4 0
194 918 4 6 29 5 0
195 280 0 4 4 5 0
195 548 0 0 6 4 0
195 265 4 6 72 5 0
195 823 0 6 16 5 0
195 398 4 6 70 4 0
195 2 4 0 33 3 0
196 872 3 8 4 3 0
196 1104 4 3 42 3 0
197 543 3 0 65 3 0
197 967 1 6 43 5 0
199 568 2 7 44 4 0
199 454 3 5 6 3 0
199 614 4 3 57 4 0
200 513 0 5 2 4 0
200 256 1 9 99 5 0
200 44 3 9 97 4 0
200 886 1 2 100 4 0
200 57 0 8 95 4 0
201 555 0 4 30 3 0
201 960 1 3 10 5 0
201 858 2 2 8 5 0
201 846 2 1 15 3 0
202 423 1 0 66 3 0
202 859 0 5 84 3 0
203 568 0 9 23 5 0
203 820 2 1 78 5 0
203 711 0 8 88 4 0
203 1000 2 9 56 4 0
204 1144 3 7 86 5 0
204 379 0 5 10 3 0
205 49 0 1 87 5 0
205 1076 1 5 83 4 0
205 543 2 8 68 5 0
205 834 1 7 77 3 0
206 78 4 6 79 3 0
206 893 1 0 19 4 0
206 94 2 7 1 3 0
207 429 4 2 37 5 0
207 830 2 2 92 5 0
207 476 2 5 16 4 0
207 721 2 6 45 4 0
208 550 1 0 56 4 0
208 585 3 1 11 3 0
208 604 3 2 37 4 0
208 1092 3 8 29 4 0
208 383 3 1 91 5 0
208 182 2 5 64 3 0
208 195 1 4 88 3 0
209 448 0 5 58 3 0
209 193 2 5 9 3 0
209 715 1 3 40 5 0
212 250 1 9 64 3 0
212 1073 0 1 94 3 0
212 974 1 4 3 3 0
213 933 3 8 20 3 0
214 1033 1 9 77 4 0
214 348 1 4 12 3 0
214 58 1 0 87 5 0
214 424 0 8 19 3 0
215 479 1 0 79 3 0
215 954 3 5 12 5 0
215 575 4 5 36 5 0
215 101 0 3 87 5 0
216 815 3 8 54 3 0
216 747 1 5 37 4 0
217 458 3 0 69 4 0
217 57 2 3 61 4 0
217 70 1 5 79 5 0
217 369 0 4 2 5 0
217 852 1 3 23 3 0
217 879 2 4 11 5 0
218 1137 4 7 89 3 0
218 770 1 1 23 3 0
219 436 0 1 5 5 0
219 955 1 7 70 4 0
220 898 3 9 64 3 0
220 249 0 8 57 4 0
220 196 4 3 35 4 0
220 431 1 1 66 5 0
221 239 2 3 14 3 0
221 116 3 4 42 3 0
221 623 0 9 55 5 0
221 88 0 3 58 5 0
221 286 3 7 97 3 0
222 1108 1 6 24 3 0
222 589 3 1 33 5 0
222 192 4 0 91 3 0
223 772 1 7 2 5 0
223 963 4 8 98 5 0
223 1051 2 8 98 3 0
223 358 0 1 25 3 0
223 1145 1 7 81 3 0
223 536 0 1 16 5 0
223 359 4 0 84 4 0
224 731 0 8 34 3 0
224 647 3 6 39 4 0
224 676 2 2 30 4 0
225 809 2 9 75 4 0
225 714 0 6 87 5 0
226 379 4 9 99 3 0
226 180 3 9 46 4 0
226 640 4 0 22 5 0
226 1185 0 3 28 4 0
226 587 0 4 50 3 0
226 371 0 4 38 5 0
227 946 0 3 77 5 0
227 679 4 4 66 5 0
227 324 4 8 8 3 0
227 422 3 9 46 4 0
227 1189 0 0 24 4 0
227 276 2 6 90 5 0
228 818 4 6 9 5 0
228 159 2 8 75 3 0
228 831 2 1 48 5 0
229 1047 2 3 54 3 0
229 819 2 5 76 4 0
230 470 3 8 90 5 0
231 241 0 0 29 4 0
231 341 0 9 24 4 0
231 269 0 1 46 5 0
232 965 4 0 52 3 0
232 1185 1 7 4 5 0
232 633 1 3 73 4 0
232 288 0 6 91 4 0
233 899 1 4 5 4 0
233 452 2 7 95 3 0
233 328 0 6 88 5 0
233 426 2 1 24 3 0
233 1051 2 1 15 4 0
234 670 1 5 28 5 0
234 62 4 6 69 3 0
235 819 0 0 84 3 0
235 549 4 1 21 5 0
235 815 1 1 76 3 0
235 1146 3 6 29 3 0
236 608 0 5 71 5 0
236 404 3 8 75 3 0
236 497 3 5 86 4 0
236 1182 1 5 62 5 0
236 1061 2 2 36 3 0
237 428 4 4 35 5 0
237 636 1 6 64 3 0
237 1028 3 3 22 4 0
237 839 2 2 47 3 0
238 196 3 9 32 3 0
238 1106 1 9 86 3 0
238 948 3 7 85 3 0
238 140 2 8 83 4 0
238 1119 4 7 53 4 0
239 389 2 9 54 3 0
239 734 2 7 74 3 0
240 547 4 8 60 3 0
240 490 3 8 1 4 0
240 172 2 7 72 5 0
240 265 4 8 91 4 0
240 5 4 6 56 5 0
241 717 3 1 43 3 0
241 268 3 7 7 3 0
241 5 2 9 86 5 0
241 902 2 6 69 5 0
241 431 2 6 60 5 0
242 689 3 8 65 3 0
242 466 0 3 31 5 0
242 478 4 1 55 3 0
242 808 3 6 35 3 0
242 962 1 9 31 3 0
242 1057 2 2 62 4 0
242 526 3 8 84 3 0
242 594 2 0 81 3 0
242 1101 1 7 78 3 0
242 661 3 9 28 5 0
242 497 3 8 24 4 0
243 674 4 7 33 4 0
243 846 0 6 15 4 0
244 525 1 2 2 4 0
244 666 1 1 78 3 0
244 810 0 4 70 5 0
244 1133 3 7 31 4 0
245 55 3 8 18 4 0
245 180 4 9 67 5 0
245 481 3 9 35 5 0
245 404 0 9 6 3 0
245 970 4 1 99 5 0
245 1006 2 2 83 4 0
245 797 4 6 66 4 0
247 344 2 8 9 5 0
247 314 1 9 6 4 0
247 636 4 4 22 4 0
247 41 3 3 95 4 0
247 567 3 6 42 4 0
248 1023 4 8 34 5 0
248 41 4 2 37 5 0
248 117 2 2 11 3 0
248 562 2 1 7 5 0
249 666 1 3 87 3 0
250 583 4 3 22 4 0
250 323 0 1 35 4 0
250 750 1 4 24 5 0
251 724 0 0 40 5 0
251 1133 2 5 74 3 0
251 311 2 9 89 4 0
252 84 1 8 78 3 0
252 470 1 7 64 4 0
252 954 4 9 1 3 0
253 51 2 2 35 5 0
253 491 3 4 42 3 0
254 614 3 6 81 5 0
254 624 3 0 76 3 0
255 722 0 6 16 5 0
255 190 2 2 6 4 0
255 1041 0 5 54 4 0
255 947 4 2 63 3 0
255 471 2 3 11 4 0
256 501 4 2 56 3 0
256 506 0 5 36 3 0
256 1045 1 6 72 5 0
256 426 1 2 55 5 0
257 655 3 5 25 4 0
257 542 0 6 46 4 0
258 1136 2 4 84 5 0
258 290 2 0 61 3 0
258 143 1 2 9 5 0
259 9 2 6 41 3 0
259 913 0 6 13 3 0
259 325 4 7 18 5 0
260 462 0 3 30 4 0
260 207 0 3 75 5 0
260 1083 0 5 86 5 0
261 744 1 1 5 4 0
262 1010 2 8 39 3 0
262 1017 2 4 82 3 0
263 318 2 5 9 3 0
263 157 3 0 74 4 0
264 635 2 6 13 4 0
264 767 3 6 17 3 0
264 73 3 2 59 3 0
264 442 2 5 83 3 0
264 801 4 4 4 5 0
265 965 4 9 3 4 0
266 80 3 1 87 3 0
266 344 3 5 29 4 0
266 104 3 1 81 5 0
266 127 3 9 6 4 0
267 69 2 8 59 4 0
267 496 1 2 64 4 0
267 230 1 5 1 3 0
267 284 4 5 47 4 0
268 641 2 5 11 4 0
268 664 0 6 88 5 0
269 314 3 9 53 3 0
269 371 3 9 34 3 0
269 1039 3 6 71 4 0
269 1133 1 1 22 3 0
269 1158 4 3 44 4 0
269 719 2 3 16 5 0
270 1012 1 6 70 5 0
270 732 0 8 38 5 0
270 194 0 6 89 4 0
270 257 0 6 49 5 0
270 194 0 1 91 3 0
270 1165 2 8 27 3 0
270 1167 0 7 42 3 0
271 1100 2 1 25 3 0
271 622 1 1 71 3 0
271 1100 1 3 92 5 0
272 674 2 1 21 5 0
272 160 4 5 43 5 0
273 991 0 3 84 4 0
273 177 3 5 29 4 0
273 345 4 7 64 5 0
274 1183 3 5 17 4 0
274 316 2 6 89 4 0
274 1182 4 1 76 3 0
274 831 2 0 90 3 0
275 943 2 6 59 3 0
275 115 0 3 61 4 0
275 834 2 2 9 5 0
275 207 2 8 15 4 0
276 482 0 2 31 4 0
276 33 4 1 78 4 0
276 807 2 7 84 5 0
277 72 0 4 90 5 0
277 575 4 4 72 3 0
279 679 1 0 88 5 0
279 255 4 9 80 4 0
279 95 4 6 95 3 0
279 214 3 4 69 4 0
279 320 0 2 63 3 0
279 471 4 2 10 4 0
279 92 0 3 81 3 0
279 317 3 6 1 3 0
279 32 4 1 44 4 0
280 415 4 5 58 4 0
280 906 1 0 89 5 0
280 863 1 1 22 5 0
280 414 3 2 30 5 0
280 1022 2 8 29 3 0
280 374 4 6 36 4 0
281 26 3 7 61 5 0
281 1069 2 0 92 3 0
282 316 2 4 85 4 0
282 887 4 9 94 3 0
283 551 1 9 72 4 0
283 315 3 2 68 3 0
283 620 2 3 20 5 0
283 349 3 3 50 5 0
284 395 3 6 91 4 0
284 837 3 8 99 3 0
284 563 4 6 78 3 0
285 636 0 1 65 3 0
285 713 1 2 48 4 0
285 469 1 9 50 4 0
285 599 0 7 38 3 0
285 492 3 3 73 5 0
286 756 1 4 26 4 0
286 990 1 3 25 5 0
286 525 2 4 60 5 0
286 604 4 9 30 5 0
286 971 0 0 12 3 0
287 422 4 1 63 3 0
287 183 4 3 16 4 0
288 558 1 3 56 3 0
289 1080 4 5 12 4 0
289 29 2 5 8 3 0
289 805 0 3 65 5 0
289 867 2 7 89 4 0
289 476 4 0 77 5 0
290 358 3 4 85 3 0
290 583 2 1 79 5 0
290 1099 2 7 83 3 0
291 510 0 9 92 5 0
291 701 3 5 35 4 0
291 163 0 0 48 5 0
291 408 3 8 8 3 0
292 1198 1 3 63 5 0
292 1012 4 6 84 5 0
292 884 0 3 5 5 0
293 873 2 3 60 4 0
293 399 1 9 25 5 0
293 968 3 1 26 4 0
293 917 3 4 98 4 0
293 648 0 4 75 5 0
294 711 2 8 97 5 0
294 635 0 3 29 4 0
294 1188 3 5 95 4 0
294 231 4 0 7 5 0
295 224 4 4 44 3 0
295 384 1 0 20 5 0
296 981 0 6 28 3 0
296 555 0 8 96 4 0
296 1178 4 2 65 3 0
297 313 3 6 50 3 0
297 563 0 0 34 5 0
298 62 3 8 55 5 0
298 906 3 3 27 5 0
298 593 2 6 16 3 0
299 114 2 9 29 4 0
299 1153 1 8 55 3 0
299 184 1 8 28 3 0
299 327 4 4 48 4 0
299 155 1 0 33 5 0
300 390 0 4 50 4 0
300 255 3 0 9 5 0
300 1167 0 2 60 5 0
301 1193 0 9 63 4 0
301 316 1 2 100 5 0
301 93 1 8 9 5 0
301 609 4 1 31 4 0
301 785 3 5 10 3 0
302 319 1 8 38 3 0
302 21 3 0 12 4 0
303 419 3 0 68 5 0
303 367 1 9 7 3 0
303 677 1 7 22 3 0
304 733 4 2 56 5 0
304 334 4 1 44 5 0
305 423 1 8 78 5 0
305 386 2 3 19 4 0
306 693 0 2 61 3 0
307 720 2 2 21 5 0
307 509 1 0 41 4 0
308 253 3 4 41 3 0
309 729 3 6 15 4 0
309 14 2 2 67 3 0
309 105 0 0 62 5 0
310 368 2 5 30 3 0
310 990 0 9 45 4 0
310 291 1 5 58 4 0
310 386 2 5 95 4 0
310 24 1 1 61 5 0
310 362 0 9 46 3 0
311 872 3 5 36 4 0
311 975 4 5 4 4 0
311 822 0 2 8 5 0
311 581 1 8 70 4 0
312 214 0 5 40 4 0
312 995 4 8 40 5 0
312 740 3 0 38 3 0
313 687 1 6 97 3 0
314 719 4 1 79 3 0
314 56 0 4 85 4 0
315 518 3 5 74 4 0
315 616 1 3 95 3 0
315 259 0 0 84 4 0
315 741 2 6 50 3 0
315 420 4 6 38 5 0
315 403 2 7 90 3 0
315 452 4 7 45 3 0
316 238 2 8 79 4 0
316 841 1 3 94 4 0
317 161 0 8 54 4 0
317 49 0 2 20 4 0
318 463 2 7 43 5 0
318 458 3 9 13 4 0
318 374 2 9 29 3 0
318 856 1 6 74 5 0
318 595 0 3 54 5 0
318 1073 4 3 20 4 0
318 892 4 2 49 4 0
319 944 1 9 90 4 0
319 493 2 5 20 5 0
319 163 0 4 17 5 0
319 721 1 7 41 3 0
320 796 2 7 75 4 0
321 1194 4 2 13 5 0
321 471 3 9 91 5 0
321 777 0 5 12 3 0
321 898 2 7 10 3 0
321 987 1 5 74 4 0
322 25 1 9 58 3 0
322 654 2 1 17 4 0
322 732 1 7 36 3 0
322 980 4 2 2 5 0
323 598 3 3 55 5 0
323 1017 1 8 20 4 0
323 922 3 8 60 4 0
323 664 2 1 24 5 0
324 223 4 3 29 4 0
324 172 0 3 80 3 0
324 545 2 1 15 5 0
324 533 3 4 3 3 0
324 978 3 1 60 5 0
325 453 2 3 58 3 0
326 1131 1 4 17 5 0
327 774 0 8 49 5 0
327 1045 1 7 93 5 0
327 430 3 0 22 5 0
327 565 4 6 49 4 0
328 368 2 9 69 4 0
328 965 0 6 58 5 0
328 705 4 1 60 4 0
328 1073 1 3 15 3 0
329 993 4 2 88 5 0
330 1034 2 0 78 3 0
330 715 4 6 53 3 0
331 902 2 7 88 5 0
331 749 1 3 67 3 0
332 38 2 7 2 5 0
332 429 1 9 19 5 0
332 149 3 0 2 4 0
332 196 4 3 4 4 0
332 684 1 3 74 4 0
332 381 4 2 43 4 0
333 1139 4 0 17 5 0
333 452 2 6 50 4 0
333 30 0 5 35 4 0
334 133 4 6 83 4 0
334 1033 1 9 18 3 0
334 320 4 6 8 4 0
334 321 4 1 14 5 0
334 470 2 9 13 3 0
335 159 2 3 25 3 0
335 334 1 3 12 4 0
336 71 0 8 14 5 0
336 127 1 0 71 4 0
336 176 1 9 13 5 0
336 215 1 0 15 4 0
336 969 3 5 77 4 0
336 313 1 1 95 4 0
337 897 0 6 38 3 0
337 907 0 4 83 5 0
338 806 2 5 75 5 0
338 283 3 0 1 3 0
338 10 2 6 52 5 0
338 540 2 8 92 5 0
338 603 3 2 87 5 0
338 499 1 0 59 5 0
339 640 4 2 88 4 0
339 15 1 3 49 3 0
339 178 1 0 68 5 0
340 136 2 6 61 3 0
340 33 0 1 10 3 0
341 762 1 1 63 3 0
341 282 2 0 93 3 0
341 658 0 9 44 4 0
341 526 2 3 27 3 0
342 451 1 6 81 5 0
342 930 3 8 27 4 0
342 103 2 6 14 4 0
342 261 4 8 53 5 0
342 585 0 6 26 4 0
342 528 3 4 57 5 0
342 1049 3 3 50 5 0
342 729 4 7 26 4 0
342 1022 4 2 3 4 0
343 403 1 9 79 5 0
343 1079 0 8 4 4 0
344 166 0 7 38 5 0
344 830 3 1 71 3 0
344 175 0 2 21 4 0
344 309 2 6 92 5 0
344 1114 3 3 93 5 0
345 514 4 2 70 3 0
345 612 4 7 6 4 0
345 35 2 4 73 3 0
345 81 4 4 78 4 0
345 132 0 6 71 5 0
346 669 1 4 10 4 0
346 171 3 5 48 4 0
346 403 2 4 2 4 0
346 510 3 1 55 4 0
347 1126 4 7 49 3 0
347 842 1 6 53 5 0
347 821 3 2 69 4 0
347 816 2 0 32 4 0
348 123 4 6 24 3 0
348 365 2 6 17 4 0
348 712 0 2 67 3 0
348 224 4 9 61 5 0
348 40 0 6 41 4 0
348 406 2 5 16 3 0
349 76 2 7 85 5 0
349 125 2 9 40 3 0
349 197 4 2 67 3 0
350 249 2 8 43 5 0
350 834 2 2 32 4 0
350 1059 4 6 24 4 0
351 151 1 3 74 3 0
351 647 4 7 42 4 0
351 517 1 9 14 3 0
351 436 3 0 18 3 0
352 335 2 7 16 4 0
352 97 2 3 90 3 0
352 1151 3 0 85 4 0
353 1060 1 8 4 4 0
353 33 2 3 27 5 0
353 310 2 6 22 4 0
354 790 1 8 82 3 0
354 797 1 2 41 5 0
354 991 0 1 10 3 0
354 81 2 0 4 4 0
355 73 0 0 66 5 0
356 609 1 0 63 4 0
356 897 1 2 78 3 0
356 1000 1 2 85 4 0
357 962 1 2 75 3 0
357 594 3 8 82 4 0
357 907 1 5 88 5 0
358 618 0 2 82 3 0
359 277 1 6 31 3 0
359 613 0 8 7 3 0
359 837 4 7 59 5 0
359 430 1 2 37 3 0
359 1142 4 1 22 3 0
359 391 0 9 65 4 0
360 620 1 8 27 5 0
360 851 0 6 76 3 0
361 1023 1 4 95 4 0
361 1145 3 0 59 5 0
362 1075 3 7 71 3 0
362 135 2 6 99 3 0
364 784 0 8 4 3 0
364 330 2 9 30 4 0
364 1152 0 1 14 4 0
365 6 3 7 72 3 0
365 43 1 3 48 5 0
365 487 4 1 9 5 0
366 108 1 6 99 4 0
366 57 3 6 63 3 0
366 39 0 2 23 5 0
367 254 1 7 66 5 0
367 862 4 1 95 4 0
367 228 4 2 12 3 0
368 98 4 3 24 5 0
368 593 0 5 38 3 0
368 1114 2 1 89 5 0
369 255 4 2 47 5 0
369 65 4 5 59 4 0
369 266 3 8 5 4 0
369 668 4 0 69 5 0
369 195 4 0 93 5 0
369 834 2 1 29 3 0
369 218 2 9 54 3 0
370 87 4 9 70 5 0
370 912 2 7 25 3 0
370 77 1 6 84 5 0
370 648 2 3 49 5 0
371 320 3 5 59 3 0
372 821 0 8 97 4 0
372 597 0 0 72 4 0
372 303 2 5 72 4 0
372 1085 0 0 89 3 0
372 1031 0 5 37 4 0
373 615 3 0 73 5 0
373 824 0 9 76 3 0
374 669 2 9 9 5 0
374 1051 0 2 6 3 0
374 133 3 1 56 3 0
374 37 0 6 32 4 0
375 1086 4 0 63 5 0
376 626 1 1 38 5 0
376 808 1 9 79 4 0
376 946 1 5 88 5 0
377 379 4 9 20 4 0
377 254 4 5 53 5 0
377 284 3 9 5 3 0
378 34 2 9 9 5 0
379 331 0 0 66 5 0
379 510 4 8 5 4 0
379 115 4 8 24 5 0
379 140 2 1 16 5 0
380 445 0 4 51 5 0
380 401 4 7 30 5 0
381 245 3 4 40 4 0
382 757 1 9 73 3 0
383 411 2 9 23 5 0
383 81 4 7 43 5 0
383 388 0 0 54 3 0
383 909 4 9 12 5 0
383 262 4 9 85 3 0
384 506 4 0 96 3 0
384 1003 2 5 74 5 0
384 668 0 5 76 4 0
385 840 0 6 33 5 0
385 189 0 2 11 3 0
385 428 3 2 44 5 0
385 440 2 4 17 5 0
386 155 2 4 33 4 0
386 53 2 8 94 5 0
386 792 2 1 94 5 0
386 221 2 1 48 5 0
386 531 4 3 98 5 0
386 1108 3 6 1 4 0
386 583 1 9 44 4 0
387 298 4 4 16 4 0
387 835 2 3 71 4 0
387 738 4 7 35 4 0
387 195 4 4 26 3 0
387 550 0 1 67 5 0
388 743 3 7 69 4 0
388 1161 1 8 41 3 0
388 752 3 3 14 3 0
388 575 0 4 67 3 0
389 1163 3 0 42 3 0
389 543 1 0 4 5 0
390 1092 3 5 85 3 0
390 27 3 7 85 5 0
390 296 1 2 81 3 0
391 754 1 3 29 4 0
391 695 1 7 31 5 0
391 935 1 0 57 5 0
392 41 4 1 28 3 0
393 614 4 4 7 4 0
393 714 0 3 47 3 0
393 508 1 9 43 3 0
393 506 3 9 28 5 0
394 667 1 0 68 4 0
395 676 3 1 83 3 0
395 119 4 6 4 4 0
396 914 1 4 3 3 0
396 584 1 3 80 3 0
396 1167 4 9 5 5 0
396 432 3 3 51 5 0
396 1090 0 7 75 5 0
396 69 1 9 67 3 0
397 829 2 0 8 4 0
397 980 3 0 30 4 0
397 1168 3 1 8 3 0
397 871 4 3 70 3 0
398 174 3 5 11 3 0
398 1119 1 7 58 3 0
398 600 2 0 5 3 0
399 74 1 4 17 5 0
399 412 1 5 93 5 0
399 70 1 2 21 3 0
399 1150 0 6 62 5 0
401 580 0 1 29 4 0
401 600 4 9 33 5 0
402 914 3 5 62 3 0
402 964 1 5 43 4 0
402 822 2 2 6 5 0
402 1170 1 9 5 4 0
403 451 0 7 37 4 0
404 289 0 3 49 4 0
404 790 3 3 80 4 0
404 642 1 9 41 5 0
405 999 3 4 22 5 0
405 915 0 7 85 3 0
405 50 4 3 13 3 0
405 70 0 0 13 3 0
406 296 1 4 24 4 0
406 1041 0 8 22 4 0
406 36 0 6 73 4 0
407 743 4 4 91 4 0
407 457 1 8 53 5 0
408 941 0 5 28 3 0
408 837 1 0 11 3 0
409 329 2 1 46 4 0
409 562 0 0 39 3 0
410 1003 1 6 19 3 0
410 514 0 5 42 4 0
410 1042 2 5 28 4 0
411 1180 4 7 13 3 0
411 943 0 3 62 4 0
412 1055 3 8 56 4 0
412 790 0 8 12 3 0
413 1155 1 9 30 5 0
413 861 1 3 11 5 0
413 638 0 2 68 4 0
414 693 1 4 31 5 0
414 682 0 5 66 4 0
414 883 0 4 99 4 0
415 565 1 9 68 4 0
415 1055 3 3 29 4 0
415 1172 0 5 92 3 0
415 147 2 3 60 3 0
415 494 0 7 57 4 0
415 404 1 3 46 3 0
415 1197 4 9 34 4 0
416 576 3 0 56 3 0
416 674 3 8 22 4 0
416 13 3 4 92 3 0
417 671 2 7 15 5 0
418 551 2 6 77 3 0
419 810 4 7 47 5 0
419 469 2 2 84 3 0
419 251 3 4 16 4 0
419 914 0 7 96 5 0
420 226 0 3 91 3 0
421 733 4 3 37 5 0
422 800 1 6 58 5 0
423 638 0 2 13 4 0
423 233 4 0 24 5 0
423 194 0 1 71 5 0
423 386 4 8 92 4 0
424 106 2 6 11 3 0
425 113 0 1 54 5 0
425 216 4 8 59 3 0
425 1057 4 1 58 4 0
427 20 3 1 36 5 0
427 572 2 9 90 5 0
428 551 2 5 95 5 0
428 401 4 5 44 3 0
428 171 1 9 70 5 0
428 447 0 1 58 3 0
428 22 4 1 84 4 0
428 729 1 0 71 4 0
428 485 3 9 55 4 0
428 248 1 3 47 3 0
429 455 2 1 19 4 0
429 237 0 9 93 4 0
430 852 3 5 33 5 0
430 385 2 6 73 5 0
430 1080 0 7 86 3 0
430 908 1 0 32 5 0
430 615 1 6 32 3 0
430 647 2 3 62 3 0
430 964 1 2 36 3 0
431 839 0 0 73 4 0
431 1188 2 3 8 4 0
431 1165 3 6 22 3 0
432 642 2 5 5 5 0
432 268 2 0 49 4 0
432 346 4 5 98 4 0
432 289 0 2 86 3 0
432 1074 0 2 97 3 0
433 341 0 3 51 3 0
433 316 2 1 37 5 0
433 724 3 9 61 3 0
433 937 1 5 98 5 0
434 109 3 4 4 5 0
434 1174 1 6 91 5 0
434 585 1 7 64 5 0
434 610 1 8 82 4 0
434 964 0 0 18 4 0
435 1182 1 4 66 3 0
435 82 4 8 26 3 0
436 676 0 8 62 4 0
436 1148 4 6 28 3 0
436 43 2 7 44 3 0
437 262 2 7 29 4 0
437 453 2 7 55 5 0
437 603 0 1 31 5 0
437 921 2 0 51 4 0
437 864 4 3 76 3 0
438 668 3 4 28 3 0
438 877 3 9 1 5 0
438 347 3 8 87 4 0
438 963 0 4 4 4 0
438 845 4 1 81 3 0
439 138 4 4 7 4 0
439 489 0 1 5 3 0
440 801 4 3 64 3 0
441 424 0 8 8 3 0
441 194 1 4 95 3 0
441 795 0 1 87 5 0
442 706 0 7 13 5 0
442 871 1 3 8 3 0
442 365 3 2 12 5 0
442 1049 3 7 6 5 0
442 1174 0 3 10 3 0
442 61 4 2 13 5 0
442 94 2 6 24 3 0
443 1031 1 7 75 4 0
443 196 0 8 49 3 0
443 797 4 2 41 4 0
444 31 2 2 98 3 0
444 988 2 2 66 4 0
444 144 2 4 81 4 0
445 432 4 7 69 4 0
445 397 4 3 14 3 0
445 494 1 3 39 5 0
446 759 4 9 7 4 0
446 958 4 4 37 3 0
447 560 0 0 95 3 0
447 751 1 1 54 4 0
447 5 4 9 77 4 0
447 570 2 1 14 5 0
447 225 0 1 34 5 0
448 373 0 3 48 3 0
448 327 2 6 23 3 0
448 290 2 8 9 5 0
448 947 1 2 31 5 0
448 803 3 5 57 3 0
449 719 4 6 12 4 0
449 965 1 0 33 4 0
449 470 0 5 56 5 0
450 1012 3 3 95 4 0
450 915 1 1 9 3 0
450 7 3 9 48 4 0
451 830 1 5 4 3 0
451 936 3 9 92 4 0
451 1190 1 7 24 4 0
451 733 4 1 82 3 0
452 583 2 4 13 5 0
452 1078 0 4 60 3 0
452 772 3 0 10 3 0
452 47 4 0 30 3 0
453 559 4 7 42 5 0
453 20 4 8 89 4 0
453 497 0 8 74 5 0
454 755 3 6 4 3 0
454 531 4 1 42 4 0
454 267 2 3 52 3 0
454 461 0 8 82 3 0
454 847 3 8 73 5 0
455 1004 0 5 33 4 0
456 912 1 4 6 4 0
456 377 3 4 80 4 0
457 387 2 5 83 5 0
457 767 1 2 73 4 0
457 482 4 4 42 4 0
457 368 4 3 88 5 0
458 384 4 1 90 3 0
458 1006 0 5 91 3 0
458 263 0 6 92 5 0
458 652 3 6 16 3 0
459 85 0 4 61 3 0
459 455 4 9 57 4 0
459 652 2 7 18 4 0
460 1068 2 5 77 3 0
460 779 1 2 66 4 0
460 642 4 9 5 3 0
460 254 4 0 9 3 0
460 1064 3 2 27 4 0
461 267 2 3 92 4 0
461 1198 3 1 64 3 0
462 504 0 4 68 5 0
462 653 2 4 87 3 0
463 942 3 4 80 4 0
464 1112 0 9 5 3 0
464 86 2 3 44 3 0
464 38 1 7 9 4 0
464 144 1 0 46 4 0
464 451 3 4 67 5 0
465 96 2 5 1 3 0
465 612 3 0 56 5 0
465 51 4 5 39 5 0
465 895 0 6 80 5 0
466 709 2 6 49 5 0
466 1142 1 6 5 4 0
466 458 2 2 77 4 0
466 964 1 3 13 3 0
466 872 1 8 20 4 0
467 724 1 7 26 4 0
467 986 2 6 29 5 0
467 175 2 3 91 4 0
467 316 1 2 95 4 0
468 219 2 9 74 5 0
468 405 0 4 73 5 0
468 1081 4 5 63 3 0
468 275 1 2 97 4 0
469 1188 3 1 95 3 0
469 510 4 2 31 3 0
469 926 4 8 36 3 0
470 94 1 2 95 3 0
470 672 2 5 9 4 0
470 612 4 2 60 4 0
470 875 1 8 6 5 0
471 837 0 0 78 4 0
471 259 1 5 84 4 0
471 297 2 1 57 3 0
472 397 2 9 35 4 0
472 1188 4 1 13 3 0
472 1014 3 6 76 3 0
473 591 2 5 23 5 0
473 378 4 2 96 3 0
473 308 3 4 18 3 0
473 675 2 9 17 3 0
473 931 0 1 33 4 0
473 878 1 0 7 5 0
473 927 3 8 90 4 0
473 211 4 9 61 4 0
474 993 1 5 58 3 0
474 1119 1 8 48 5 0
474 259 4 7 40 5 0
475 441 2 0 40 5 0
475 1143 3 8 90 4 0
475 793 0 9 85 5 0
476 1052 4 5 48 5 0
476 554 2 1 25 5 0
477 205 3 0 60 4 0
477 378 3 8 62 4 0
477 72 0 2 81 4 0
478 189 0 7 51 4 0
478 726 4 1 49 3 0
478 1104 4 4 100 5 0
478 902 4 2 61 3 0
478 244 1 0 28 5 0
479 735 1 7 82 4 0
479 911 3 1 72 5 0
479 873 2 4 30 3 0
479 1016 2 5 98 4 0
479 854 4 4 33 4 0
479 695 2 3 90 5 0
480 282 1 8 9 3 0
480 440 1 4 99 3 0
480 376 3 1 63 5 0
481 313 4 0 16 3 0
481 453 2 6 99 3 0
481 469 1 9 48 5 0
482 959 1 2 80 3 0
482 601 0 1 39 4 0
483 756 0 4 98 3 0
483 194 4 7 9 4 0
485 70 1 3 57 4 0
485 635 0 9 7 3 0
485 233 2 1 48 3 0
485 57 1 2 34 3 0
487 590 1 7 40 5 0
488 439 3 6 36 3 0
488 611 0 5 59 3 0
488 545 3 6 17 3 0
488 1068 0 9 87 5 0
488 173 3 1 59 5 0
489 409 4 1 11 4 0
489 301 2 2 64 3 0
489 794 0 3 77 5 0
489 68 4 0 81 3 0
489 1026 4 5 21 3 0
489 558 4 3 94 3 0
490 1101 2 8 41 5 0
490 385 4 6 37 5 0
490 610 3 5 12 4 0
490 883 0 6 43 4 0
490 210 0 5 89 5 0
491 329 1 6 8 5 0
491 320 0 3 39 5 0
491 1178 0 0 27 5 0
491 499 1 5 59 5 0
492 638 2 1 6 3 0
492 789 1 6 7 5 0
493 271 1 0 99 5 0
493 128 1 1 95 5 0
493 853 2 1 40 4 0
494 419 1 6 58 5 0
494 876 2 7 42 4 0
494 268 0 1 41 3 0
494 369 3 3 59 3 0
495 505 2 6 8 4 0
495 8 3 8 76 5 0
495 93 4 1 11 5 0
496 1045 4 8 59 4 0
496 88 0 2 40 4 0
496 408 1 4 67 3 0
497 321 3 9 85 5 0
497 450 4 6 50 3 0
498 578 0 3 4 4 0
499 158 1 5 53 4 0
499 279 3 5 37 5 0
499 775 2 3 31 5 0
500 956 0 4 35 4 0
500 1057 4 7 49 3 0
501 276 2 4 95 4 0
501 198 3 8 75 3 0
501 454 3 9 50 4 0
502 128 0 5 81 3 0
502 554 4 2 33 5 0
502 353 3 8 32 5 0
502 918 4 1 18 4 0
503 671 4 6 33 4 0
503 676 4 0 59 3 0
503 261 4 8 77 3 0
503 316 3 6 86 5 0
503 1015 2 6 12 3 0
504 528 4 2 85 5 0
504 591 1 6 73 4 0
504 281 2 8 46 3 0
504 875 2 1 78 5 0
504 7 3 3 77 5 0
505 771 2 6 61 3 0
505 1007 1 2 79 3 0
505 961 3 6 95 4 0
505 261 0 7 92 5 0
505 486 4 2 88 5 0
505 1006 1 1 6 4 0
506 263 1 7 1 3 0
506 41 0 0 36 4 0
506 260 3 9 64 5 0
506 549 0 5 30 3 0
507 225 1 5 9 4 0
507 347 4 7 62 4 0
507 1018 2 5 26 3 0
507 646 4 3 37 5 0
507 838 3 7 77 4 0
507 210 3 7 100 5 0
507 1161 4 3 8 3 0
508 1102 4 3 14 4 0
508 1175 3 1 97 5 0
508 441 0 2 4 3 0
509 677 1 5 74 5 0
510 583 0 6 62 4 0
510 981 2 1 89 5 0
510 1150 2 5 8 3 0
511 510 4 2 63 4 0
511 73 3 7 65 3 0
511 612 2 7 7 3 0
512 434 3 8 82 3 0
513 533 2 1 21 3 0
513 644 1 7 43 5 0
513 1105 4 9 73 5 0
513 488 0 2 66 5 0
514 429 4 9 86 3 0
514 44 0 5 4 3 0
514 225 2 0 24 3 0
514 790 4 4 39 3 0
514 1059 2 8 74 3 0
515 583 4 6 9 3 0
515 260 3 4 32 5 0
516 661 0 7 2 5 0
516 905 2 2 25 3 0
516 681 4 9 96 5 0
516 982 4 7 28 5 0
516 909 1 8 55 4 0
516 860 1 0 5 4 0
516 370 2 0 50 5 0
517 468 2 9 83 5 0
517 759 2 2 41 4 0
517 316 3 4 90 4 0
518 216 4 4 48 3 0
518 893 3 1 45 4 0
518 480 1 8 19 3 0
519 979 4 2 25 5 0
519 591 0 9 4 3 0
519 291 0 0 25 4 0
519 437 1 9 90 5 0
519 1095 2 7 63 3 0
519 341 3 7 75 4 0
520 71 1 8 91 5 0
521 990 0 1 10 5 0
521 380 1 7 81 5 0
521 402 1 3 22 5 0
522 595 1 1 75 5 0
522 617 3 5 31 3 0
522 495 4 5 20 4 0
522 374 3 9 90 3 0
522 934 1 6 48 3 0
523 463 0 0 86 5 0
523 1028 2 3 86 5 0
523 939 0 1 72 4 0
524 570 1 0 76 5 0
524 389 2 2 34 3 0
524 445 3 0 54 5 0
524 540 2 9 79 3 0
524 308 4 2 32 5 0
525 428 0 6 56 5 0
525 738 0 4 20 5 0
526 971 0 3 33 4 0
526 915 0 5 14 4 0
526 152 2 7 30 3 0
526 219 4 0 54 5 0
526 95 4 8 48 4 0
527 1158 1 9 68 4 0
527 570 1 7 60 4 0
527 168 1 6 49 3 0
528 607 0 8 21 3 0
528 809 3 2 48 5 0
528 464 1 8 17 3 0
528 109 3 5 70 3 0
528 451 0 9 17 5 0
529 608 4 5 85 4 0
529 335 2 3 36 3 0
529 1107 0 9 75 4 0
530 240 4 3 1 3 0
530 539 2 1 23 4 0
530 163 4 8 47 4 0
530 350 3 8 4 3 0
530 65 2 1 51 4 0
531 230 1 3 87 5 0
532 476 0 2 89 3 0
532 1094 3 4 89 5 0
533 412 3 4 51 3 0
533 922 2 0 50 5 0
533 496 4 7 39 3 0
533 972 1 2 84 3 0
533 217 0 8 44 4 0
534 526 0 3 27 3 0
534 407 0 9 41 5 0
534 526 4 2 84 3 0
534 628 0 8 88 5 0
534 246 4 5 67 5 0
534 629 4 8 41 3 0
535 654 0 2 70 4 0
536 945 2 2 35 5 0
536 385 3 0 6 3 0
536 756 2 8 90 5 0
537 1198 1 4 53 5 0
537 752 3 1 70 4 0
537 1133 3 5 14 4 0
538 891 0 5 35 4 0
538 421 0 6 48 4 0
539 547 0 5 13 4 0
539 966 4 4 62 5 0
539 1138 0 6 31 3 0
540 583 1 6 13 4 0
540 331 4 5 12 4 0
540 159 2 1 93 4 0
541 588 0 8 42 4 0
541 1039 0 2 87 3 0
542 521 4 6 35 5 0
542 121 4 1 100 3 0
542 852 4 6 31 3 0
542 870 4 9 44 5 0
543 320 4 5 25 4 0
543 493 0 8 70 5 0
543 409 3 1 53 4 0
543 497 2 2 45 4 0
543 906 4 7 3 3 0
544 880 0 1 95 4 0
544 1084 3 4 11 5 0
545 715 2 7 25 4 0
545 39 1 7 29 5 0
546 893 4 5 23 3 0
546 519 2 4 86 4 0
547 200 2 7 97 3 0
547 329 0 0 8 5 0
547 235 0 7 22 5 0
548 102 0 8 10 5 0
548 1047 3 6 26 4 0
548 830 3 6 6 3 0
549 877 3 3 7 3 0
549 784 4 9 56 3 0
549 950 0 5 22 4 0
549 643 1 5 26 4 0
549 1106 4 0 1 5 0
550 609 2 9 28 3 0
550 642 0 0 61 5 0
550 826 1 2 62 5 0
551 325 0 1 32 4 0
551 463 1 1 56 3 0
551 722 1 7 52 4 0
551 320 1 3 75 3 0
552 1136 3 2 94 4 0
552 850 1 8 10 3 0
552 115 1 0 32 3 0
552 222 2 8 92 5 0
552 133 2 7 68 4 0
552 981 1 2 95 4 0
552 297 0 3 63 4 0
553 952 1 6 95 5 0
553 652 4 7 29 3 0
553 741 3 1 37 3 0
553 768 2 9 45 4 0
554 704 4 3 36 4 0
554 476 4 7 28 3 0
554 766 3 6 52 4 0
554 819 3 1 56 4 0
555 1158 3 2 87 5 0
555 654 2 5 77 4 0
555 775 0 4 47 4 0
556 480 1 4 71 3 0
556 433 0 4 35 4 0
556 739 3 3 60 4 0
556 82 4 9 95 5 0
557 907 2 1 67 3 0
557 825 1 6 23 4 0
558 41 4 8 67 3 0
558 512 4 1 82 5 0
558 832 1 6 95 5 0
558 1028 2 1 72 5 0
559 112 0 3 51 4 0
559 1115 1 2 52 3 0
559 267 2 2 30 5 0
559 471 0 5 13 3 0
559 296 3 5 91 3 0
559 75 1 4 67 3 0
559 466 1 8 26 4 0
560 307 1 9 93 4 0
561 1049 0 4 73 5 0
561 588 1 1 71 4 0
561 163 2 2 96 5 0
561 76 4 9 96 5 0
562 279 2 7 17 4 0
562 822 0 0 54 3 0
562 307 1 9 87 5 0
562 25 3 7 84 3 0
562 331 3 3 77 4 0
563 1161 3 2 7 3 0
564 13 2 5 64 4 0
564 771 2 4 30 5 0
564 484 3 2 71 4 0
564 418 4 9 50 3 0
565 263 4 5 90 5 0
565 307 4 0 61 5 0
565 511 2 9 84 3 0
565 279 2 9 66 3 0
565 676 0 0 88 4 0
565 101 1 7 25 4 0
565 619 2 4 71 3 0
565 586 1 0 6 4 0
566 1021 1 9 18 4 0
566 15 1 3 85 4 0
566 161 0 5 32 5 0
566 834 0 9 41 4 0
567 155 4 6 76 5 0
567 322 0 7 44 3 0
568 1049 2 7 22 3 0
568 1100 1 6 28 3 0
569 946 0 1 30 5 0
569 409 3 4 17 4 0
569 442 1 2 100 4 0
569 173 1 0 32 3 0
570 1153 4 5 26 3 0
570 856 3 8 54 3 0
570 131 3 5 53 3 0
570 1117 4 7 8 5 0
571 772 3 0 15 3 0
571 949 2 8 99 3 0
572 464 0 0 69 3 0
572 743 0 8 90 3 0
572 904 0 3 62 4 0
572 731 2 2 64 3 0
573 1012 3 9 26 5 0
573 973 4 3 27 3 0
574 344 3 6 55 3 0
575 282 0 0 20 4 0
575 699 1 4 10 4 0
575 815 1 7 49 3 0
575 537 0 0 61 5 0
576 145 4 7 1 4 0
576 263 4 0 78 4 0
576 85 3 1 22 4 0
576 1130 3 7 67 5 0
577 954 0 3 48 3 0
577 108 4 2 61 5 0
577 1105 3 6 8 3 0
578 773 0 9 96 4 0
578 999 4 0 15 3 0
578 108 4 2 36 5 0
578 311 1 8 88 3 0
579 41 3 7 95 3 0
579 796 1 3 48 5 0
579 497 3 0 86 4 0
579 412 1 4 23 3 0
579 55 3 3 13 3 0
580 400 3 6 98 5 0
580 7 0 4 89 4 0
580 643 4 7 85 5 0
581 990 2 4 37 3 0
581 118 3 5 57 3 0
581 258 3 3 14 4 0
582 372 2 9 93 4 0
582 90 0 0 98 5 0
582 958 3 8 40 3 0
582 437 0 0 63 3 0
583 355 3 1 41 4 0
583 1005 3 5 2 3 0
583 563 0 2 87 3 0
583 38 0 3 36 4 0
584 180 2 2 17 5 0
584 453 3 7 34 5 0
584 941 1 0 72 4 0
585 748 2 0 50 5 0
585 13 1 9 7 5 0
585 338 3 1 29 3 0
585 1189 4 5 62 4 0
586 691 1 3 6 4 0
586 818 4 6 67 3 0
586 108 2 7 23 5 0
586 748 4 7 90 4 0
587 548 2 8 47 5 0
587 972 0 0 79 5 0
587 736 2 2 56 3 0
587 586 2 2 29 3 0
587 729 3 5 91 4 0
587 212 3 4 7 5 0
587 189 2 6 83 4 0
587 1019 1 1 56 3 0
587 735 1 4 14 3 0
588 1179 0 1 74 4 0
588 922 2 3 62 4 0
588 548 3 4 37 4 0
588 915 3 1 27 4 0
588 1114 0 1 19 3 0
589 94 3 7 15 3 0
590 825 1 2 59 3 0
590 269 0 0 85 4 0
590 999 2 5 15 5 0
590 357 3 6 55 5 0
590 1062 2 4 10 4 0
591 527 0 4 79 4 0
591 884 2 8 34 3 0
591 356 0 1 61 5 0
592 831 1 0 18 5 0
592 526 0 7 72 3 0
592 25 1 5 20 3 0
593 418 1 2 33 5 0
593 1143 3 8 61 3 0
593 775 4 8 82 3 0
594 876 3 5 16 3 0
594 907 1 6 3 3 0
594 267 3 7 24 3 0
594 312 4 2 83 5 0
595 297 1 3 25 4 0
595 1157 4 1 84 5 0
595 319 1 1 51 4 0
595 584 2 8 95 3 0
596 203 0 8 64 4 0
596 127 3 2 32 4 0
596 1042 4 2 13 5 0
596 143 4 3 65 5 0
597 898 0 8 24 3 0
598 637 0 2 24 5 0
598 695 2 1 48 5 0
598 1018 1 5 58 4 0
598 736 2 4 78 4 0
598 31 2 5 42 4 0
601 810 1 1 66 5 0
601 595 0 4 73 4 0
601 340 4 7 88 5 0
601 393 0 9 94 3 0
601 193 4 0 60 3 0
602 920 4 6 42 3 0
602 251 3 5 23 5 0
602 943 2 5 52 5 0
603 817 0 0 90 5 0
603 1123 3 5 68 5 0
603 440 3 6 25 5 0
603 722 0 8 54 4 0
604 615 3 6 33 3 0
604 543 0 1 98 5 0
604 1011 1 5 79 4 0
605 909 2 1 92 4 0
605 904 4 9 49 4 0
605 1185 3 5 35 4 0
605 1052 2 2 93 5 0
606 595 3 5 63 4 0
607 705 3 2 70 5 0
607 624 2 7 50 5 0
607 573 3 5 10 3 0
607 515 3 4 44 5 0
607 873 2 3 61 4 0
607 1125 1 1 66 3 0
608 57 0 1 86 3 0
608 1158 1 4 82 3 0
609 13 2 2 72 3 0
609 817 2 1 86 5 0
609 643 4 5 78 5 0
609 277 2 5 45 5 0
609 142 4 9 76 5 0
609 673 1 4 72 5 0
610 579 4 6 25 5 0
611 147 4 1 68 3 0
611 479 0 3 26 4 0
611 926 2 9 13 5 0
611 34 1 6 86 3 0
612 404 1 5 45 4 0
612 1046 4 1 46 4 0
612 1135 2 8 40 5 0
612 751 0 9 89 5 0
613 1146 2 1 34 4 0
613 230 4 7 5 3 0
614 872 2 8 70 5 0
614 671 0 8 3 5 0
614 827 1 5 2 3 0
614 556 4 0 22 3 0
615 299 0 2 67 3 0
615 213 3 2 24 4 0
616 534 4 7 75 4 0
616 1098 1 9 27 3 0
616 966 0 6 91 5 0
617 764 1 3 59 3 0
617 119 0 8 54 4 0
617 731 3 7 3 4 0
617 542 1 1 50 3 0
617 757 3 5 96 5 0
618 938 1 6 3 4 0
618 963 1 8 49 5 0
618 992 1 7 77 5 0
618 510 1 9 89 3 0
618 839 3 4 11 4 0
618 230 2 8 81 4 0
619 1126 1 5 50 5 0
619 1053 3 0 11 5 0
619 522 4 4 97 3 0
619 418 4 8 92 4 0
620 1180 1 8 6 4 0
620 214 0 3 63 4 0
621 1090 0 5 78 3 0
621 850 4 3 48 3 0
621 1041 3 4 67 5 0
622 28 1 8 5 3 0
622 610 3 1 66 5 0
623 515 0 2 55 5 0
623 316 4 9 82 3 0
624 876 4 5 66 3 0
624 231 0 6 85 3 0
625 581 2 6 89 3 0
625 480 2 5 14 5 0
625 394 3 2 99 5 0
625 967 1 4 37 4 0
625 1074 0 0 32 4 0
625 1130 1 8 99 5 0
625 431 1 1 35 3 0
625 946 0 2 91 4 0
626 531 1 5 100 4 0
626 557 1 5 68 3 0
626 26 4 1 58 3 0
626 876 0 1 79 3 0
626 947 1 6 95 4 0
628 1125 3 3 56 4 0
629 497 3 2 80 4 0
630 1049 0 0 20 5 0
630 1193 2 0 30 4 0
630 679 3 2 58 3 0
630 983 3 4 44 4 0
630 139 2 6 67 5 0
631 525 0 3 70 3 0
631 1158 1 5 19 3 0
631 1123 4 9 11 3 0
631 357 3 4 3 4 0
631 482 0 2 16 3 0
632 109 3 7 84 4 0
632 999 4 7 57 5 0
632 417 1 9 44 3 0
632 1151 0 0 18 4 0
633 953 4 1 83 3 0
633 203 0 4 66 5 0
633 201 2 5 47 4 0
633 190 2 5 40 4 0
634 233 3 4 13 4 0
634 898 2 1 86 3 0
634 376 4 9 60 4 0
634 652 2 5 43 5 0
635 997 3 1 97 4 0
635 366 3 5 55 3 0
635 958 0 5 73 5 0
636 94 3 9 61 5 0
636 844 2 8 38 5 0
636 101 0 2 93 3 0
636 249 3 4 32 3 0
636 912 0 9 43 5 0
636 811 4 4 31 3 0
637 1130 2 1 35 5 0
637 854 0 3 55 5 0
637 172 0 9 25 5 0
639 169 2 7 46 4 0
639 221 1 3 77 5 0
639 1116 2 3 89 3 0
639 210 0 6 28 3 0
639 948 1 6 62 4 0
640 524 1 1 17 3 0
640 326 3 3 86 3 0
640 657 3 8 21 4 0
640 601 1 5 47 4 0
641 473 2 4 71 5 0
641 506 0 3 69 4 0
641 458 1 9 66 3 0
641 822 1 6 75 5 0
641 629 3 5 73 3 0
642 1147 2 7 30 3 0
642 115 2 3 66 5 0
643 400 3 4 23 4 0
643 583 3 4 65 3 0
644 960 1 1 100 4 0
644 832 2 6 55 5 0
645 263 0 1 1 5 0
645 524 1 0 44 3 0
645 20 4 5 8 5 0
645 164 3 3 40 5 0
645 747 3 0 79 4 0
646 741 3 8 65 5 0
646 683 1 3 75 4 0
647 198 0 2 28 3 0
647 709 0 9 34 4 0
647 857 2 8 66 3 0
647 1164 0 3 61 4 0
647 1149 4 2 40 5 0
647 543 4 5 83 3 0
648 99 3 8 4 3 0
648 1065 2 7 53 5 0
649 6 4 0 61 5 0
649 482 3 9 85 5 0
649 2 3 5 94 4 0
649 541 2 0 97 3 0
649 883 3 0 62 5 0
651 593 1 8 87 3 0
651 710 2 9 41 5 0
651 801 3 3 84 5 0
651 984 3 7 5 5 0
652 1073 3 1 96 3 0
652 1034 4 8 18 5 0
652 146 4 4 100 4 0
652 336 0 7 67 3 0
652 391 4 6 71 4 0
652 654 0 1 69 3 0
653 967 0 5 78 3 0
653 276 2 6 69 4 0
653 288 2 9 57 3 0
653 814 0 7 2 3 0
654 65 3 7 96 4 0
654 802 4 2 66 5 0
654 612 0 4 92 5 0
654 154 2 0 28 4 0
655 487 1 0 25 4 0
656 510 1 4 80 3 0
656 694 1 0 59 5 0
656 743 3 1 90 4 0
657 142 2 3 64 4 0
657 797 0 8 14 5 0
657 335 1 9 10 5 0
657 886 4 0 22 3 0
658 41 2 6 39 3 0
658 604 3 3 72 4 0
658 158 0 5 37 5 0
658 610 4 6 66 4 0
658 292 2 1 3 3 0
659 698 1 8 21 5 0
659 233 3 7 7 5 0
659 792 3 6 78 5 0
660 381 1 1 13 5 0
660 274 2 2 2 3 0
660 292 3 3 18 5 0
661 893 0 9 42 4 0
661 158 1 4 8 3 0
661 768 4 0 59 3 0
662 926 3 0 77 3 0
663 96 3 3 49 3 0
663 259 2 2 74 3 0
663 1182 2 2 90 3 0
663 329 0 8 75 3 0
664 93 1 1 62 4 0
664 187 3 6 51 4 0
664 308 2 9 40 5 0
664 690 1 2 19 3 0
664 687 1 0 45 4 0
665 955 0 8 6 5 0
665 1175 1 0 69 3 0
665 98 1 0 7 4 0
665 645 4 0 40 5 0
665 879 2 1 10 4 0
665 876 3 0 79 3 0
665 415 1 6 2 3 0
666 1101 0 0 77 4 0
666 501 3 6 15 5 0
666 246 2 0 56 4 0
666 359 1 4 49 3 0
667 643 1 6 34 4 0
667 1145 2 4 80 4 0
668 794 0 1 66 3 0
668 1039 4 4 59 5 0
668 178 3 3 6 4 0
668 878 3 9 14 4 0
669 1189 3 9 10 4 0
669 1033 4 6 93 3 0
670 215 1 8 24 3 0
670 946 3 4 37 3 0
670 583 3 5 82 5 0
670 92 2 8 82 4 0
670 953 1 5 69 3 0
670 360 1 7 43 3 0
670 449 2 5 1 5 0
671 1050 0 7 91 4 0
671 364 0 4 65 3 0
671 1078 3 2 61 3 0
671 30 3 7 13 4 0
671 799 1 9 18 5 0
672 478 1 4 43 4 0
672 737 1 6 71 3 0
673 503 3 5 21 3 0
673 656 0 8 72 5 0
673 45 3 0 29 5 0
673 1108 0 0 82 3 0
674 1046 3 3 80 3 0
674 203 3 2 96 4 0
674 956 1 8 38 4 0
674 600 2 9 84 5 0
674 976 0 1 54 5 0
674 1043 4 1 80 3 0
674 1052 1 9 85 4 0
674 439 3 3 95 3 0
676 829 0 2 73 3 0
676 898 4 2 68 3 0
676 1172 3 6 92 3 0
676 703 2 8 24 4 0
676 265 1 6 56 4 0
678 1128 4 1 43 3 0
678 311 3 6 99 3 0
678 470 4 6 100 5 0
678 904 0 5 33 5 0
678 624 4 9 41 3 0
678 763 2 2 58 5 0
679 187 2 9 96 5 0
679 1152 4 8 45 5 0
679 166 3 7 25 3 0
679 1156 2 7 28 5 0
680 683 1 3 77 5 0
680 896 1 8 2 4 0
680 975 2 5 64 3 0
680 619 1 3 47 4 0
680 1161 4 2 96 5 0
681 490 2 7 45 4 0
681 676 2 0 92 4 0
681 1074 2 1 10 5 0
681 452 1 1 72 4 0
682 41 1 0 55 3 0
682 960 4 5 7 3 0
682 775 1 3 41 5 0
682 1180 4 8 55 3 0
683 948 0 6 32 5 0
683 1194 1 3 27 5 0
683 414 1 2 18 5 0
683 222 0 2 94 3 0
683 660 0 5 93 4 0
684 845 4 4 2 4 0
684 406 1 2 87 3 0
685 919 0 7 37 5 0
685 330 3 7 21 4 0
685 323 2 5 18 5 0
685 667 3 0 66 3 0
685 809 1 7 24 4 0
686 653 3 3 34 5 0
686 840 4 0 18 4 0
686 530 1 2 20 5 0
686 167 1 9 99 3 0
686 680 2 6 37 3 0
687 116 1 8 20 3 0
687 838 3 8 30 4 0
687 920 3 0 95 5 0
688 620 3 3 56 3 0
688 365 4 1 2 4 0
688 941 0 9 72 5 0
689 68 0 1 39 5 0
689 569 0 1 52 3 0
689 802 3 8 35 4 0
690 1083 0 6 83 4 0
690 223 2 1 45 3 0
691 759 4 9 29 3 0
692 227 0 9 21 3 0
692 1070 0 3 36 4 0
692 1133 0 4 89 3 0
692 233 2 5 19 3 0
693 652 4 2 40 4 0
693 537 3 4 84 3 0
694 753 4 2 57 5 0
694 10 0 6 86 5 0
694 802 4 3 50 5 0
694 679 2 0 76 3 0
694 1101 2 8 96 3 0
695 243 0 2 24 5 0
696 278 1 1 99 5 0
696 729 3 4 54 5 0
696 1088 1 6 91 4 0
696 708 1 0 90 3 0
696 1071 2 9 91 5 0
697 288 0 0 79 5 0
697 502 3 1 55 4 0
697 939 3 3 86 4 0
697 363 3 9 49 4 0
698 1130 0 2 89 4 0
698 315 4 3 22 4 0
698 816 3 2 5 5 0
698 320 2 3 97 4 0
698 755 0 6 59 3 0
699 604 3 5 53 4 0
699 296 2 3 21 3 0
699 157 2 6 15 4 0
699 1098 0 9 88 5 0
701 387 4 6 17 4 0
701 159 0 0 20 3 0
701 118 1 7 8 3 0
702 742 4 2 30 4 0
702 1171 1 4 68 5 0
702 747 0 7 41 5 0
702 469 2 2 73 4 0
702 742 1 8 60 4 0
703 124 2 8 28 3 0
704 648 0 2 73 3 0
704 489 0 9 76 5 0
704 440 2 8 67 3 0
705 19 0 5 70 4 0
705 1110 3 8 76 3 0
705 822 3 8 82 3 0
706 329 0 0 55 5 0
706 506 4 5 10 5 0
706 269 1 6 98 5 0
706 283 3 8 52 5 0
706 1030 1 5 63 5 0
707 959 2 0 79 4 0
707 732 0 5 81 5 0
707 936 2 8 69 5 0
708 97 4 3 48 5 0
708 172 3 3 30 3 0
708 918 1 7 24 5 0
708 802 3 7 63 5 0
708 523 3 6 20 3 0
709 1146 0 9 92 4 0
709 456 1 4 3 4 0
709 770 3 3 63 3 0
709 579 2 7 47 5 0
709 563 1 6 77 5 0
710 1024 1 5 49 5 0
710 1161 0 1 49 4 0
710 975 3 7 31 5 0
710 800 2 7 69 4 0
710 884 2 2 57 5 0
710 525 4 8 79 3 0
711 253 4 7 96 5 0
711 409 2 3 44 3 0
711 849 0 6 49 5 0
711 1106 1 5 9 5 0
712 114 2 5 54 3 0
712 181 4 6 52 3 0
712 223 3 4 16 4 0
712 119 1 5 45 3 0
713 353 0 7 63 5 0
713 9 2 9 64 3 0
713 676 1 2 4 5 0
713 894 4 3 61 5 0
714 628 0 5 100 4 0
714 488 2 6 71 5 0
715 149 3 1 65 4 0
715 656 4 2 93 3 0
715 1010 2 1 1 3 0
715 606 1 2 19 5 0
717 841 1 3 4 4 0
717 105 2 7 77 5 0
717 1057 0 9 82 5 0
718 137 1 4 30 4 0
718 538 3 9 70 5 0
719 921 2 6 27 5 0
719 879 0 5 37 4 0
720 26 2 7 84 5 0
721 486 0 8 73 3 0
721 482 2 2 35 5 0
721 197 0 1 45 3 0
722 919 4 6 39 3 0
722 787 1 4 13 4 0
723 998 4 1 74 4 0
723 1062 3 9 1 3 0
724 645 4 6 16 3 0
724 1051 0 5 79 5 0
725 882 2 3 94 4 0
725 298 4 9 70 4 0
725 147 0 9 76 3 0
725 1043 0 5 84 5 0
725 420 1 6 93 4 0
726 258 1 6 5 5 0
726 986 0 0 10 5 0
727 373 4 2 47 3 0
727 85 2 6 75 3 0
727 44 0 1 42 3 0
728 1078 1 9 26 5 0
728 836 3 1 56 4 0
730 190 0 1 82 5 0
730 540 3 0 88 5 0
730 877 0 3 73 4 0
730 916 3 9 98 3 0
730 468 0 5 32 3 0
731 376 0 5 96 4 0
731 660 2 5 83 3 0
732 619 3 5 67 4 0
732 677 0 9 76 4 0
733 790 3 1 26 5 0
733 1116 4 5 19 4 0
733 76 3 8 19 5 0
733 581 1 7 84 3 0
735 69 2 6 18 3 0
735 416 2 5 80 4 0
735 249 1 2 78 3 0
735 19 1 2 87 4 0
735 88 2 6 7 5 0
735 1192 3 2 24 4 0
736 707 4 6 98 5 0
736 368 2 6 45 3 0
736 1076 1 3 35 5 0
737 1044 0 9 57 5 0
737 739 1 5 34 3 0
737 101 0 4 35 3 0
737 362 4 5 3 4 0
737 271 2 2 27 4 0
739 998 0 8 21 5 0
739 127 4 7 22 3 0
740 639 3 9 82 5 0
740 885 0 7 60 3 0
740 1068 2 7 39 3 0
740 1118 3 8 62 4 0
740 457 4 2 86 3 0
740 22 4 3 94 3 0
741 1178 2 0 24 3 0
742 160 2 2 78 3 0
742 688 0 6 96 4 0
742 98 4 1 50 5 0
743 259 3 6 35 4 0
743 378 2 0 63 5 0
743 350 1 6 51 4 0
744 71 3 6 74 4 0
745 71 3 5 27 3 0
745 851 3 7 57 3 0
745 547 4 0 72 5 0
746 1199 2 9 89 4 0
746 1061 4 9 4 5 0
746 946 4 2 64 5 0
746 265 1 4 98 4 0
746 165 4 6 47 3 0
747 821 3 4 23 3 0
747 73 4 6 15 5 0
748 917 2 9 41 4 0
748 1062 0 8 22 4 0
749 1143 0 8 74 3 0
750 237 2 4 91 5 0
750 210 3 7 59 4 0
750 1098 3 6 84 3 0
751 741 3 7 82 5 0
751 18 2 2 66 4 0
751 260 1 2 15 4 0
752 940 1 5 5 5 0
752 676 1 4 1 3 0
752 261 3 8 100 4 0
752 172 1 0 1 3 0
753 1078 0 9 36 5 0
753 168 3 1 51 3 0
754 804 0 2 47 4 0
754 79 2 7 34 4 0
755 369 0 1 37 3 0
755 794 3 0 67 4 0
756 948 2 7 1 5 0
756 1049 2 5 96 4 0
756 966 3 2 27 3 0
757 4 0 3 100 4 0
757 215 4 1 34 4 0
757 587 2 5 79 4 0
757 1164 1 6 63 4 0
757 500 4 7 68 5 0
758 68 2 5 7 4 0
758 375 4 2 84 4 0
758 869 1 4 71 5 0
758 94 2 8 84 3 0
758 311 1 5 10 5 0
759 777 4 7 84 5 0
760 1085 0 1 15 5 0
761 1123 4 7 99 5 0
761 1088 1 5 98 5 0
762 341 2 0 96 3 0
762 562 3 4 66 3 0
763 488 2 9 28 4 0
763 620 0 7 30 5 0
763 1128 0 9 43 4 0
763 895 1 9 6 3 0
765 693 3 4 42 5 0
766 173 4 6 96 3 0
766 1072 3 0 64 5 0
766 448 1 1 80 3 0
766 829 0 7 83 3 0
766 769 0 2 13 3 0
767 1015 2 0 84 4 0
767 1181 3 7 25 5 0
767 344 2 2 67 3 0
767 1024 4 3 60 4 0
767 149 1 9 6 3 0
768 1051 3 7 35 5 0
768 545 3 7 80 3 0
768 61 4 7 12 4 0
768 772 2 9 27 4 0
768 847 2 1 32 3 0
769 482 2 7 98 3 0
769 504 2 1 33 4 0
769 44 3 7 44 3 0
770 442 1 1 34 3 0
770 143 1 5 13 5 0
770 261 3 7 69 5 0
771 502 4 3 46 5 0
771 163 0 9 79 5 0
771 135 0 6 6 5 0
771 114 0 5 6 4 0
771 922 0 5 79 3 0
771 759 4 4 54 5 0
771 306 0 9 80 4 0
771 270 1 9 43 4 0
771 731 1 7 75 3 0
772 589 2 9 79 4 0
772 557 3 3 6 4 0
772 955 4 7 4 4 0
772 823 0 7 18 3 0
772 1078 0 5 100 5 0
773 51 4 8 24 5 0
773 987 3 0 72 5 0
774 876 1 8 35 5 0
774 1058 4 2 35 4 0
775 995 3 0 6 4 0
775 196 4 4 44 3 0
776 570 3 4 54 4 0
776 445 3 4 71 3 0
777 400 2 4 21 5 0
777 88 1 3 49 3 0
777 333 2 3 100 4 0
777 1120 4 3 97 4 0
777 314 2 4 38 5 0
777 848 4 7 95 3 0
777 451 3 6 1 5 0
777 467 1 5 68 4 0
778 936 1 1 8 4 0
778 1088 1 1 37 3 0
778 327 1 9 51 3 0
779 336 4 4 81 5 0
779 311 4 9 90 5 0
780 738 2 0 10 3 0
780 1127 1 4 89 3 0
780 516 3 5 9 4 0
781 857 0 8 26 4 0
782 1170 3 4 46 5 0
782 1095 3 5 91 5 0
782 518 1 9 65 3 0
782 271 2 1 48 5 0
782 180 0 3 5 5 0
783 79 2 0 9 3 0
783 1083 3 8 2 3 0
783 431 3 2 23 4 0
783 303 0 3 73 3 0
784 423 0 2 40 5 0
784 369 4 7 98 4 0
785 566 1 3 66 5 0
786 523 2 1 47 3 0
786 876 3 2 60 3 0
786 227 0 0 21 3 0
786 660 1 8 92 3 0
788 1052 1 8 40 5 0
788 965 3 1 3 5 0
789 196 0 2 97 4 0
789 907 2 3 98 3 0
789 152 4 0 68 3 0
789 330 1 5 81 4 0
789 986 4 4 5 3 0
789 135 1 4 84 3 0
790 853 0 4 98 3 0
790 266 1 4 63 3 0
791 725 4 8 75 4 0
791 496 4 9 89 3 0
791 892 0 6 42 5 0
792 415 2 6 80 5 0
792 1198 1 4 94 4 0
792 1162 2 3 69 3 0
793 306 1 1 64 4 0
793 959 1 0 86 5 0
793 763 0 3 94 4 0
793 52 2 8 16 4 0
794 1182 3 1 72 3 0
794 603 4 2 87 3 0
794 596 2 7 79 4 0
794 298 1 1 66 3 0
794 308 4 6 92 5 0
795 373 3 4 71 5 0
795 555 1 7 55 5 0
795 518 0 3 83 5 0
796 192 2 9 76 5 0
796 602 0 7 5 5 0
796 727 3 6 50 3 0
796 548 0 8 71 5 0
797 534 0 3 52 3 0
797 754 4 7 29 5 0
797 819 2 3 24 3 0
797 957 3 1 57 5 0
797 909 4 3 99 4 0
798 1121 1 8 39 4 0
798 787 3 8 99 3 0
799 1119 0 3 39 5 0
799 221 3 5 50 5 0
799 612 0 7 24 3 0
799 1181 1 5 97 5 0
800 859 2 1 87 5 0
800 391 2 6 8 5 0
800 949 0 5 72 5 0
800 638 1 3 11 4 0
800 342 0 9 72 5 0
800 611 2 1 14 5 0
800 955 0 9 87 4 0
800 429 3 0 45 4 0
800 963 2 9 2 3 0
800 287 3 9 11 5 0
801 898 2 3 99 5 0
801 698 3 4 53 5 0
801 368 4 0 81 4 0
802 703 2 9 92 3 0
802 746 4 6 31 5 0
802 135 3 0 73 5 0
803 234 1 3 14 5 0
803 1098 2 7 59 5 0
804 757 3 5 54 4 0
804 27 0 8 15 5 0
805 9 0 7 71 3 0
805 614 2 2 15 3 0
805 931 3 2 74 3 0
806 250 2 7 22 4 0
806 371 1 7 28 4 0
806 1131 4 5 97 5 0
806 824 3 0 10 5 0
807 240 1 8 7 5 0
807 136 1 3 3 4 0
807 537 2 0 9 4 0
807 1109 1 9 3 5 0
807 667 0 5 51 4 0
807 975 4 0 23 5 0
808 627 3 4 98 5 0
808 114 4 8 64 5 0
809 450 2 8 90 4 0
809 578 4 0 46 5 0
809 556 3 6 30 5 0
809 678 0 3 29 5 0
809 739 4 9 99 3 0
810 1083 2 8 60 4 0
810 616 3 9 14 5 0
811 672 1 0 73 5 0
811 648 1 6 42 4 0
811 700 0 6 62 4 0
811 392 3 5 83 4 0
811 629 0 6 20 3 0
812 209 1 7 45 3 0
812 462 4 3 40 4 0
812 59 3 8 62 3 0
812 588 1 5 50 4 0
813 892 0 7 89 4 0
814 87 3 9 39 4 0
814 874 3 4 23 5 0
814 618 0 3 69 3 0
814 277 2 4 2 5 0
814 417 1 5 55 4 0
814 364 2 1 16 4 0
814 80 1 9 3 5 0
815 259 3 3 97 5 0
815 565 1 6 29 3 0
815 475 1 6 54 4 0
817 895 3 4 45 4 0
817 445 0 3 71 4 0
817 884 3 1 85 5 0
817 302 4 9 74 5 0
817 494 0 5 100 5 0
818 413 1 2 2 4 0
818 810 1 9 60 5 0
819 310 4 4 40 3 0
819 48 2 5 1 3 0
819 868 0 7 51 5 0
820 436 0 6 46 5 0
821 496 1 2 44 3 0
821 563 2 9 27 4 0
821 390 4 4 22 3 0
821 33 3 4 85 4 0
822 919 0 6 5 5 0
822 955 3 4 99 5 0
822 187 4 1 45 5 0
822 1184 0 2 36 4 0
822 735 3 4 8 4 0
822 860 3 9 84 5 0
823 639 4 0 36 4 0
823 244 1 2 86 4 0
823 484 3 8 61 5 0
824 1187 4 5 98 5 0
824 261 4 4 88 4 0
825 373 2 3 97 4 0
825 1130 3 0 74 5 0
825 536 1 0 50 3 0
826 939 2 3 78 4 0
827 242 2 3 10 5 0
827 1137 4 8 7 4 0
827 472 3 2 31 5 0
828 1102 2 6 39 5 0
828 798 0 1 54 3 0
828 406 1 9 62 3 0
828 986 4 1 63 3 0
829 510 0 2 60 5 0
829 1063 1 5 4 3 0
829 145 1 1 58 4 0
829 257 2 1 68 5 0
829 987 4 9 31 3 0
829 905 3 9 72 3 0
830 921 2 8 23 3 0
830 467 3 3 89 5 0
830 955 3 1 55 4 0
830 300 4 4 2 3 0
831 953 4 6 20 5 0
832 462 0 7 37 5 0
833 1117 1 6 94 3 0
833 86 1 6 78 4 0
833 209 3 2 45 5 0
834 421 2 7 56 4 0
834 1070 0 0 84 3 0
834 745 2 4 93 4 0
834 876 2 6 27 5 0
834 1170 1 6 46 3 0
835 920 4 2 30 3 0
835 559 1 1 63 5 0
835 480 3 1 46 4 0
835 361 4 3 20 3 0
836 33 3 9 19 5 0
836 285 2 2 65 5 0
836 983 0 0 83 4 0
836 696 2 2 98 3 0
836 850 4 9 41 5 0
836 914 2 7 25 3 0
837 907 0 6 30 4 0
837 25 1 5 22 3 0
837 1107 3 1 87 3 0
837 430 0 2 3 4 0
839 664 3 8 57 5 0
839 1113 0 7 16 3 0
839 509 2 8 4 5 0
840 776 1 8 69 5 0
840 907 4 1 90 5 0
841 849 2 0 86 5 0
841 165 0 4 50 4 0
841 700 4 1 1 4 0
841 63 2 7 78 5 0
841 1031 1 6 43 5 0
842 454 4 9 11 3 0
842 806 3 9 65 5 0
842 1166 3 0 10 3 0
842 523 1 6 37 5 0
842 116 0 0 3 3 0
843 213 2 1 37 5 0
843 124 3 2 3 5 0
845 682 0 3 77 5 0
846 366 2 7 59 4 0
847 104 2 6 81 4 0
847 475 3 0 57 3 0
848 427 3 0 73 5 0
849 520 3 9 25 5 0
849 845 2 3 81 4 0
849 511 4 2 52 3 0
849 789 2 6 99 5 0
850 334 0 0 33 4 0
850 564 0 4 77 5 0
850 1170 2 6 38 3 0
850 20 2 7 67 3 0
851 793 4 6 33 4 0
852 546 2 2 59 5 0
852 888 4 1 69 4 0
852 733 1 1 72 4 0
852 1148 4 7 91 5 0
852 36 1 0 92 4 0
853 127 0 4 32 5 0
853 357 1 5 32 5 0
853 821 4 1 19 4 0
853 863 2 8 47 3 0
854 1121 3 9 15 4 0
854 234 4 0 57 5 0
854 691 3 3 38 5 0
854 1100 2 7 7 5 0
855 160 1 7 22 3 0
855 544 4 2 56 4 0
855 227 1 9 92 5 0
855 437 2 7 56 3 0
855 714 1 5 6 3 0
856 714 4 6 95 5 0
856 516 1 7 82 3 0
857 1195 2 9 48 5 0
857 388 2 6 28 4 0
857 74 2 0 58 5 0
857 382 2 6 81 4 0
858 562 4 2 99 5 0
858 207 4 2 84 4 0
858 315 1 5 45 5 0
858 289 4 1 98 5 0
858 953 3 0 49 5 0
858 778 3 2 74 5 0
858 784 2 5 68 3 0
858 892 4 3 75 4 0
859 74 1 9 95 5 0
859 846 3 6 49 3 0
859 61 4 4 84 3 0
860 262 2 3 1 4 0
860 446 2 9 19 3 0
861 770 4 5 69 5 0
861 1042 2 1 8 5 0
862 1141 3 2 79 4 0
862 549 4 2 18 5 0
863 889 1 8 84 3 0
863 43 2 3 42 5 0
863 1147 3 4 30 5 0
864 891 0 5 45 4 0
864 0 3 6 79 4 0
864 1153 0 7 57 4 0
864 289 2 8 17 3 0
864 1002 3 3 31 4 0
865 1066 3 5 17 5 0
865 789 4 6 96 5 0
865 1196 0 1 73 5 0
865 112 4 4 63 3 0
865 36 1 9 94 4 0
866 542 1 6 19 5 0
867 1190 1 2 35 4 0
867 61 4 1 82 3 0
867 1192 0 2 85 3 0
868 176 4 8 92 3 0
868 990 1 3 57 5 0
868 1018 1 5 37 3 0
868 66 3 5 3 5 0
869 119 0 6 51 5 0
869 1151 0 3 22 4 0
869 932 1 1 82 4 0
869 821 4 5 19 4 0
869 800 4 2 40 5 0
870 324 4 9 90 3 0
870 525 4 4 82 4 0
870 170 4 3 80 5 0
870 65 2 3 96 4 0
870 458 0 7 27 3 0
870 934 3 0 65 4 0
870 160 1 0 96 4 0
870 1011 0 7 45 5 0
871 144 2 6 87 3 0
872 807 4 1 1 4 0
872 348 0 5 100 5 0
872 19 4 9 2 5 0
873 782 2 3 47 3 0
874 763 2 8 19 4 0
874 445 3 7 20 3 0
874 1124 1 7 99 5 0
874 116 3 4 78 4 0
875 715 3 5 69 5 0
875 935 3 6 43 5 0
875 4 4 7 31 5 0
875 898 1 5 24 4 0
875 360 1 7 17 4 0
876 752 2 6 29 3 0
876 713 4 7 55 5 0
876 904 4 8 59 4 0
877 948 1 4 83 4 0
877 148 4 8 92 5 0
877 731 3 6 8 5 0
877 756 3 8 99 5 0
877 907 3 9 16 3 0
878 1129 2 6 78 5 0
878 529 3 2 68 4 0
878 1194 1 4 86 5 0
879 251 3 2 81 4 0
880 108 2 5 42 5 0
880 284 3 4 38 3 0
880 723 4 9 30 3 0
881 108 4 0 41 3 0
881 1027 4 5 13 5 0
882 895 4 0 2 4 0
882 810 4 9 35 3 0
882 642 3 5 64 4 0
882 229 4 2 68 4 0
883 429 4 2 38 4 0
883 1074 3 4 48 5 0
884 534 0 7 28 3 0
884 663 4 2 20 4 0
884 905 1 2 91 4 0
884 155 4 2 18 3 0
884 173 3 8 63 5 0
884 801 0 4 20 5 0
885 372 1 6 19 3 0
885 977 1 3 67 3 0
885 149 4 3 92 4 0
886 1077 2 9 95 4 0
886 64 0 8 22 3 0
887 169 0 8 21 4 0
887 213 3 9 71 4 0
887 1120 0 3 2 5 0
887 254 1 1 82 4 0
888 853 0 2 13 5 0
888 1065 0 4 91 4 0
888 139 0 0 11 3 0
888 373 3 4 8 4 0
889 753 3 4 22 5 0
889 1183 0 2 46 4 0
890 391 0 1 7 3 0
891 573 1 6 12 4 0
891 370 3 3 90 4 0
891 129 2 2 85 4 0
891 1093 1 3 62 3 0
891 1160 4 7 60 4 0
892 776 4 4 92 5 0
892 994 1 7 48 4 0
892 1181 0 3 54 4 0
892 919 4 4 16 4 0
892 554 3 9 92 5 0
892 1042 1 3 11 3 0
893 382 4 3 17 4 0
893 393 2 8 6 4 0
893 688 3 0 72 3 0
893 955 1 4 87 5 0
894 348 0 9 65 3 0
894 138 3 6 53 5 0
894 1126 1 3 5 3 0
894 738 4 4 12 4 0
894 497 1 2 78 4 0
895 811 0 2 84 4 0
895 513 1 6 55 3 0
895 738 0 6 12 5 0
896 347 3 1 10 4 0
896 172 2 7 57 3 0
896 627 1 3 77 4 0
897 515 2 6 96 3 0
897 1152 0 5 41 3 0
898 611 3 8 20 3 0
898 1067 3 0 62 3 0
898 211 1 8 67 3 0
898 868 0 6 31 4 0
898 743 1 8 54 4 0
898 775 1 1 28 4 0
899 88 4 3 68 3 0
899 106 2 8 96 3 0
899 359 4 4 30 4 0
899 179 0 8 56 3 0
900 115 1 7 65 4 0
901 685 0 4 82 4 0
901 162 1 3 86 5 0
901 262 2 3 62 5 0
902 629 2 1 1 5 0
902 91 0 1 60 3 0
902 994 4 2 52 4 0
902 948 4 5 11 5 0
902 925 1 4 100 3 0
902 1070 3 2 32 5 0
903 1151 1 5 38 3 0
903 776 4 4 9 5 0
903 688 2 7 55 5 0
904 100 0 0 71 4 0
904 890 0 1 19 4 0
904 797 1 4 89 4 0
904 794 1 2 64 3 0
905 534 1 5 80 5 0
905 336 4 8 59 5 0
905 769 3 1 46 5 0
906 129 4 7 96 4 0
906 89 2 2 8 3 0
906 293 2 9 11 3 0
906 803 2 5 21 3 0
906 550 0 1 53 5 0
906 869 3 8 5 5 0
907 472 1 6 52 4 0
907 663 3 6 41 4 0
908 206 4 8 97 3 0
909 805 2 6 28 4 0
909 99 3 0 2 3 0
909 534 1 4 45 5 0
909 291 0 5 53 3 0
910 1062 1 6 81 4 0
910 650 3 6 72 4 0
910 66 1 9 31 4 0
910 571 0 8 3 4 0
911 867 1 4 90 4 0
911 1035 4 9 64 3 0
911 841 2 2 68 4 0
911 150 4 3 84 3 0
912 488 2 2 14 3 0
913 157 0 4 16 3 0
913 310 3 7 84 3 0
913 647 3 2 62 4 0
914 323 4 1 30 5 0
914 456 4 5 64 5 0
915 369 4 5 88 5 0
915 35 4 7 11 3 0
915 1090 3 2 68 3 0
916 890 3 1 68 3 0
916 219 1 8 54 5 0
916 101 2 4 86 3 0
916 486 2 9 7 5 0
917 447 2 2 20 5 0
917 19 4 5 78 4 0
917 665 3 0 94 5 0
917 1052 0 2 68 4 0
917 619 2 4 92 4 0
917 498 2 3 5 4 0
918 855 1 1 25 4 0
918 418 4 7 44 4 0
918 1187 2 6 45 4 0
919 822 1 1 100 5 0
919 738 1 9 23 4 0
919 192 3 5 91 5 0
920 904 3 4 47 3 0
920 788 4 5 16 5 0
920 235 0 1 40 5 0
921 569 3 5 43 3 0
921 330 1 4 63 3 0
921 162 1 1 13 5 0
921 461 0 4 3 4 0
922 172 4 1 86 3 0
922 775 4 6 42 4 0
922 991 1 7 25 3 0
922 679 1 2 11 3 0
924 621 1 9 34 5 0
924 958 1 7 70 4 0
924 317 4 9 19 5 0
925 162 2 2 70 3 0
925 1066 4 0 73 5 0
925 692 0 3 62 4 0
925 1056 1 3 77 4 0
928 616 2 7 12 5 0
928 190 3 5 4 5 0
928 349 3 4 37 3 0
929 1095 2 9 81 4 0
929 45 2 7 41 3 0
930 1096 3 6 37 4 0
930 880 2 7 19 5 0
930 227 1 3 54 4 0
931 92 0 8 86 5 0
931 709 1 0 88 5 0
931 662 0 1 16 3 0
931 128 1 1 32 3 0
932 132 4 2 52 5 0
932 419 4 6 70 3 0
932 708 1 3 19 5 0
932 1034 2 7 76 5 0
932 227 0 9 54 3 0
932 983 4 4 75 3 0
932 141 2 0 6 3 0
932 671 2 2 56 5 0
932 251 0 3 80 4 0
933 976 4 1 95 3 0
933 149 3 1 55 4 0
933 1025 1 9 76 5 0
935 470 0 8 7 4 0
936 118 3 9 20 4 0
936 579 1 5 23 4 0
936 547 4 6 41 4 0
936 490 4 8 61 4 0
936 347 0 5 49 3 0
936 94 3 7 85 5 0
937 692 4 4 15 3 0
937 859 3 8 90 4 0
937 152 2 7 47 3 0
937 791 3 8 1 3 0
938 779 3 2 7 4 0
938 1106 2 9 64 4 0
938 859 3 6 14 3 0
938 832 3 1 45 4 0
939 106 4 3 71 5 0
940 830 1 4 22 4 0
940 431 4 1 37 5 0
940 1016 3 6 32 5 0
940 474 3 3 19 5 0
941 319 3 4 73 4 0
941 54 0 2 89 4 0
941 887 4 4 67 3 0
941 696 4 9 5 3 0
941 1042 2 2 2 3 0
941 366 4 4 8 5 0
941 398 3 7 84 3 0
942 964 2 7 14 4 0
942 992 0 3 40 3 0
942 292 1 2 26 4 0
942 128 2 3 9 4 0
943 135 1 5 25 3 0
944 437 4 3 71 3 0
945 347 2 2 59 5 0
945 747 1 4 61 3 0
945 948 4 7 70 3 0
946 1123 3 6 92 4 0
946 407 2 8 11 4 0
946 661 1 1 78 3 0
947 484 2 6 93 5 0
947 45 3 3 27 5 0
947 892 2 8 68 5 0
948 464 3 9 52 3 0
948 399 4 7 71 4 0
948 973 3 9 72 4 0
948 105 1 3 37 5 0
949 704 3 6 77 5 0
949 835 0 7 61 4 0
949 503 4 7 70 4 0
949 1131 1 7 69 4 0
949 540 3 1 4 4 0
949 734 0 7 92 3 0
949 997 2 5 9 4 0
950 451 3 0 63 3 0
950 141 3 6 49 5 0
950 1105 0 7 48 4 0
951 379 0 4 43 5 0
951 562 1 3 87 4 0
951 593 4 3 71 5 0
952 658 0 5 86 3 0
952 532 0 0 96 5 0
952 88 1 9 5 3 0
952 314 4 1 44 3 0
952 321 0 4 40 3 0
953 951 4 7 6 3 0
953 1120 1 3 100 4 0
953 257 0 2 100 5 0
953 277 1 1 16 4 0
954 231 2 3 7 5 0
954 1008 0 5 33 4 0
954 961 3 3 40 4 0
954 131 2 3 77 5 0
954 294 0 5 17 3 0
954 826 4 2 61 5 0
954 386 3 7 84 5 0
955 363 3 6 9 3 0
955 324 4 2 62 3 0
955 273 2 2 30 3 0
956 500 1 2 20 3 0
956 52 2 2 13 4 0
956 499 2 2 35 3 0
956 439 3 4 76 4 0
956 1129 4 4 80 5 0
956 323 0 9 31 3 0
957 842 2 4 11 4 0
957 1109 4 3 61 5 0
957 226 1 2 52 5 0
957 203 2 5 1 3 0
958 526 1 2 18 5 0
959 967 4 8 7 4 0
959 1139 2 8 60 3 0
959 970 1 9 95 3 0
959 78 1 9 4 5 0
959 1137 1 7 30 5 0
959 711 2 3 63 3 0
960 990 4 8 23 5 0
960 22 3 2 39 5 0
960 915 1 4 11 3 0
961 302 3 1 71 3 0
961 474 3 3 45 5 0
961 1091 3 2 30 3 0
962 665 1 8 97 4 0
962 385 4 2 22 5 0
962 1057 4 9 67 3 0
962 57 1 0 55 3 0
962 551 3 3 52 4 0
962 244 2 1 20 4 0
962 650 4 4 30 5 0
962 907 4 9 70 4 0
962 946 2 9 29 5 0
963 647 0 9 73 5 0
963 59 2 4 67 4 0
964 754 1 1 4 3 0
964 793 1 3 39 3 0
964 221 3 1 78 5 0
964 376 1 3 33 4 0
964 21 4 4 35 4 0
964 101 3 7 13 5 0
964 762 2 0 25 4 0
965 25 4 6 79 5 0
965 396 4 4 69 4 0
965 843 1 9 94 4 0
965 871 3 4 51 4 0
965 368 3 5 58 4 0
965 237 1 2 61 5 0
965 623 0 9 97 4 0
965 398 1 0 67 4 0
966 226 1 6 62 5 0
966 696 4 5 20 5 0
968 793 4 5 31 4 0
968 889 1 3 90 5 0
968 724 1 3 100 4 0
969 84 4 3 44 3 0
969 171 4 9 37 4 0
969 903 4 4 53 3 0
969 1144 1 2 68 3 0
969 212 0 5 68 5 0
970 557 3 5 47 4 0
971 1001 4 4 75 5 0
971 95 1 6 56 5 0
971 1036 0 1 98 3 0
971 168 4 1 27 5 0
971 988 2 3 95 5 0
972 622 2 4 45 4 0
972 744 4 3 73 3 0
972 451 0 8 79 5 0
973 781 3 5 37 4 0
974 991 1 1 12 4 0
974 226 1 7 32 3 0
974 853 0 6 9 4 0
975 219 0 0 86 4 0
975 1088 4 2 41 3 0
975 57 0 0 27 5 0
976 690 0 6 49 5 0
976 1105 1 0 33 4 0
977 362 1 4 84 4 0
977 37 4 5 89 3 0
977 552 3 1 58 5 0
977 666 3 8 54 5 0
978 412 2 4 7 3 0
978 1068 0 0 56 5 0
979 38 0 5 34 3 0
979 494 3 8 16 3 0
980 1056 0 7 23 3 0
980 202 3 3 83 3 0
980 463 4 1 9 5 0
981 305 4 6 59 4 0
981 1185 4 1 45 5 0
981 308 3 7 20 3 0
981 432 1 8 6 3 0
982 270 4 4 40 5 0
983 670 2 6 56 5 0
983 389 3 9 70 3 0
983 944 3 1 19 5 0
983 870 1 5 4 4 0
984 210 1 7 98 4 0
984 919 3 8 88 5 0
985 694 1 1 68 3 0
985 1064 4 4 84 5 0
986 345 2 1 70 3 0
986 707 2 4 20 5 0
987 174 2 3 16 4 0
987 106 4 2 26 5 0
987 532 0 6 42 4 0
987 209 0 3 99 3 0
987 738 4 3 35 4 0
987 570 0 9 94 5 0
988 699 0 9 14 3 0
988 643 1 5 43 4 0
989 887 3 1 97 4 0
990 840 3 1 84 3 0
990 860 4 8 85 5 0
991 531 0 1 6 5 0
991 378 2 2 97 4 0
991 108 1 0 14 3 0
991 718 0 7 82 5 0
992 776 0 5 60 4 0
992 858 3 4 60 5 0
992 729 3 2 2 3 0
992 1056 1 8 90 5 0
992 790 3 7 78 5 0
993 346 4 6 80 3 0
993 866 3 8 30 5 0
993 643 1 1 43 3 0
993 200 3 9 51 4 0
993 342 4 5 30 5 0
993 365 3 2 57 5 0
994 533 2 9 89 4 0
994 213 2 5 61 3 0
994 602 4 1 70 4 0
994 707 1 2 97 5 0
994 618 1 7 79 3 0
995 328 1 9 41 4 0
995 114 1 5 39 5 0
995 185 3 7 26 3 0
995 739 2 5 46 4 0
995 140 2 6 55 4 0
996 754 2 4 72 4 0
997 773 2 6 49 3 0
997 990 4 5 76 3 0
997 669 0 3 35 4 0
997 346 0 0 70 5 0
997 932 4 3 84 4 0
998 316 0 9 43 3 0
998 57 1 8 15 4 0
999 167 1 5 80 4 0
999 37 2 7 65 4 0
999 122 3 4 19 3 0
999 714 4 6 70 3 0
999 1076 0 0 32 3 0
1000 776 1 5 57 5 0
1000 239 4 2 13 4 0
1000 38 1 9 64 3 0
1000 935 4 4 62 5 0
1000 1093 2 5 34 5 0
1000 997 4 9 20 5 0
1001 1167 3 8 32 3 0
1001 885 1 1 52 5 0
1001 634 0 5 13 5 0
1002 688 3 5 53 5 0
1002 129 3 4 55 5 0
1002 1070 2 8 85 4 0
1002 948 3 6 17 4 0
1002 926 0 4 43 3 0
1002 605 1 8 90 5 0
1003 1148 4 8 55 3 0
1003 127 3 5 2 4 0
1004 63 0 7 64 5 0
1004 573 2 4 58 5 0
1004 79 2 4 33 3 0
1005 416 2 3 12 4 0
1005 410 1 5 11 5 0
1005 387 1 5 65 3 0
1007 329 1 7 9 5 0
1007 296 4 1 92 3 0
1007 641 1 5 98 4 0
1007 365 4 8 63 3 0
1007 1151 0 9 86 3 0
1008 798 3 7 13 5 0
1008 664 3 9 50 5 0
1008 1018 1 3 78 3 0
1009 317 3 0 85 3 0
1009 326 1 4 17 4 0
1009 789 4 2 44 3 0
1009 385 4 1 19 4 0
1009 699 0 2 74 3 0
1010 631 3 2 91 5 0
1011 988 0 5 87 4 0
1011 342 1 8 62 5 0
1011 684 3 0 74 5 0
1012 617 0 9 25 4 0
1013 316 2 2 99 3 0
1015 1005 1 6 5 3 0
1015 1098 3 6 92 4 0
1015 139 0 7 53 4 0
1016 1090 0 8 21 4 0
1016 886 3 5 22 4 0
1016 1185 4 1 46 5 0
1016 422 2 4 13 5 0
1016 110 4 7 31 5 0
1016 625 2 2 32 4 0
1017 300 4 8 81 4 0
1017 472 1 6 86 4 0
1017 518 0 5 58 4 0
1017 386 1 3 82 5 0
1018 539 1 9 42 4 0
1018 904 4 1 37 3 0
1018 502 3 2 57 4 0
1018 1092 3 5 60 5 0
1018 699 0 8 74 5 0
1020 834 4 6 19 4 0
1020 151 2 9 29 4 0
1021 251 0 6 37 4 0
1021 636 2 7 88 3 0
1021 379 4 4 84 3 0
1021 669 1 5 60 4 0
1021 607 0 4 41 5 0
1022 847 0 7 93 3 0
1022 494 1 1 21 4 0
1022 992 3 3 78 4 0
1023 144 2 6 27 4 0
1023 655 0 9 50 3 0
1023 869 1 3 36 4 0
1023 1187 0 2 37 3 0
1024 255 2 3 2 3 0
1024 425 2 0 27 4 0
1024 729 3 0 47 3 0
1024 1086 1 2 78 4 0
1025 1193 2 9 57 4 0
1026 385 4 9 90 5 0
1026 280 1 6 1 4 0
1027 345 0 2 54 4 0
1027 995 4 0 41 3 0
1027 946 3 0 41 4 0
1028 842 4 6 26 5 0
1028 1126 1 1 27 5 0
1029 197 0 7 92 5 0
1029 187 1 3 23 5 0
1029 408 2 1 15 5 0
1029 526 1 1 71 5 0
1030 928 3 6 55 5 0
1030 867 0 6 29 4 0
1030 587 4 0 60 3 0
1030 738 3 1 8 4 0
1030 509 0 3 30 4 0
1031 643 4 7 49 4 0
1031 381 2 2 56 5 0
1032 223 0 8 65 3 0
1032 200 2 9 3 3 0
1032 758 2 5 3 5 0
1033 207 1 4 84 4 0
1034 1094 3 4 31 3 0
1034 916 1 4 100 4 0
1034 173 4 5 37 4 0
1034 272 0 7 82 4 0
1034 1039 2 0 33 4 0
1035 957 4 0 97 5 0
1035 427 0 3 71 5 0
1035 779 2 3 51 3 0
1035 342 1 7 17 5 0
1036 653 3 9 62 4 0
1037 469 0 4 76 4 0
1037 210 3 8 16 4 0
1037 586 1 7 72 5 0
1037 272 4 7 8 3 0
1037 390 4 5 63 3 0
1038 830 2 8 17 3 0
1038 1126 3 5 45 5 0
1039 147 0 2 59 5 0
1040 327 3 0 47 5 0
1041 793 4 7 25 5 0
1041 1118 0 2 40 3 0
1041 288 0 8 94 4 0
1042 899 0 5 5 3 0
1043 937 3 4 24 5 0
1043 695 1 2 71 3 0
1043 177 2 5 98 5 0
1044 844 0 4 13 4 0
1044 1197 3 6 27 5 0
1044 644 0 2 3 5 0
1044 262 4 5 32 4 0
1045 1059 2 2 89 4 0
1045 271 3 7 54 3 0
1045 1183 2 8 87 4 0
1045 386 0 7 74 3 0
1045 592 2 6 92 5 0
1046 633 0 7 30 4 0
1046 193 1 0 74 4 0
1046 1036 2 5 75 4 0
1046 860 1 6 69 4 0
1046 819 3 8 54 3 0
1047 109 3 6 57 5 0
1047 530 0 9 85 4 0
1048 650 3 0 97 4 0
1048 465 1 9 7 4 0
1049 637 4 5 80 5 0
1049 1132 3 7 75 3 0
1049 1185 3 9 12 5 0
1049 910 3 3 68 5 0
1049 869 0 2 82 5 0
1050 860 2 8 78 3 0
1050 42 0 8 89 5 0
1050 519 1 7 41 5 0
1050 600 4 1 25 4 0
1051 653 3 5 21 3 0
1051 927 2 1 11 5 0
1052 637 2 1 74 3 0
1052 859 2 1 43 4 0
1053 442 0 7 55 4 0
1053 28 4 6 14 3 0
1053 469 3 3 34 5 0
1053 890 0 8 64 5 0
1053 832 2 1 32 5 0
1053 439 4 6 35 3 0
1053 123 3 2 12 3 0
1054 216 2 2 75 4 0
1054 211 2 8 60 5 0
1055 22 3 0 11 3 0
1055 368 3 4 8 5 0
1055 646 1 0 23 4 0
1055 458 1 1 31 4 0
1055 799 1 7 90 4 0
1055 340 2 8 49 4 0
1056 612 1 4 77 5 0
1056 466 0 6 29 5 0
1056 1131 4 3 97 5 0
1056 638 3 0 23 4 0
1056 951 4 0 9 3 0
1056 519 4 1 51 3 0
1056 320 0 4 60 3 0
1057 109 3 9 92 3 0
1058 25 0 4 62 4 0
1058 548 2 7 57 3 0
1058 71 0 2 3 5 0
1059 791 2 9 78 3 0
1059 305 1 9 5 4 0
1060 1049 4 8 68 4 0
1060 996 2 4 40 4 0
1061 263 2 2 53 4 0
1061 656 2 5 49 5 0
1061 936 2 1 9 3 0
1062 521 1 2 33 3 0
1062 722 2 7 67 4 0
1063 1027 4 9 5 5 0
1063 206 3 6 14 4 0
1063 940 2 2 19 3 0
1064 1020 3 0 2 5 0
1065 797 2 5 14 5 0
1065 698 1 4 6 3 0
1065 782 2 0 43 5 0
1065 194 2 8 68 5 0
1065 298 0 8 2 5 0
1066 855 3 8 56 4 0
1067 779 0 4 61 4 0
1068 430 3 3 84 3 0
1068 1035 1 1 13 3 0
1069 379 0 7 33 4 0
1070 930 2 2 22 4 0
1070 571 1 9 21 5 0
1070 431 0 2 37 3 0
1070 436 1 6 36 4 0
1071 531 3 9 15 4 0
1071 949 0 1 28 4 0
1071 920 3 2 14 5 0
1072 1160 0 1 40 4 0
1072 1199 2 3 18 5 0
1072 1151 1 6 7 5 0
1072 52 1 3 75 5 0
1072 848 4 9 51 3 0
1072 487 2 1 74 5 0
1072 487 2 7 25 4 0
1072 908 3 3 48 3 0
1072 88 4 3 50 4 0
1073 1004 2 9 8 5 0
1073 623 3 2 26 5 0
1073 624 4 4 92 3 0
1074 1090 2 2 33 3 0
1075 309 3 8 18 4 0
1075 958 1 6 9 4 0
1075 27 0 4 6 5 0
1075 445 2 1 73 5 0
1076 958 1 2 69 4 0
1076 768 2 6 6 3 0
1077 103 0 3 15 5 0
1077 95 1 9 4 3 0
1078 92 1 9 13 3 0
1079 241 2 0 61 3 0
1079 191 3 3 1 5 0
1079 76 0 4 91 3 0
1079 790 3 6 49 5 0
1080 630 3 8 58 4 0
1080 638 3 6 35 5 0
1081 854 3 4 89 5 0
1081 508 1 0 40 5 0
1082 144 0 9 55 5 0
1082 705 4 7 6 5 0
1082 866 0 4 62 3 0
1082 577 1 3 2 3 0
1083 1110 4 7 64 5 0
1084 878 2 5 46 5 0
1085 284 4 7 67 5 0
1085 503 4 5 99 3 0
1085 683 4 9 84 3 0
1085 910 1 3 76 3 0
1085 1032 1 5 32 5 0
1085 593 3 8 53 5 0
1086 466 4 0 5 3 0
1086 81 4 5 80 4 0
1086 674 3 5 37 5 0
1087 265 4 2 87 4 0
1087 1029 4 9 24 5 0
1087 479 2 1 55 3 0
1087 935 0 2 22 5 0
1087 466 1 0 66 3 0
1087 1131 1 9 59 4 0
1087 836 0 1 32 5 0
1088 969 4 2 66 4 0
1088 225 4 9 67 5 0
1088 912 3 9 43 5 0
1089 224 0 3 42 4 0
1089 1171 2 0 48 5 0
1089 198 0 8 86 3 0
1089 674 0 1 98 5 0
1091 759 1 1 61 3 0
1091 307 0 2 8 5 0
1091 545 1 8 46 5 0
1091 547 3 7 31 4 0
1092 315 1 8 39 3 0
1093 259 4 7 42 3 0
1093 1075 1 4 83 4 0
1093 864 0 3 64 4 0
1093 435 0 4 51 4 0
1094 433 3 3 31 5 0
1095 459 2 0 63 4 0
1095 766 0 3 28 3 0
1096 1032 0 5 46 5 0
1096 945 0 8 5 5 0
1096 838 4 9 60 5 0
1096 856 0 5 7 4 0
1097 344 1 7 13 3 0
1097 1175 2 1 100 4 0
1098 1036 2 0 77 4 0
1098 183 0 6 20 4 0
1098 1078 2 0 67 4 0
1098 721 1 6 97 3 0
1099 321 3 6 31 5 0
1100 101 1 0 70 5 0
1100 331 4 5 22 4 0
1100 395 4 7 59 5 0
1100 465 3 3 92 4 0
1101 468 1 6 95 5 0
1101 613 4 4 26 3 0
1101 761 3 1 57 3 0
1101 881 2 9 50 4 0
1101 414 1 2 19 4 0
1101 927 0 9 48 5 0
1101 733 4 0 55 3 0
1101 652 0 1 35 3 0
1102 1139 1 3 92 3 0
1102 966 4 5 80 5 0
1103 1019 0 5 79 5 0
1103 599 3 8 66 3 0
1104 539 2 3 43 3 0
1104 1178 4 7 74 4 0
1105 6 0 1 4 4 0
1105 34 3 7 40 3 0
1106 448 1 9 65 4 0
1106 599 3 4 31 5 0
1106 568 2 3 57 3 0
1106 559 2 5 32 3 0
1106 329 4 9 54 3 0
1106 32 4 3 78 5 0
1106 469 0 1 78 5 0
1107 891 1 7 27 5 0
1107 1002 3 7 40 4 0
1108 194 2 2 45 5 0
1108 805 3 7 100 5 0
1108 1183 2 9 74 5 0
1109 781 4 0 77 4 0
1109 971 4 7 100 4 0
1109 1035 0 7 84 5 0
1109 999 0 4 15 4 0
1110 320 3 2 82 3 0
1110 225 2 0 20 5 0
1110 437 0 5 11 3 0
1111 293 4 1 59 4 0
1111 16 4 6 88 4 0
1111 715 1 5 39 3 0
1111 809 0 9 100 4 0
1111 998 4 6 39 3 0
1113 676 3 4 95 5 0
1113 98 2 9 56 5 0
1114 700 1 7 70 4 0
1114 89 3 1 69 4 0
1115 1162 0 1 7 3 0
1115 798 4 5 7 3 0
1115 1018 3 8 93 5 0
1115 977 1 5 83 4 0
1115 538 2 2 17 3 0
1115 336 2 1 21 3 0
1116 620 0 3 5 3 0
1116 44 3 7 23 5 0
1116 211 1 8 55 5 0
1117 325 3 1 85 4 0
1117 180 3 6 84 4 0
1117 187 3 5 44 4 0
1117 202 3 1 50 5 0
1118 599 4 7 60 4 0
1119 705 2 3 51 3 0
1119 1004 0 0 66 5 0
1119 216 2 6 28 3 0
1121 800 4 0 63 5 0
1121 700 0 2 94 5 0
1121 65 3 8 60 4 0
1121 411 0 8 35 5 0
1121 690 3 8 44 5 0
1122 736 3 4 52 5 0
1122 1120 1 9 10 3 0
1123 395 0 4 47 3 0
1123 781 2 4 69 3 0
1124 835 1 4 55 4 0
1124 998 4 2 97 4 0
1124 180 2 3 25 5 0
1124 1171 4 4 97 3 0
1125 952 2 1 69 5 0
1125 847 3 9 50 3 0
1125 450 3 5 66 4 0
1126 1015 3 3 60 3 0
1126 983 1 6 28 3 0
1126 91 2 3 13 3 0
1126 933 4 6 60 4 0
1127 209 0 6 68 5 0
1127 406 4 4 77 5 0
1127 1122 4 9 69 5 0
1127 1112 4 1 4 5 0
1127 362 4 4 57 5 0
1127 967 1 3 65 3 0
1128 768 0 6 40 3 0
1128 642 4 0 47 4 0
1128 357 1 2 43 3 0
1129 1103 2 1 12 5 0
1129 1059 1 9 8 5 0
1129 980 3 9 49 3 0
1130 985 0 3 35 5 0
1130 726 3 4 3 4 0
1130 760 0 0 51 3 0
1130 139 3 6 52 4 0
1130 365 1 7 13 3 0
1131 1044 1 2 80 5 0
1131 168 3 5 64 4 0
1131 286 3 0 67 5 0
1131 500 0 0 29 3 0
1131 424 1 5 82 4 0
1131 596 1 5 89 5 0
1131 1144 3 0 15 4 0
1132 434 4 6 14 5 0
1132 1065 3 6 4 5 0
1133 377 4 7 26 5 0
1133 932 1 7 82 5 0
1134 317 0 5 75 3 0
1134 125 0 2 82 5 0
1134 622 1 9 13 4 0
1135 894 1 1 46 5 0
1135 1151 1 3 86 3 0
1135 514 2 4 35 5 0
1136 730 3 6 81 5 0
1136 39 2 6 16 3 0
1136 942 2 3 6 4 0
1136 474 1 3 46 3 0
1137 568 4 3 69 5 0
1137 52 2 1 3 3 0
1137 178 4 4 87 4 0
1137 544 0 9 19 4 0
1137 350 0 1 66 3 0
1138 518 3 3 41 5 0
1138 50 3 7 76 5 0
1138 281 0 2 43 5 0
1138 134 2 2 47 4 0
1138 375 3 9 12 5 0
1138 892 2 5 78 4 0
1140 199 1 7 23 5 0
1140 553 1 9 100 4 0
1140 357 3 2 54 4 0
1140 416 4 2 5 3 0
1140 5 4 6 4 4 0
1141 760 3 4 62 5 0
1141 246 0 8 70 5 0
1141 177 1 3 91 3 0
1142 431 4 3 58 4 0
1143 1100 2 1 31 3 0
1143 76 3 9 3 3 0
1143 306 0 4 38 5 0
1143 132 0 2 15 4 0
1144 1069 0 1 75 5 0
1144 1054 4 7 74 4 0
1145 316 2 2 78 4 0
1145 250 2 3 71 5 0
1147 311 1 8 86 3 0
1147 589 1 4 87 3 0
1147 1022 0 7 29 5 0
1148 631 3 0 88 5 0
1148 355 2 7 56 5 0
1148 1175 3 5 82 5 0
1149 146 4 3 43 5 0
1149 941 3 2 59 5 0
1150 88 2 5 2 4 0
1150 325 3 2 44 5 0
1150 50 1 2 26 5 0
1150 124 4 8 19 3 0
1150 325 3 0 1 5 0
1150 861 3 9 88 4 0
1151 555 2 1 53 4 0
1151 1172 3 9 19 3 0
1151 11 0 1 22 3 0
1151 130 3 2 71 4 0
1151 1087 2 6 52 5 0
1151 719 0 4 65 3 0
1151 971 3 9 63 3 0
1151 164 2 3 38 5 0
1152 916 1 7 37 4 0
1152 576 2 5 62 4 0
1152 85 4 5 74 3 0
1152 165 4 0 94 4 0
1152 1 1 9 64 5 0
1153 68 2 5 39 5 0
1153 892 2 4 40 5 0
1153 61 4 2 72 5 0
1153 872 2 6 26 3 0
1153 535 3 5 46 4 0
1155 44 2 8 48 5 0
1155 857 0 0 99 5 0
1155 284 3 2 48 4 0
1155 242 2 5 20 3 0
1155 312 2 6 25 5 0
1155 604 1 6 90 5 0
1156 51 3 3 69 4 0
1156 1011 4 7 10 4 0
1156 637 3 9 91 5 0
1156 714 0 3 17 4 0
1157 296 0 4 29 5 0
1157 1072 0 9 8 4 0
1157 820 1 9 29 3 0
1157 861 4 3 48 3 0
1158 131 1 2 40 4 0
1158 837 1 6 1 3 0
1158 444 1 4 95 3 0
1158 849 1 7 63 4 0
1158 755 1 3 86 4 0
1159 785 3 7 89 3 0
1159 19 2 0 14 4 0
1159 1165 0 5 19 3 0
1160 42 3 7 60 3 0
1160 7 3 7 97 3 0
1160 828 3 0 87 4 0
1160 233 1 8 93 5 0
1160 565 0 7 31 4 0
1161 294 2 5 40 4 0
1161 475 3 0 55 4 0
1161 40 0 1 47 4 0
1162 42 0 6 82 4 0
1163 820 0 0 50 3 0
1163 728 4 7 48 4 0
1163 59 3 9 14 3 0
1163 433 2 1 61 3 0
1163 361 0 0 97 3 0
1164 152 4 7 35 3 0
1164 447 3 0 67 5 0
1165 1090 1 6 1 4 0
1166 1110 3 9 74 3 0
1166 813 0 9 74 5 0
1167 924 3 9 89 5 0
1168 28 1 1 29 5 0
1168 96 2 7 85 5 0
1168 81 0 5 19 5 0
1169 1022 4 2 99 3 0
1169 1194 4 1 75 5 0
1169 326 3 1 45 3 0
1169 162 0 6 85 3 0
1169 280 2 9 80 4 0
1169 114 2 5 79 4 0
1170 500 3 2 23 3 0
1170 71 4 7 95 5 0
1170 636 0 1 85 3 0
1170 308 1 5 77 4 0
1171 857 2 6 91 5 0
1171 404 3 9 91 5 0
1171 1152 4 6 42 4 0
1171 344 1 1 61 5 0
1172 22 0 2 37 4 0
1172 1045 4 5 18 4 0
1172 403 3 9 19 5 0
1173 889 0 2 90 5 0
1173 19 0 1 53 5 0
1173 1062 2 1 49 5 0
1173 908 3 0 80 3 0
1174 1116 1 3 88 3 0
1174 976 2 0 72 5 0
1174 1096 1 6 64 4 0
1174 1149 3 1 26 5 0
1175 501 2 9 96 3 0
1175 839 4 0 19 4 0
1175 947 1 1 41 5 0
1175 422 2 9 79 3 0
1176 930 3 7 91 4 0
1177 976 2 5 45 3 0
1177 472 3 9 41 5 0
1177 559 3 7 86 3 0
1177 1014 1 9 42 4 0
1179 663 4 6 91 5 0
1179 21 2 2 72 4 0
1179 1010 1 1 16 4 0
1180 36 1 8 82 5 0
1180 711 2 5 29 4 0
1180 1196 2 7 58 3 0
1180 961 2 0 26 4 0
1181 1001 1 4 46 4 0
1181 297 1 3 92 5 0
1181 172 2 8 77 5 0
1181 709 2 5 55 5 0
1181 643 2 7 23 4 0
1181 105 0 9 75 5 0
1182 1094 1 2 22 3 0
1182 129 4 3 53 4 0
1182 655 0 3 8 4 0
1182 78 0 3 29 5 0
1183 255 2 9 7 5 0
1184 580 3 1 7 5 0
1184 520 1 3 55 3 0
1185 4 2 4 79 5 0
1185 206 1 0 65 3 0
1185 930 2 5 50 4 0
1185 947 4 8 54 5 0
1186 559 4 0 64 4 0
1186 865 1 7 76 5 0
1186 492 4 2 93 3 0
1187 498 2 3 70 3 0
1187 886 0 5 81 4 0
1188 1061 2 2 58 3 0
1188 1144 1 5 8 3 0
1189 676 0 9 20 4 0
1190 711 4 4 25 4 0
1190 488 3 9 74 3 0
1190 736 4 1 16 5 0
1191 101 0 1 13 3 0
1191 343 1 4 96 4 0
1191 12 4 1 38 4 0
1192 925 1 5 6 5 0
1192 846 2 2 99 4 0
1192 1032 4 7 40 4 0
1192 534 4 7 17 4 0
1192 850 1 9 95 4 0
1192 263 4 0 82 5 0
1193 1027 4 8 40 3 0
1193 608 3 4 81 5 0
1193 827 2 6 51 4 0
1193 626 1 1 28 4 0
1193 1149 0 3 43 4 0
1193 570 3 9 53 4 0
1193 1113 4 4 54 4 0
1194 58 1 7 49 5 0
1195 66 2 9 35 4 0
1195 177 3 8 65 3 0
1195 490 2 6 63 5 0
1195 618 3 4 5 4 0
1195 497 4 5 26 5 0
1195 579 2 9 95 3 0
1195 568 4 6 67 4 0
1196 707 1 3 78 5 0
1196 574 3 3 71 4 0
1196 1082 1 2 77 5 0
1196 266 0 1 57 3 0
1196 1059 3 2 50 5 0
1196 179 4 1 16 4 0
1197 1187 2 1 41 3 0
1197 369 4 5 97 4 0
1197 834 2 3 100 5 0
1198 161 2 0 58 5 0
1198 871 2 1 86 3 0
1198 1047 2 5 12 5 0
1198 704 4 3 26 4 0
1198 243 0 7 95 4 0
1198 163 3 8 32 5 0
1198 22 1 8 86 5 0
1198 194 2 6 9 5 0
1198 388 3 9 42 5 0
1199 1142 1 6 68 4 0

