10

5
0 20 20 20 20 20 20 20 20 20 20
1 20 20 20 20 20 20 20 20 20 20
2 20 20 20 20 20 20 20 20 20 20
3 20 20 20 20 20 20 20 20 20 20
4 20 20 20 20 20 20 20 20 20 20

25
309 532 100000 6 0
0 126 2 2
1 108 6 8
2 137 8 7
5 113 4 6
6 140 6 6
9 127 2 9
1007 829 100000 6 1
0 139 2 1
1 117 4 4
2 136 4 1
3 100 10 5
4 117 3 6
9 138 8 3
560 1138 100000 6 3
1 107 10 1
2 133 4 7
3 111 3 2
5 107 5 1
6 141 6 7
9 129 9 1
336 240 100000 6 3
0 147 2 2
1 121 5 2
5 142 5 1
7 150 1 4
8 114 9 9
9 144 1 3
48 1079 100000 6 2
1 124 3 2
2 128 8 1
3 111 4 5
4 125 2 5
6 113 6 10
8 119 3 2
9 565 100000 6 1
0 104 10 8
1 113 1 9
4 104 9 10
5 121 1 3
6 117 5 10
7 106 1 1
432 423 100000 6 1
1 103 3 10
4 124 9 7
5 125 5 1
6 149 8 2
7 137 8 6
9 114 4 5
922 689 100000 6 4
0 105 6 1
2 148 2 8
3 115 9 3
5 118 1 3
6 143 6 6
9 133 3 1
470 886 100000 6 3
3 141 5 10
4 148 2 8
6 117 6 3
7 129 4 8
8 108 6 6
9 140 9 3
1103 252 100000 6 2
0 113 9 9
3 145 5 8
4 140 3 3
5 108 5 1
6 136 2 3
8 121 5 4
650 174 100000 6 2
0 102 8 8
1 125 9 2
2 141 3 5
4 132 9 7
7 110 8 8
8 143 9 8
313 365 100000 6 4
1 107 4 4
3 146 5 4
4 132 5 7
6 130 2 6
7 133 4 3
8 135 10 6
598 308 100000 6 2
0 146 3 9
2 104 3 10
4 132 9 1
5 107 5 7
6 136 2 9
8 112 10 8
910 834 100000 6 4
0 110 4 5
1 114 2 2
2 135 9 10
4 128 7 6
7 150 4 9
9 146 3 9
114 924 100000 6 4
0 140 2 6
1 100 1 10
4 147 3 3
5 114 2 8
6 126 1 1
8 138 4 7
1106 1149 100000 6 0
1 109 10 2
3 147 1 6
4 111 4 3
5 114 5 1
7 107 1 4
8 127 9 10
775 565 100000 6 0
0 132 9 9
1 130 3 3
2 113 9 6
5 108 3 5
8 150 2 3
9 135 5 8
416 173 100000 6 0
0 119 6 1
1 116 1 8
2 100 6 5
5 144 8 8
8 150 5 1
9 101 1 2
41 1043 100000 6 3
0 125 1 5
1 147 1 9
4 137 2 1
6 120 2 8
7 127 2 6
9 133 1 1
240 1154 100000 6 3
0 104 9 2
3 145 2 4
5 116 10 8
7 129 8 1
8 102 8 2
9 111 3 10
1069 443 100000 6 0
0 122 10 10
2 129 6 8
3 131 1 5
4 138 2 6
8 147 4 5
9 149 3 10
1193 1172 100000 6 1
0 112 2 8
1 129 9 5
2 114 1 7
3 115 5 6
4 119 4 6
8 131 7 2
419 417 100000 6 4
2 104 1 3
3 130 4 10
5 137 9 1
6 130 5 1
7 106 9 8
8 102 4 2
34 275 100000 6 2
0 113 5 9
1 117 6 4
3 145 4 7
5 103 5 9
6 139 1 9
8 115 8 6
862 670 100000 6 1
1 117 3 2
2 144 3 1
5 108 4 2
6 137 1 4
7 105 6 4
9 102 8 4

900
0 164 4 4 64 3 0
3 171 2 0 79 3 0
5 307 1 9 28 5 0
5 909 3 7 31 4 0
9 1003 3 2 16 5 0
9 10 3 6 68 5 0
10 504 3 8 63 4 0
12 236 4 2 97 3 0
13 295 3 3 92 5 0
14 903 0 4 64 3 0
16 464 0 5 87 3 0
19 1173 4 7 42 3 0
21 53 1 2 97 3 0
24 892 1 8 20 5 0
25 639 0 0 77 3 0
26 130 2 2 36 3 0
28 223 4 1 36 3 0
28 338 3 0 85 4 0
32 907 1 2 10 3 0
36 1093 1 8 56 3 0
39 434 4 4 45 5 0
41 1072 0 0 92 3 0
41 737 4 2 46 5 0
44 614 2 2 34 5 0
45 467 1 2 81 5 0
46 994 1 6 89 5 0
46 1084 2 0 92 3 0
46 1115 4 6 46 4 0
48 679 1 3 18 5 0
49 115 1 4 37 3 0
51 370 3 9 37 4 0
53 836 1 1 46 4 0
53 2 0 2 19 4 0
54 359 4 7 26 4 0
55 215 0 6 15 4 0
55 904 3 1 91 4 0
56 415 3 9 42 5 0
56 252 4 6 8 3 0
57 892 1 6 75 5 0
58 562 4 6 6 4 0
58 540 0 5 92 4 0
61 524 0 8 53 4 0
61 338 3 7 6 3 0
62 789 3 0 67 3 0
62 33 0 8 54 3 0
63 642 1 3 50 3 0
63 758 0 9 74 4 0
64 922 3 7 35 3 0
65 587 3 3 35 3 0
68 1085 2 5 55 5 0
70 357 4 7 9 5 0
70 996 0 3 15 4 0
71 5 4 4 80 5 0
71 9 0 9 66 3 0
72 645 1 6 72 3 0
75 396 1 1 90 5 0
76 379 1 0 57 5 0
79 295 3 2 87 4 0
79 71 3 0 53 3 0
80 707 2 2 23 4 0
81 957 4 1 92 3 0
82 208 0 2 42 4 0
84 1015 2 1 60 5 0
84 965 2 8 85 5 0
86 647 3 1 29 4 0
88 49 4 4 21 4 0
88 9 2 1 44 4 0
90 1045 2 0 96 4 0
90 393 1 4 15 4 0
91 1107 0 5 21 3 0
91 602 1 3 6 4 0
92 94 3 0 7 4 0
93 514 3 2 83 3 0
96 48 4 9 41 3 0
99 894 1 6 35 3 0
100 298 1 9 85 4 0
102 117 4 9 72 4 0
102 1151 2 0 41 5 0
102 315 2 2 14 3 0
103 49 2 0 94 3 0
105 232 3 4 67 4 0
105 959 3 3 75 3 0
106 473 2 0 3 4 0
107 359 2 0 84 4 0
108 384 1 9 34 3 0
108 987 1 9 30 5 0
111 556 2 5 29 5 0
112 519 3 4 39 5 0
114 14 0 9 5 4 0
116 633 1 8 24 3 0
116 395 0 6 31 5 0
117 441 3 1 22 3 0
117 797 1 1 49 4 0
118 794 1 4 47 5 0
120 332 3 7 33 4 0
122 992 1 6 28 4 0
125 318 1 2 8 3 0
125 451 0 6 2 5 0
126 547 1 1 37 3 0
129 479 0 1 64 5 0
132 710 1 1 4 5 0
136 908 4 9 48 3 0
136 205 1 8 42 4 0
136 428 4 8 54 5 0
138 800 1 4 32 4 0
140 1150 3 5 43 4 0
140 582 3 7 43 5 0
140 1168 1 8 85 3 0
143 522 1 4 87 3 0
144 135 0 9 72 3 0
144 796 4 7 41 5 0
151 534 1 5 77 4 0
152 1127 3 5 65 4 0
154 857 4 7 40 3 0
158 301 3 0 18 4 0
158 254 3 2 8 5 0
160 541 4 9 15 5 0
160 723 0 0 82 5 0
161 50 0 9 42 3 0
161 1079 4 2 67 4 0
162 1009 2 5 23 3 0
162 558 4 5 64 4 0
163 1165 2 0 22 3 0
164 575 0 7 3 5 0
166 399 1 0 83 3 0
167 531 3 2 9 4 0
169 205 2 0 68 3 0
170 766 2 1 66 4 0
170 409 4 9 10 5 0
171 449 3 7 6 5 0
171 185 1 8 49 3 0
172 339 0 0 69 5 0
172 736 4 5 50 5 0
173 111 1 1 3 5 0
175 654 4 6 71 3 0
177 975 3 2 85 3 0
177 836 2 4 33 3 0
180 544 2 5 4 3 0
183 13 1 0 55 3 0
185 512 3 5 2 4 0
187 488 4 9 3 5 0
188 146 3 0 16 4 0
188 13 1 3 62 4 0
189 771 1 6 89 4 0
189 30 2 7 48 3 0
189 108 1 7 68 5 0
193 953 3 9 9 3 0
195 1181 1 9 75 3 0
196 103 4 7 30 4 0
200 8 0 8 3 4 0
200 564 2 7 74 4 0
201 1126 2 4 69 5 0
203 343 1 8 3 5 0
204 356 3 7 4 3 0
206 269 3 3 1 3 0
207 737 1 8 94 4 0
209 270 2 0 13 4 0
209 23 0 7 30 3 0
209 318 0 6 7 4 0
212 932 2 3 82 4 0
213 547 0 4 98 4 0
214 302 0 4 96 3 0
214 1198 0 7 91 5 0
217 297 2 0 35 3 0
219 121 0 7 49 5 0
220 631 0 0 43 3 0
221 1080 2 7 19 4 0
221 683 3 0 67 4 0
222 1062 3 4 16 3 0
223 1018 3 6 78 4 0
224 605 3 1 65 4 0
226 983 3 9 49 3 0
227 633 2 9 65 4 0
227 248 4 0 92 4 0
227 1082 3 9 29 4 0
228 894 1 4 19 4 0
228 711 1 5 83 3 0
229 525 0 9 44 3 0
233 159 4 7 5 5 0
235 1035 4 6 59 3 0
235 396 3 0 74 3 0
236 1076 3 0 43 3 0
236 540 1 3 20 3 0
236 260 2 9 80 5 0
238 1083 0 6 2 4 0
238 120 4 0 94 5 0
238 1060 1 5 18 5 0
239 1184 3 7 71 3 0
239 814 0 6 15 4 0
240 584 4 8 60 5 0
241 191 1 9 19 5 0
242 411 2 3 49 4 0
243 662 1 0 60 4 0
244 893 4 5 29 3 0
245 697 0 5 41 4 0
245 1053 4 8 32 3 0
247 103 4 7 89 5 0
251 645 3 1 26 5 0
252 207 1 1 46 3 0
254 698 1 2 51 3 0
258 809 3 9 8 3 0
259 922 3 7 35 3 0
260 1136 1 4 33 4 0
261 701 0 0 12 3 0
263 587 3 1 52 5 0
264 1157 3 7 51 4 0
267 595 2 7 82 5 0
267 928 1 1 6 3 0
267 1193 4 6 31 3 0
270 603 1 8 52 3 0
270 1038 2 3 14 3 0
271 1050 3 5 44 5 0
271 199 4 1 75 3 0
272 396 3 6 13 3 0
274 285 3 6 2 3 0
275 56 0 7 23 4 0
276 465 3 2 86 5 0
276 1104 4 0 63 5 0
279 479 4 5 98 4 0
280 336 3 8 55 5 0
280 830 0 3 62 4 0
280 1116 1 6 73 5 0
282 350 0 0 88 3 0
284 122 0 6 16 5 0
286 137 2 9 56 3 0
286 1156 3 3 26 5 0
287 479 2 3 16 3 0
290 104 0 1 4 4 0
291 272 0 2 61 3 0
296 397 2 9 3 4 0
297 1045 1 8 2 5 0
299 151 2 1 84 4 0
299 594 4 3 41 5 0
301 1113 1 1 80 3 0
301 454 2 4 31 3 0
301 777 0 7 67 4 0
302 795 1 7 91 4 0
304 453 0 6 53 3 0
307 881 3 7 18 5 0
310 212 3 8 47 4 0
312 255 4 7 81 3 0
315 826 2 2 19 3 0
315 415 2 5 35 3 0
317 765 1 2 25 5 0
318 50 3 4 89 5 0
319 556 0 5 31 5 0
321 1018 3 3 84 3 0
321 85 0 0 84 4 0
322 174 3 5 87 4 0
322 253 2 7 49 3 0
323 732 1 7 14 3 0
323 830 4 9 49 4 0
323 79 3 7 10 3 0
324 269 3 8 86 4 0
327 941 1 5 67 4 0
328 1023 3 3 20 3 0
332 580 4 7 56 5 0
334 411 4 6 34 3 0
335 660 0 7 81 4 0
336 757 2 4 48 4 0
339 1029 0 4 34 4 0
340 386 1 7 12 3 0
341 134 0 8 4 4 0
342 965 1 3 23 4 0
344 781 1 5 73 4 0
344 657 3 9 56 5 0
344 1169 3 3 88 4 0
344 1016 4 6 18 5 0
345 270 2 7 94 5 0
347 111 2 7 52 4 0
347 173 2 7 58 4 0
348 576 4 0 8 5 0
348 45 2 7 65 4 0
349 767 4 5 32 4 0
357 265 2 1 51 5 0
359 1158 4 9 64 3 0
360 354 2 2 98 3 0
362 552 0 1 9 5 0
364 551 0 8 51 4 0
365 1000 1 9 53 4 0
365 124 2 9 85 5 0
366 682 3 5 59 4 0
367 875 1 3 80 3 0
368 311 4 6 49 4 0
369 218 0 2 100 5 0
370 771 3 0 55 4 0
370 1054 2 1 25 4 0
376 615 4 5 98 3 0
377 177 3 3 59 3 0
379 279 4 5 41 5 0
379 1091 0 8 28 3 0
379 154 3 6 79 3 0
380 1194 4 5 27 5 0
383 217 3 6 9 4 0
384 930 0 8 48 3 0
385 936 0 8 10 3 0
386 470 4 4 87 3 0
387 83 4 9 94 5 0
387 458 0 6 40 3 0
391 143 4 4 71 4 0
391 1155 2 6 14 3 0
394 28 0 8 45 3 0
395 906 3 5 13 3 0
396 444 2 0 58 3 0
401 791 0 9 77 5 0
403 593 4 5 74 5 0
410 994 0 1 79 4 0
414 437 0 6 38 4 0
415 799 1 2 76 5 0
416 343 1 1 33 5 0
419 144 4 0 15 3 0
420 863 2 3 77 3 0
425 869 1 5 10 4 0
428 780 1 7 58 5 0
428 808 1 1 28 3 0
428 706 1 4 2 4 0
428 806 0 4 98 4 0
429 1044 3 8 25 5 0
430 369 3 0 26 3 0
431 959 4 7 27 5 0
433 123 2 1 83 5 0
434 792 0 1 59 4 0
435 51 0 0 73 3 0
437 499 3 8 45 4 0
440 217 3 4 31 4 0
441 1013 0 0 51 4 0
442 1125 2 7 22 4 0
443 954 3 3 98 3 0
443 913 3 8 4 3 0
444 390 0 5 89 4 0
445 1151 1 7 42 3 0
445 824 4 0 87 5 0
446 3 0 7 81 4 0
446 519 3 5 11 4 0
447 1138 0 3 17 4 0
447 186 1 2 60 4 0
448 941 4 7 2 4 0
449 566 3 0 61 5 0
450 645 2 4 97 5 0
452 351 4 9 63 4 0
453 539 1 3 57 4 0
454 322 1 8 69 3 0
455 248 2 0 23 4 0
457 182 3 1 10 5 0
459 772 0 8 12 4 0
460 1153 4 7 36 4 0
462 1158 0 0 3 3 0
464 1098 0 0 23 4 0
464 1075 1 7 63 4 0
467 473 3 6 72 3 0
468 693 0 5 35 3 0
468 1012 2 3 83 4 0
469 32 4 3 33 5 0
469 1097 0 1 88 5 0
472 247 0 8 44 3 0
473 233 3 0 60 5 0
473 817 1 3 89 4 0
475 109 0 6 2 5 0
475 131 1 8 14 5 0
477 103 2 8 44 3 0
477 1046 3 2 91 5 0
478 965 3 4 74 4 0
478 1026 3 8 28 5 0
479 184 4 4 9 3 0
480 438 2 2 82 5 0
480 130 4 5 83 5 0
485 1026 0 0 11 3 0
493 283 1 6 15 5 0
493 1132 0 6 47 4 0
493 1094 2 2 43 5 0
494 423 0 0 95 5 0
495 58 4 3 40 4 0
495 247 0 4 98 3 0
496 60 1 9 10 4 0
498 1002 4 3 16 3 0
499 668 4 2 77 5 0
503 1110 3 7 59 4 0
503 886 0 6 75 3 0
504 425 2 4 56 4 0
506 1119 3 2 45 4 0
506 1111 3 7 84 3 0
507 686 3 0 100 3 0
508 218 3 2 66 4 0
510 407 2 1 18 4 0
511 1056 1 1 33 4 0
513 181 2 5 27 5 0
513 149 2 5 7 4 0
513 709 1 5 80 3 0
516 156 1 4 71 5 0
516 289 1 6 80 4 0
517 283 2 6 81 5 0
517 56 3 9 60 4 0
519 792 4 0 70 4 0
519 329 1 5 39 5 0
519 825 4 4 57 3 0
522 532 1 8 28 4 0
523 794 0 9 77 4 0
528 710 1 6 34 5 0
528 170 3 5 40 4 0
529 106 3 4 66 3 0
529 241 1 7 94 4 0
532 903 2 3 94 4 0
533 1109 4 3 2 4 0
533 1018 1 1 18 5 0
533 682 4 9 46 3 0
534 466 3 3 24 5 0
534 370 2 7 32 4 0
535 419 0 8 94 3 0
537 334 3 9 76 4 0
537 1064 3 7 27 4 0
541 801 2 0 98 3 0
542 32 4 0 53 3 0
543 590 4 5 62 4 0
546 233 2 4 76 3 0
548 999 3 9 79 3 0
548 954 2 6 33 4 0
552 1175 2 2 69 3 0
557 855 4 1 12 4 0
559 925 1 6 82 5 0
559 346 4 5 94 3 0
559 507 4 9 45 5 0
559 143 0 4 95 5 0
561 1176 1 5 83 3 0
561 501 0 3 81 4 0
562 415 4 9 1 3 0
563 274 2 3 36 4 0
564 951 4 8 4 5 0
566 221 1 0 71 5 0
569 973 2 1 81 3 0
570 1102 3 8 29 4 0
572 167 3 1 35 3 0
575 649 2 5 78 3 0
575 317 1 5 29 5 0
577 203 2 0 57 4 0
577 556 4 0 32 5 0
578 1182 0 9 11 3 0
578 488 4 8 13 3 0
579 647 3 3 1 3 0
579 408 2 5 4 4 0
582 674 2 9 73 4 0
583 350 1 1 73 3 0
583 169 0 5 80 5 0
586 1172 3 7 53 3 0
586 963 0 1 49 4 0
587 924 0 8 1 4 0
587 251 2 9 7 5 0
587 123 3 5 43 5 0
587 376 3 8 37 5 0
588 561 3 8 88 5 0
590 763 3 2 68 4 0
590 157 3 6 27 4 0
591 318 0 1 38 3 0
592 111 1 3 91 3 0
594 471 2 8 98 5 0
594 864 4 1 90 4 0
595 645 4 2 93 3 0
601 120 1 3 76 4 0
604 207 0 0 49 4 0
604 993 2 1 81 5 0
605 371 4 2 55 4 0
607 423 3 0 25 4 0
608 579 2 9 18 5 0
609 608 2 7 81 4 0
609 636 4 5 31 5 0
611 730 1 6 70 5 0
611 948 1 9 15 3 0
611 999 0 7 69 4 0
612 1000 1 9 14 5 0
614 551 4 5 90 5 0
614 325 0 6 94 5 0
617 850 1 7 96 5 0
618 54 0 7 58 3 0
618 875 0 5 95 5 0
619 319 1 2 42 3 0
621 612 4 0 22 3 0
621 20 0 7 16 5 0
623 23 4 6 44 3 0
625 1034 2 9 45 4 0
625 624 2 1 43 5 0
625 75 0 4 30 5 0
626 136 0 4 92 5 0
626 740 0 2 7 4 0
626 601 3 8 96 5 0
626 460 3 3 8 5 0
630 581 4 4 43 3 0
630 663 3 6 73 5 0
632 491 3 8 60 3 0
632 55 2 1 92 5 0
635 1113 1 9 33 3 0
639 751 4 2 50 4 0
639 451 0 8 7 3 0
642 208 3 5 3 5 0
646 139 0 1 59 3 0
647 530 2 2 38 4 0
648 186 3 2 32 5 0
649 1081 2 9 84 3 0
649 1017 2 9 26 4 0
649 373 4 3 40 5 0
651 594 2 1 36 5 0
651 23 0 6 45 3 0
652 809 0 0 79 4 0
652 596 0 2 82 4 0
653 921 3 3 62 5 0
653 778 0 5 45 5 0
654 134 2 2 70 4 0
655 633 0 3 11 5 0
658 783 3 1 21 5 0
659 242 0 0 20 4 0
664 540 3 8 60 3 0
664 443 1 1 71 4 0
666 904 3 3 21 5 0
670 891 2 4 45 4 0
670 132 4 2 87 3 0
670 795 0 3 66 5 0
671 1030 3 3 33 4 0
673 1011 3 0 74 5 0
673 57 2 6 27 5 0
674 129 0 6 88 5 0
676 1121 2 2 67 3 0
678 457 0 7 43 4 0
680 631 1 1 67 3 0
680 348 3 9 63 3 0
681 533 2 7 12 4 0
683 1015 3 6 96 3 0
685 315 3 6 100 4 0
688 876 0 2 63 3 0
691 634 0 4 39 4 0
694 710 1 1 39 4 0
694 666 1 2 77 5 0
694 682 2 8 51 4 0
696 711 4 3 27 5 0
696 1098 4 6 32 5 0
697 578 1 2 4 3 0
702 1130 4 3 37 4 0
704 524 2 8 83 3 0
706 693 4 7 50 5 0
707 397 1 5 46 3 0
708 372 3 1 65 5 0
709 958 1 7 81 4 0
710 467 1 0 10 5 0
715 533 4 0 69 4 0
715 277 1 0 44 5 0
717 437 3 8 37 5 0
717 452 4 9 44 5 0
718 692 1 2 6 4 0
721 1076 2 7 16 4 0
723 468 4 5 83 5 0
725 536 1 7 56 5 0
725 274 4 1 95 4 0
727 863 2 4 98 4 0
728 673 4 6 44 4 0
728 1136 4 0 6 3 0
732 994 0 2 44 5 0
733 636 4 5 45 4 0
733 26 3 9 54 4 0
735 1198 1 4 82 4 0
736 323 3 6 53 3 0
737 1190 0 6 77 4 0
737 736 1 8 84 5 0
740 565 4 8 11 3 0
740 988 2 8 44 4 0
740 232 0 2 72 4 0
741 279 3 9 79 4 0
743 147 0 4 78 5 0
745 724 3 3 56 4 0
746 582 3 4 56 3 0
749 458 3 6 10 4 0
750 355 2 1 10 5 0
750 332 0 3 14 4 0
752 425 1 8 67 4 0
752 948 2 9 51 3 0
755 341 2 1 85 4 0
757 822 3 2 35 5 0
757 238 4 4 28 4 0
758 238 0 3 93 5 0
762 97 0 1 80 3 0
762 932 3 2 22 5 0
766 289 0 0 17 4 0
766 188 1 6 52 4 0
766 84 4 1 93 3 0
768 459 1 6 7 5 0
768 949 2 2 44 3 0
769 110 3 0 52 5 0
770 43 4 5 43 4 0
771 697 4 3 13 4 0
774 543 4 5 79 4 0
775 663 3 0 40 4 0
776 981 2 2 93 3 0
777 193 2 8 7 3 0
777 712 1 8 1 3 0
779 405 2 4 94 5 0
780 854 0 0 100 3 0
784 494 1 6 43 3 0
785 304 2 1 28 4 0
786 163 4 9 31 4 0
788 1100 4 5 60 5 0
790 1153 1 5 27 5 0
791 692 1 9 99 5 0
796 639 4 9 67 3 0
796 1119 0 2 100 5 0
797 1025 3 8 70 4 0
797 653 2 9 10 4 0
798 553 1 9 66 3 0
799 234 1 1 47 5 0
800 410 4 2 8 5 0
800 782 0 8 26 5 0
800 318 4 8 50 4 0
804 843 2 6 70 3 0
805 1155 1 2 37 3 0
805 639 3 9 91 4 0
806 1155 0 1 55 4 0
807 610 3 2 4 3 0
807 165 3 4 50 4 0
807 126 2 3 67 3 0
807 170 0 8 20 3 0
809 489 0 8 57 5 0
811 1195 1 5 96 3 0
811 1126 4 9 31 5 0
812 168 4 3 51 5 0
814 442 2 4 64 3 0
814 347 2 8 91 5 0
817 319 3 3 40 5 0
817 872 0 4 58 5 0
818 186 4 9 94 4 0
821 521 4 0 66 4 0
824 913 3 7 9 5 0
825 1003 1 2 13 3 0
829 887 4 1 99 5 0
834 1047 3 3 77 5 0
834 348 3 8 15 3 0
835 576 2 8 49 5 0
836 103 1 0 18 3 0
837 311 2 6 81 4 0
839 137 0 7 43 5 0
846 505 2 4 84 5 0
848 647 1 8 7 5 0
852 74 3 3 66 4 0
852 284 3 6 49 5 0
854 1157 3 3 29 4 0
855 336 2 3 85 5 0
856 747 4 1 79 3 0
857 552 4 2 9 5 0
858 718 4 6 69 4 0
858 245 2 2 53 4 0
858 505 0 7 8 3 0
860 1096 2 5 75 4 0
862 447 4 2 57 5 0
864 467 0 4 73 4 0
865 346 2 6 66 4 0
865 730 0 6 92 3 0
867 842 2 2 81 3 0
868 143 4 2 89 5 0
869 714 1 3 44 4 0
870 346 3 8 17 4 0
870 1196 2 2 72 3 0
870 555 1 7 54 3 0
871 777 2 8 69 4 0
872 1009 0 2 22 4 0
874 15 3 1 90 3 0
874 686 1 3 93 3 0
875 593 4 4 17 3 0
876 240 3 7 72 5 0
877 968 0 7 12 5 0
878 334 3 5 74 5 0
878 944 2 1 17 3 0
880 1160 3 2 46 4 0
880 1174 2 0 33 5 0
883 841 1 1 59 3 0
884 913 2 9 93 3 0
884 884 2 6 96 3 0
885 38 2 4 42 5 0
888 393 1 5 32 5 0
891 742 1 8 77 4 0
893 1109 3 8 48 5 0
894 855 3 2 22 5 0
896 595 2 9 54 3 0
898 1087 0 1 48 4 0
898 911 3 1 43 4 0
899 1110 2 1 91 4 0
899 59 3 5 47 3 0
902 658 4 2 52 3 0
903 507 4 1 25 5 0
905 956 0 8 19 5 0
905 948 1 4 7 3 0
906 1061 4 3 31 3 0
907 291 2 4 6 5 0
909 87 0 6 69 3 0
910 956 1 0 77 5 0
911 186 0 7 15 3 0
911 590 3 5 43 3 0
917 1105 3 4 70 4 0
917 970 4 1 23 4 0
918 707 4 2 2 3 0
919 863 1 1 45 3 0
920 666 3 8 30 3 0
922 3 1 4 15 3 0
928 787 1 2 58 3 0
929 918 0 9 9 4 0
932 616 2 2 14 3 0
932 662 4 1 16 4 0
933 1100 3 2 59 5 0
935 306 0 6 93 5 0
936 236 4 2 52 5 0
936 626 1 6 72 4 0
938 5 4 3 23 5 0
938 986 1 1 42 3 0
939 549 1 1 91 4 0
940 446 4 7 89 3 0
941 298 1 9 94 3 0
941 628 0 0 33 5 0
942 750 4 3 90 5 0
949 856 0 4 94 4 0
950 534 0 0 20 4 0
952 250 1 9 20 4 0
953 919 1 2 59 4 0
953 365 1 8 2 5 0
954 747 2 0 44 3 0
955 82 1 4 86 5 0
957 86 4 8 83 4 0
957 823 1 6 89 4 0
959 842 4 2 57 4 0
961 294 2 2 67 3 0
961 418 4 7 42 4 0
962 240 0 9 41 4 0
962 845 1 0 8 3 0
964 210 2 9 88 3 0
965 1101 1 7 88 3 0
965 355 1 4 2 4 0
965 1197 1 2 59 4 0
968 1063 0 4 33 3 0
968 914 4 0 8 4 0
969 78 0 3 73 3 0
972 604 2 3 48 3 0
974 431 1 6 28 3 0
976 46 2 6 4 4 0
976 614 4 8 22 5 0
977 845 0 9 63 3 0
978 1113 0 0 66 5 0
979 805 4 4 21 5 0
981 895 4 6 57 5 0
984 27 4 9 16 3 0
987 741 4 4 13 5 0
987 724 4 2 28 5 0
987 444 4 2 99 5 0
990 946 1 4 30 3 0
991 970 3 0 42 4 0
991 656 3 9 72 4 0
992 1098 3 1 14 4 0
992 1130 1 2 79 5 0
993 59 3 2 29 5 0
995 188 0 6 94 5 0
997 488 3 3 82 4 0
997 1163 4 0 13 5 0
998 663 0 4 73 3 0
1000 798 0 9 91 5 0
1001 219 3 3 57 5 0
1002 226 3 7 78 5 0
1002 1045 1 3 95 5 0
1002 843 1 4 67 3 0
1008 49 3 3 78 5 0
1009 863 0 5 23 4 0
1010 438 1 4 32 3 0
1016 774 1 4 89 5 0
1016 210 0 8 26 5 0
1020 864 2 0 24 5 0
1021 502 4 6 71 5 0
1021 597 1 2 39 3 0
1022 752 1 3 46 5 0
1022 806 4 4 79 4 0
1023 143 1 5 21 4 0
1024 448 1 5 65 4 0
1024 698 1 2 72 5 0
1028 443 2 1 93 3 0
1028 106 2 2 32 3 0
1029 125 0 5 53 4 0
1030 1036 0 3 90 3 0
1030 1114 0 1 78 5 0
1032 1079 4 3 64 5 0
1032 397 0 5 69 3 0
1034 227 2 1 15 5 0
1034 322 2 7 21 3 0
1034 73 1 2 58 3 0
1035 1133 1 8 40 5 0
1035 88 0 8 18 4 0
1037 207 0 4 80 3 0
1039 117 4 8 91 5 0
1040 363 3 5 84 4 0
1045 547 3 0 22 3 0
1046 451 4 9 27 5 0
1048 743 1 3 59 3 0
1049 349 4 4 86 5 0
1050 164 4 4 59 5 0
1053 245 2 4 46 5 0
1053 1103 3 8 37 5 0
1055 801 0 7 11 4 0
1055 954 3 2 36 4 0
1055 1050 4 9 82 3 0
1056 232 1 5 38 4 0
1056 300 0 4 77 5 0
1058 507 2 4 33 4 0
1061 85 3 8 7 5 0
1062 1036 1 6 16 4 0
1063 1110 1 0 54 5 0
1063 314 0 9 32 5 0
1065 13 2 0 28 3 0
1070 327 3 4 84 4 0
1070 371 2 0 21 4 0
1070 952 3 0 71 4 0
1071 803 0 7 85 3 0
1072 200 4 3 8 3 0
1072 258 4 9 56 4 0
1072 1031 4 3 8 5 0
1075 154 3 4 38 4 0
1077 1034 0 9 57 3 0
1078 382 0 3 33 5 0
1085 1187 1 9 5 4 0
1088 784 0 8 8 4 0
1089 409 3 7 20 5 0
1091 360 3 8 9 4 0
1091 801 4 2 91 4 0
1092 939 2 5 77 5 0
1101 391 3 4 59 4 0
1103 582 0 0 53 4 0
1105 1038 0 5 47 5 0
1106 288 0 2 97 4 0
1106 779 3 5 89 3 0
1106 659 3 0 25 5 0
1109 1002 1 9 38 3 0
1109 587 3 2 99 3 0
1114 481 3 1 5 3 0
1115 92 4 7 79 4 0
1115 876 4 6 21 5 0
1121 772 4 8 82 4 0
1124 1031 1 2 38 4 0
1125 405 0 4 51 4 0
1127 134 3 7 66 4 0
1127 382 4 9 9 4 0
1128 757 0 0 42 5 0
1128 1053 4 0 42 4 0
1129 739 3 9 54 3 0
1129 654 2 2 8 3 0
1130 574 4 6 46 5 0
1130 477 0 9 11 5 0
1130 1021 0 7 26 4 0
1131 884 2 8 94 5 0
1134 478 1 4 37 4 0
1135 298 2 7 65 3 0
1135 317 1 8 83 3 0
1137 565 1 7 47 3 0
1137 193 1 8 68 5 0
1138 101 3 4 46 3 0
1140 529 0 9 100 5 0
1140 954 2 9 43 3 0
1148 46 0 9 2 5 0
1149 140 2 9 73 4 0
1149 11 4 6 57 4 0
1150 177 4 2 89 5 0
1150 533 2 0 20 3 0
1150 812 1 0 44 3 0
1151 596 2 8 83 5 0
1151 554 2 8 14 4 0
1152 954 3 8 58 5 0
1153 254 3 4 82 4 0
1155 301 4 8 9 5 0
1156 721 2 9 18 5 0
1160 1043 2 4 72 5 0
1162 486 1 1 86 4 0
1166 669 0 8 51 3 0
1167 1160 2 2 77 3 0
1168 111 0 6 38 4 0
1169 1122 0 9 29 5 0
1169 383 3 1 6 4 0
1169 870 4 5 60 4 0
1169 800 0 1 42 4 0
1170 69 3 4 2 5 0
1171 423 3 8 50 3 0
1172 498 0 2 25 3 0
1177 200 0 7 83 3 0
1177 488 0 1 93 4 0
1177 1160 3 7 88 3 0
1179 565 1 0 84 5 0
1180 918 1 6 65 3 0
1180 57 4 3 66 3 0
1181 166 0 6 85 4 0
1181 703 1 4 3 3 0
1182 795 2 4 28 3 0
1185 928 3 9 85 3 0
1191 1131 3 1 74 5 0
1191 27 1 0 50 5 0
1192 1098 1 6 69 3 0
1192 1148 0 1 68 5 0
1192 719 3 8 87 3 0
1193 12 0 0 39 3 0
1193 1049 2 5 91 4 0
1193 35 2 2 74 3 0
1193 970 1 5 70 3 0
1195 533 0 2 49 5 0
1195 653 4 0 94 3 0
1197 1181 1 4 14 4 0
1198 1079 3 5 28 4 0

