10

5
0 20 20 20 20 20 20 20 20 20 20
1 20 20 20 20 20 20 20 20 20 20
2 20 20 20 20 20 20 20 20 20 20
3 20 20 20 20 20 20 20 20 20 20
4 20 20 20 20 20 20 20 20 20 20

25
309 532 100000 6 4
0 126 2 2
1 108 6 8
2 137 8 7
5 113 4 6
6 140 6 6
9 127 2 9
1007 829 100000 6 1
0 139 2 1
1 117 4 4
2 136 4 1
3 100 10 5
4 117 3 6
9 138 8 3
560 1138 100000 6 0
1 107 10 1
2 133 4 7
3 111 3 2
5 107 5 1
6 141 6 7
9 129 9 1
336 240 100000 6 4
0 147 2 2
1 121 5 2
5 142 5 1
7 150 1 4
8 114 9 9
9 144 1 3
48 1079 100000 6 3
1 124 3 2
2 128 8 1
3 111 4 5
4 125 2 5
6 113 6 10
8 119 3 2
9 565 100000 6 0
0 104 10 8
1 113 1 9
4 104 9 10
5 121 1 3
6 117 5 10
7 106 1 1
432 423 100000 6 0
1 103 3 10
4 124 9 7
5 125 5 1
6 149 8 2
7 137 8 6
9 114 4 5
922 689 100000 6 4
0 105 6 1
2 148 2 8
3 115 9 3
5 118 1 3
6 143 6 6
9 133 3 1
470 886 100000 6 0
3 141 5 10
4 148 2 8
6 117 6 3
7 129 4 8
8 108 6 6
9 140 9 3
1103 252 100000 6 4
0 113 9 9
3 145 5 8
4 140 3 3
5 108 5 1
6 136 2 3
8 121 5 4
650 174 100000 6 3
0 102 8 8
1 125 9 2
2 141 3 5
4 132 9 7
7 110 8 8
8 143 9 8
313 365 100000 6 2
1 107 4 4
3 146 5 4
4 132 5 7
6 130 2 6
7 133 4 3
8 135 10 6
598 308 100000 6 1
0 146 3 9
2 104 3 10
4 132 9 1
5 107 5 7
6 136 2 9
8 112 10 8
910 834 100000 6 1
0 110 4 5
1 114 2 2
2 135 9 10
4 128 7 6
7 150 4 9
9 146 3 9
114 924 100000 6 1
0 140 2 6
1 100 1 10
4 147 3 3
5 114 2 8
6 126 1 1
8 138 4 7
1106 1149 100000 6 1
1 109 10 2
3 147 1 6
4 111 4 3
5 114 5 1
7 107 1 4
8 127 9 10
775 565 100000 6 4
0 132 9 9
1 130 3 3
2 113 9 6
5 108 3 5
8 150 2 3
9 135 5 8
416 173 100000 6 2
0 119 6 1
1 116 1 8
2 100 6 5
5 144 8 8
8 150 5 1
9 101 1 2
41 1043 100000 6 2
0 125 1 5
1 147 1 9
4 137 2 1
6 120 2 8
7 127 2 6
9 133 1 1
240 1154 100000 6 3
0 104 9 2
3 145 2 4
5 116 10 8
7 129 8 1
8 102 8 2
9 111 3 10
1069 443 100000 6 0
0 122 10 10
2 129 6 8
3 131 1 5
4 138 2 6
8 147 4 5
9 149 3 10
1193 1172 100000 6 3
0 112 2 8
1 129 9 5
2 114 1 7
3 115 5 6
4 119 4 6
8 131 7 2
419 417 100000 6 2
2 104 1 3
3 130 4 10
5 137 9 1
6 130 5 1
7 106 9 8
8 102 4 2
34 275 100000 6 3
0 113 5 9
1 117 6 4
3 145 4 7
5 103 5 9
6 139 1 9
8 115 8 6
862 670 100000 6 2
1 117 3 2
2 144 3 1
5 108 4 2
6 137 1 4
7 105 6 4
9 102 8 4

1000
0 735 4 4 37 3 0
0 536 1 3 92 3 0
3 994 1 6 89 5 0
5 1084 2 0 92 3 0
5 1115 4 6 46 4 0
9 679 1 3 18 5 0
9 115 1 4 37 3 0
10 370 3 9 37 4 0
10 836 1 1 46 4 0
12 2 0 2 19 4 0
13 359 4 7 26 4 0
13 215 0 6 15 4 0
14 904 3 1 91 4 0
16 415 3 9 42 5 0
19 252 4 6 8 3 0
21 892 1 6 75 5 0
21 562 4 6 6 4 0
24 540 0 5 92 4 0
25 524 0 8 53 4 0
26 338 3 7 6 3 0
28 789 3 0 67 3 0
28 33 0 8 54 3 0
32 642 1 3 50 3 0
34 758 0 9 74 4 0
34 922 3 7 35 3 0
35 587 3 3 35 3 0
36 1085 2 5 55 5 0
39 357 4 7 9 5 0
41 996 0 3 15 4 0
41 5 4 4 80 5 0
44 9 0 9 66 3 0
45 645 1 6 72 3 0
46 396 1 1 90 5 0
46 379 1 0 57 5 0
46 295 3 2 87 4 0
48 71 3 0 53 3 0
49 707 2 2 23 4 0
51 957 4 1 92 3 0
53 208 0 2 42 4 0
53 1015 2 1 60 5 0
53 965 2 8 85 5 0
54 647 3 1 29 4 0
55 49 4 4 21 4 0
55 9 2 1 44 4 0
55 1045 2 0 96 4 0
56 393 1 4 15 4 0
56 1107 0 5 21 3 0
57 602 1 3 6 4 0
58 94 3 0 7 4 0
58 514 3 2 83 3 0
61 48 4 9 41 3 0
61 894 1 6 35 3 0
62 298 1 9 85 4 0
62 117 4 9 72 4 0
63 1151 2 0 41 5 0
63 315 2 2 14 3 0
64 49 2 0 94 3 0
65 232 3 4 67 4 0
68 959 3 3 75 3 0
70 473 2 0 3 4 0
70 359 2 0 84 4 0
71 384 1 9 34 3 0
71 987 1 9 30 5 0
72 556 2 5 29 5 0
75 519 3 4 39 5 0
76 14 0 9 5 4 0
79 633 1 8 24 3 0
79 395 0 6 31 5 0
80 441 3 1 22 3 0
81 797 1 1 49 4 0
82 794 1 4 47 5 0
84 332 3 7 33 4 0
84 992 1 6 28 4 0
86 318 1 2 8 3 0
88 451 0 6 2 5 0
88 547 1 1 37 3 0
90 479 0 1 64 5 0
90 710 1 1 4 5 0
91 908 4 9 48 3 0
91 205 1 8 42 4 0
92 428 4 8 54 5 0
93 800 1 4 32 4 0
96 1150 3 5 43 4 0
99 582 3 7 43 5 0
99 1168 1 8 85 3 0
100 522 1 4 87 3 0
102 135 0 9 72 3 0
102 796 4 7 41 5 0
102 534 1 5 77 4 0
103 1127 3 5 65 4 0
104 857 4 7 40 3 0
105 301 3 0 18 4 0
105 254 3 2 8 5 0
106 541 4 9 15 5 0
107 723 0 0 82 5 0
108 50 0 9 42 3 0
108 1079 4 2 67 4 0
111 1009 2 5 23 3 0
112 558 4 5 64 4 0
114 1165 2 0 22 3 0
116 575 0 7 3 5 0
116 399 1 0 83 3 0
117 531 3 2 9 4 0
117 205 2 0 68 3 0
118 766 2 1 66 4 0
120 409 4 9 10 5 0
122 449 3 7 6 5 0
125 185 1 8 49 3 0
125 339 0 0 69 5 0
126 736 4 5 50 5 0
129 111 1 1 3 5 0
130 654 4 6 71 3 0
132 975 3 2 85 3 0
136 836 2 4 33 3 0
136 544 2 5 4 3 0
136 13 1 0 55 3 0
138 512 3 5 2 4 0
140 488 4 9 3 5 0
140 146 3 0 16 4 0
140 13 1 3 62 4 0
143 771 1 6 89 4 0
144 30 2 7 48 3 0
144 108 1 7 68 5 0
151 953 3 9 9 3 0
152 1181 1 9 75 3 0
153 103 4 7 30 4 0
154 8 0 8 3 4 0
158 564 2 7 74 4 0
158 1126 2 4 69 5 0
158 343 1 8 3 5 0
160 356 3 7 4 3 0
160 269 3 3 1 3 0
161 737 1 8 94 4 0
161 270 2 0 13 4 0
162 23 0 7 30 3 0
162 318 0 6 7 4 0
163 932 2 3 82 4 0
164 547 0 4 98 4 0
164 302 0 4 96 3 0
164 1198 0 7 91 5 0
166 297 2 0 35 3 0
167 121 0 7 49 5 0
169 631 0 0 43 3 0
170 1080 2 7 19 4 0
170 683 3 0 67 4 0
171 1062 3 4 16 3 0
171 1018 3 6 78 4 0
171 605 3 1 65 4 0
171 983 3 9 49 3 0
172 633 2 9 65 4 0
172 248 4 0 92 4 0
173 1082 3 9 29 4 0
175 894 1 4 19 4 0
177 711 1 5 83 3 0
177 525 0 9 44 3 0
180 159 4 7 5 5 0
183 1035 4 6 59 3 0
185 396 3 0 74 3 0
187 1076 3 0 43 3 0
187 540 1 3 20 3 0
188 260 2 9 80 5 0
188 1083 0 6 2 4 0
189 120 4 0 94 5 0
189 1060 1 5 18 5 0
189 1184 3 7 71 3 0
193 814 0 6 15 4 0
195 584 4 8 60 5 0
196 191 1 9 19 5 0
200 411 2 3 49 4 0
200 662 1 0 60 4 0
201 893 4 5 29 3 0
202 697 0 5 41 4 0
203 1053 4 8 32 3 0
204 103 4 7 89 5 0
206 645 3 1 26 5 0
207 207 1 1 46 3 0
209 698 1 2 51 3 0
209 809 3 9 8 3 0
209 922 3 7 35 3 0
212 1136 1 4 33 4 0
213 701 0 0 12 3 0
214 587 3 1 52 5 0
214 1157 3 7 51 4 0
217 595 2 7 82 5 0
219 928 1 1 6 3 0
220 1193 4 6 31 3 0
221 603 1 8 52 3 0
221 1038 2 3 14 3 0
222 1050 3 5 44 5 0
223 199 4 1 75 3 0
223 396 3 6 13 3 0
223 285 3 6 2 3 0
224 56 0 7 23 4 0
226 465 3 2 86 5 0
227 1104 4 0 63 5 0
227 479 4 5 98 4 0
227 336 3 8 55 5 0
228 830 0 3 62 4 0
228 1116 1 6 73 5 0
229 350 0 0 88 3 0
232 122 0 6 16 5 0
233 137 2 9 56 3 0
233 1156 3 3 26 5 0
235 479 2 3 16 3 0
235 104 0 1 4 4 0
236 272 0 2 61 3 0
236 397 2 9 3 4 0
236 1045 1 8 2 5 0
236 151 2 1 84 4 0
238 594 4 3 41 5 0
238 1113 1 1 80 3 0
238 454 2 4 31 3 0
239 777 0 7 67 4 0
239 795 1 7 91 4 0
240 453 0 6 53 3 0
241 881 3 7 18 5 0
241 212 3 8 47 4 0
242 255 4 7 81 3 0
243 826 2 2 19 3 0
244 415 2 5 35 3 0
245 765 1 2 25 5 0
245 50 3 4 89 5 0
247 556 0 5 31 5 0
251 1018 3 3 84 3 0
252 85 0 0 84 4 0
254 174 3 5 87 4 0
258 253 2 7 49 3 0
258 732 1 7 14 3 0
259 830 4 9 49 4 0
260 79 3 7 10 3 0
261 269 3 8 86 4 0
263 941 1 5 67 4 0
264 1023 3 3 20 3 0
267 580 4 7 56 5 0
267 411 4 6 34 3 0
267 660 0 7 81 4 0
270 757 2 4 48 4 0
270 1029 0 4 34 4 0
271 386 1 7 12 3 0
271 134 0 8 4 4 0
272 965 1 3 23 4 0
274 781 1 5 73 4 0
275 657 3 9 56 5 0
276 1169 3 3 88 4 0
276 1016 4 6 18 5 0
279 270 2 7 94 5 0
280 111 2 7 52 4 0
280 173 2 7 58 4 0
280 576 4 0 8 5 0
282 45 2 7 65 4 0
284 767 4 5 32 4 0
286 265 2 1 51 5 0
286 1158 4 9 64 3 0
286 354 2 2 98 3 0
287 552 0 1 9 5 0
287 551 0 8 51 4 0
289 1000 1 9 53 4 0
290 124 2 9 85 5 0
291 682 3 5 59 4 0
293 875 1 3 80 3 0
295 311 4 6 49 4 0
296 218 0 2 100 5 0
297 771 3 0 55 4 0
299 1054 2 1 25 4 0
299 615 4 5 98 3 0
301 177 3 3 59 3 0
301 279 4 5 41 5 0
301 1091 0 8 28 3 0
301 154 3 6 79 3 0
302 1194 4 5 27 5 0
304 217 3 6 9 4 0
306 930 0 8 48 3 0
307 936 0 8 10 3 0
307 470 4 4 87 3 0
310 83 4 9 94 5 0
310 458 0 6 40 3 0
312 143 4 4 71 4 0
312 1155 2 6 14 3 0
315 28 0 8 45 3 0
315 906 3 5 13 3 0
317 444 2 0 58 3 0
318 791 0 9 77 5 0
319 593 4 5 74 5 0
321 994 0 1 79 4 0
321 437 0 6 38 4 0
322 799 1 2 76 5 0
322 343 1 1 33 5 0
323 144 4 0 15 3 0
323 863 2 3 77 3 0
323 869 1 5 10 4 0
324 780 1 7 58 5 0
327 808 1 1 28 3 0
328 706 1 4 2 4 0
328 806 0 4 98 4 0
332 1044 3 8 25 5 0
334 369 3 0 26 3 0
335 959 4 7 27 5 0
336 123 2 1 83 5 0
338 792 0 1 59 4 0
339 51 0 0 73 3 0
340 499 3 8 45 4 0
341 217 3 4 31 4 0
342 1013 0 0 51 4 0
344 1125 2 7 22 4 0
344 954 3 3 98 3 0
344 913 3 8 4 3 0
344 390 0 5 89 4 0
345 1151 1 7 42 3 0
347 824 4 0 87 5 0
347 3 0 7 81 4 0
348 519 3 5 11 4 0
348 1138 0 3 17 4 0
349 186 1 2 60 4 0
357 941 4 7 2 4 0
359 566 3 0 61 5 0
360 645 2 4 97 5 0
362 351 4 9 63 4 0
364 539 1 3 57 4 0
365 322 1 8 69 3 0
365 248 2 0 23 4 0
366 182 3 1 10 5 0
367 772 0 8 12 4 0
368 1153 4 7 36 4 0
368 1158 0 0 3 3 0
369 1098 0 0 23 4 0
369 1075 1 7 63 4 0
370 473 3 6 72 3 0
370 693 0 5 35 3 0
376 1012 2 3 83 4 0
377 32 4 3 33 5 0
379 1097 0 1 88 5 0
379 247 0 8 44 3 0
379 233 3 0 60 5 0
380 817 1 3 89 4 0
381 109 0 6 2 5 0
383 131 1 8 14 5 0
383 103 2 8 44 3 0
384 1046 3 2 91 5 0
385 965 3 4 74 4 0
386 1026 3 8 28 5 0
387 184 4 4 9 3 0
387 438 2 2 82 5 0
391 130 4 5 83 5 0
391 1026 0 0 11 3 0
394 283 1 6 15 5 0
395 1132 0 6 47 4 0
396 1094 2 2 43 5 0
401 423 0 0 95 5 0
403 58 4 3 40 4 0
410 247 0 4 98 3 0
414 60 1 9 10 4 0
415 1002 4 3 16 3 0
416 668 4 2 77 5 0
419 1110 3 7 59 4 0
420 886 0 6 75 3 0
425 425 2 4 56 4 0
428 1119 3 2 45 4 0
428 1111 3 7 84 3 0
428 686 3 0 100 3 0
428 218 3 2 66 4 0
429 407 2 1 18 4 0
430 1056 1 1 33 4 0
430 181 2 5 27 5 0
431 149 2 5 7 4 0
433 709 1 5 80 3 0
434 156 1 4 71 5 0
434 289 1 6 80 4 0
435 283 2 6 81 5 0
436 56 3 9 60 4 0
437 792 4 0 70 4 0
440 329 1 5 39 5 0
441 825 4 4 57 3 0
442 532 1 8 28 4 0
443 794 0 9 77 4 0
443 710 1 6 34 5 0
444 170 3 5 40 4 0
445 106 3 4 66 3 0
445 241 1 7 94 4 0
446 903 2 3 94 4 0
446 1109 4 3 2 4 0
447 1018 1 1 18 5 0
447 682 4 9 46 3 0
448 466 3 3 24 5 0
449 370 2 7 32 4 0
450 419 0 8 94 3 0
452 334 3 9 76 4 0
453 1064 3 7 27 4 0
454 801 2 0 98 3 0
455 32 4 0 53 3 0
457 590 4 5 62 4 0
459 233 2 4 76 3 0
460 999 3 9 79 3 0
462 954 2 6 33 4 0
464 1175 2 2 69 3 0
464 855 4 1 12 4 0
464 925 1 6 82 5 0
464 346 4 5 94 3 0
467 507 4 9 45 5 0
468 143 0 4 95 5 0
468 1176 1 5 83 3 0
469 501 0 3 81 4 0
469 415 4 9 1 3 0
471 274 2 3 36 4 0
472 951 4 8 4 5 0
473 221 1 0 71 5 0
473 973 2 1 81 3 0
475 1102 3 8 29 4 0
475 167 3 1 35 3 0
477 649 2 5 78 3 0
477 317 1 5 29 5 0
478 203 2 0 57 4 0
478 556 4 0 32 5 0
479 1182 0 9 11 3 0
480 488 4 8 13 3 0
480 647 3 3 1 3 0
485 408 2 5 4 4 0
488 674 2 9 73 4 0
493 350 1 1 73 3 0
493 169 0 5 80 5 0
493 1172 3 7 53 3 0
494 963 0 1 49 4 0
494 924 0 8 1 4 0
495 251 2 9 7 5 0
495 123 3 5 43 5 0
496 376 3 8 37 5 0
498 561 3 8 88 5 0
499 763 3 2 68 4 0
503 157 3 6 27 4 0
503 318 0 1 38 3 0
504 111 1 3 91 3 0
504 471 2 8 98 5 0
506 864 4 1 90 4 0
506 645 4 2 93 3 0
507 120 1 3 76 4 0
508 207 0 0 49 4 0
510 993 2 1 81 5 0
511 371 4 2 55 4 0
513 423 3 0 25 4 0
513 579 2 9 18 5 0
513 608 2 7 81 4 0
516 636 4 5 31 5 0
516 730 1 6 70 5 0
517 948 1 9 15 3 0
517 999 0 7 69 4 0
519 1000 1 9 14 5 0
519 551 4 5 90 5 0
519 325 0 6 94 5 0
522 850 1 7 96 5 0
523 54 0 7 58 3 0
528 875 0 5 95 5 0
528 319 1 2 42 3 0
529 612 4 0 22 3 0
529 20 0 7 16 5 0
532 23 4 6 44 3 0
533 1034 2 9 45 4 0
533 624 2 1 43 5 0
533 75 0 4 30 5 0
534 136 0 4 92 5 0
534 740 0 2 7 4 0
535 601 3 8 96 5 0
537 460 3 3 8 5 0
537 581 4 4 43 3 0
541 663 3 6 73 5 0
542 491 3 8 60 3 0
543 55 2 1 92 5 0
546 1113 1 9 33 3 0
548 751 4 2 50 4 0
548 451 0 8 7 3 0
549 208 3 5 3 5 0
552 139 0 1 59 3 0
557 530 2 2 38 4 0
559 186 3 2 32 5 0
559 1081 2 9 84 3 0
559 1017 2 9 26 4 0
559 373 4 3 40 5 0
561 594 2 1 36 5 0
561 23 0 6 45 3 0
562 809 0 0 79 4 0
563 596 0 2 82 4 0
564 921 3 3 62 5 0
564 778 0 5 45 5 0
566 134 2 2 70 4 0
568 633 0 3 11 5 0
569 783 3 1 21 5 0
570 242 0 0 20 4 0
571 540 3 8 60 3 0
572 443 1 1 71 4 0
575 904 3 3 21 5 0
575 891 2 4 45 4 0
577 132 4 2 87 3 0
577 795 0 3 66 5 0
578 1030 3 3 33 4 0
578 1011 3 0 74 5 0
579 57 2 6 27 5 0
579 129 0 6 88 5 0
582 1121 2 2 67 3 0
583 457 0 7 43 4 0
583 631 1 1 67 3 0
586 348 3 9 63 3 0
586 533 2 7 12 4 0
587 1015 3 6 96 3 0
587 315 3 6 100 4 0
587 876 0 2 63 3 0
587 634 0 4 39 4 0
588 710 1 1 39 4 0
590 666 1 2 77 5 0
590 682 2 8 51 4 0
591 711 4 3 27 5 0
592 1098 4 6 32 5 0
594 578 1 2 4 3 0
594 1130 4 3 37 4 0
595 524 2 8 83 3 0
601 693 4 7 50 5 0
604 397 1 5 46 3 0
604 372 3 1 65 5 0
605 958 1 7 81 4 0
607 467 1 0 10 5 0
608 533 4 0 69 4 0
609 277 1 0 44 5 0
609 437 3 8 37 5 0
609 452 4 9 44 5 0
611 692 1 2 6 4 0
611 1076 2 7 16 4 0
611 468 4 5 83 5 0
612 536 1 7 56 5 0
614 274 4 1 95 4 0
614 863 2 4 98 4 0
617 673 4 6 44 4 0
617 1136 4 0 6 3 0
618 994 0 2 44 5 0
618 636 4 5 45 4 0
619 26 3 9 54 4 0
621 1198 1 4 82 4 0
621 323 3 6 53 3 0
623 1190 0 6 77 4 0
625 736 1 8 84 5 0
625 565 4 8 11 3 0
625 988 2 8 44 4 0
626 232 0 2 72 4 0
626 279 3 9 79 4 0
626 147 0 4 78 5 0
626 724 3 3 56 4 0
630 582 3 4 56 3 0
630 458 3 6 10 4 0
632 355 2 1 10 5 0
632 332 0 3 14 4 0
635 425 1 8 67 4 0
639 948 2 9 51 3 0
639 341 2 1 85 4 0
639 822 3 2 35 5 0
642 238 4 4 28 4 0
644 238 0 3 93 5 0
646 97 0 1 80 3 0
647 932 3 2 22 5 0
648 289 0 0 17 4 0
649 188 1 6 52 4 0
649 84 4 1 93 3 0
649 459 1 6 7 5 0
651 949 2 2 44 3 0
651 110 3 0 52 5 0
652 43 4 5 43 4 0
652 697 4 3 13 4 0
653 543 4 5 79 4 0
653 663 3 0 40 4 0
654 981 2 2 93 3 0
655 193 2 8 7 3 0
658 712 1 8 1 3 0
659 405 2 4 94 5 0
661 854 0 0 100 3 0
664 494 1 6 43 3 0
664 304 2 1 28 4 0
666 163 4 9 31 4 0
670 1100 4 5 60 5 0
670 1153 1 5 27 5 0
670 692 1 9 99 5 0
671 639 4 9 67 3 0
673 1119 0 2 100 5 0
673 1025 3 8 70 4 0
674 653 2 9 10 4 0
676 553 1 9 66 3 0
678 234 1 1 47 5 0
680 410 4 2 8 5 0
680 782 0 8 26 5 0
681 318 4 8 50 4 0
683 843 2 6 70 3 0
685 1155 1 2 37 3 0
688 639 3 9 91 4 0
691 1155 0 1 55 4 0
694 610 3 2 4 3 0
694 165 3 4 50 4 0
694 126 2 3 67 3 0
696 170 0 8 20 3 0
696 489 0 8 57 5 0
697 1195 1 5 96 3 0
702 1126 4 9 31 5 0
704 168 4 3 51 5 0
706 442 2 4 64 3 0
707 347 2 8 91 5 0
708 319 3 3 40 5 0
709 872 0 4 58 5 0
710 186 4 9 94 4 0
715 521 4 0 66 4 0
715 913 3 7 9 5 0
715 1003 1 2 13 3 0
717 887 4 1 99 5 0
717 1047 3 3 77 5 0
718 348 3 8 15 3 0
721 576 2 8 49 5 0
723 103 1 0 18 3 0
725 311 2 6 81 4 0
725 137 0 7 43 5 0
727 505 2 4 84 5 0
727 647 1 8 7 5 0
728 74 3 3 66 4 0
728 284 3 6 49 5 0
732 1157 3 3 29 4 0
733 336 2 3 85 5 0
733 747 4 1 79 3 0
735 552 4 2 9 5 0
736 718 4 6 69 4 0
737 245 2 2 53 4 0
737 505 0 7 8 3 0
737 1096 2 5 75 4 0
740 447 4 2 57 5 0
740 467 0 4 73 4 0
740 346 2 6 66 4 0
741 730 0 6 92 3 0
743 842 2 2 81 3 0
745 143 4 2 89 5 0
746 714 1 3 44 4 0
749 346 3 8 17 4 0
750 1196 2 2 72 3 0
750 555 1 7 54 3 0
752 777 2 8 69 4 0
752 1009 0 2 22 4 0
755 15 3 1 90 3 0
757 686 1 3 93 3 0
757 593 4 4 17 3 0
758 240 3 7 72 5 0
762 968 0 7 12 5 0
762 334 3 5 74 5 0
766 944 2 1 17 3 0
766 1160 3 2 46 4 0
766 1174 2 0 33 5 0
768 841 1 1 59 3 0
768 913 2 9 93 3 0
769 884 2 6 96 3 0
770 38 2 4 42 5 0
771 393 1 5 32 5 0
774 742 1 8 77 4 0
775 1109 3 8 48 5 0
776 855 3 2 22 5 0
777 595 2 9 54 3 0
777 1087 0 1 48 4 0
779 911 3 1 43 4 0
780 1110 2 1 91 4 0
784 59 3 5 47 3 0
785 658 4 2 52 3 0
786 507 4 1 25 5 0
788 956 0 8 19 5 0
790 948 1 4 7 3 0
791 1061 4 3 31 3 0
791 291 2 4 6 5 0
793 87 0 6 69 3 0
796 956 1 0 77 5 0
796 186 0 7 15 3 0
797 590 3 5 43 3 0
797 1105 3 4 70 4 0
798 970 4 1 23 4 0
799 707 4 2 2 3 0
800 863 1 1 45 3 0
800 666 3 8 30 3 0
800 3 1 4 15 3 0
804 787 1 2 58 3 0
805 918 0 9 9 4 0
805 616 2 2 14 3 0
806 662 4 1 16 4 0
807 1100 3 2 59 5 0
807 306 0 6 93 5 0
807 236 4 2 52 5 0
807 626 1 6 72 4 0
809 5 4 3 23 5 0
811 986 1 1 42 3 0
811 549 1 1 91 4 0
812 446 4 7 89 3 0
814 298 1 9 94 3 0
814 628 0 0 33 5 0
817 750 4 3 90 5 0
817 856 0 4 94 4 0
818 534 0 0 20 4 0
821 250 1 9 20 4 0
824 919 1 2 59 4 0
825 365 1 8 2 5 0
829 747 2 0 44 3 0
834 82 1 4 86 5 0
834 86 4 8 83 4 0
835 823 1 6 89 4 0
836 842 4 2 57 4 0
837 294 2 2 67 3 0
839 418 4 7 42 4 0
846 240 0 9 41 4 0
848 845 1 0 8 3 0
852 210 2 9 88 3 0
852 1101 1 7 88 3 0
854 355 1 4 2 4 0
855 1197 1 2 59 4 0
856 1063 0 4 33 3 0
857 914 4 0 8 4 0
858 78 0 3 73 3 0
858 604 2 3 48 3 0
858 431 1 6 28 3 0
859 46 2 6 4 4 0
860 614 4 8 22 5 0
862 845 0 9 63 3 0
864 1113 0 0 66 5 0
865 805 4 4 21 5 0
865 895 4 6 57 5 0
867 27 4 9 16 3 0
868 741 4 4 13 5 0
869 724 4 2 28 5 0
870 444 4 2 99 5 0
870 946 1 4 30 3 0
870 970 3 0 42 4 0
871 656 3 9 72 4 0
872 1098 3 1 14 4 0
874 1130 1 2 79 5 0
874 59 3 2 29 5 0
875 188 0 6 94 5 0
876 488 3 3 82 4 0
877 1163 4 0 13 5 0
878 663 0 4 73 3 0
878 798 0 9 91 5 0
880 219 3 3 57 5 0
880 226 3 7 78 5 0
883 1045 1 3 95 5 0
883 843 1 4 67 3 0
884 49 3 3 78 5 0
884 863 0 5 23 4 0
885 438 1 4 32 3 0
888 774 1 4 89 5 0
891 210 0 8 26 5 0
892 864 2 0 24 5 0
892 502 4 6 71 5 0
893 597 1 2 39 3 0
894 752 1 3 46 5 0
896 806 4 4 79 4 0
898 143 1 5 21 4 0
898 448 1 5 65 4 0
899 698 1 2 72 5 0
899 443 2 1 93 3 0
902 106 2 2 32 3 0
903 125 0 5 53 4 0
903 1036 0 3 90 3 0
905 1114 0 1 78 5 0
905 1079 4 3 64 5 0
906 397 0 5 69 3 0
907 227 2 1 15 5 0
907 322 2 7 21 3 0
909 73 1 2 58 3 0
909 1133 1 8 40 5 0
910 88 0 8 18 4 0
911 207 0 4 80 3 0
911 117 4 8 91 5 0
917 363 3 5 84 4 0
917 547 3 0 22 3 0
918 451 4 9 27 5 0
919 743 1 3 59 3 0
919 349 4 4 86 5 0
920 164 4 4 59 5 0
922 245 2 4 46 5 0
928 1103 3 8 37 5 0
929 801 0 7 11 4 0
932 954 3 2 36 4 0
932 1050 4 9 82 3 0
933 232 1 5 38 4 0
935 300 0 4 77 5 0
936 507 2 4 33 4 0
936 85 3 8 7 5 0
938 1036 1 6 16 4 0
938 1110 1 0 54 5 0
939 314 0 9 32 5 0
940 13 2 0 28 3 0
941 327 3 4 84 4 0
941 371 2 0 21 4 0
941 952 3 0 71 4 0
942 803 0 7 85 3 0
949 200 4 3 8 3 0
950 258 4 9 56 4 0
952 1031 4 3 8 5 0
953 154 3 4 38 4 0
953 1034 0 9 57 3 0
954 382 0 3 33 5 0
955 1187 1 9 5 4 0
956 784 0 8 8 4 0
957 409 3 7 20 5 0
957 360 3 8 9 4 0
959 801 4 2 91 4 0
961 939 2 5 77 5 0
961 391 3 4 59 4 0
962 582 0 0 53 4 0
962 1038 0 5 47 5 0
964 288 0 2 97 4 0
965 779 3 5 89 3 0
965 659 3 0 25 5 0
965 1002 1 9 38 3 0
968 587 3 2 99 3 0
968 481 3 1 5 3 0
969 92 4 7 79 4 0
972 876 4 6 21 5 0
974 772 4 8 82 4 0
976 1031 1 2 38 4 0
976 405 0 4 51 4 0
977 134 3 7 66 4 0
977 382 4 9 9 4 0
978 757 0 0 42 5 0
979 1053 4 0 42 4 0
981 739 3 9 54 3 0
984 654 2 2 8 3 0
987 574 4 6 46 5 0
987 477 0 9 11 5 0
987 1021 0 7 26 4 0
990 884 2 8 94 5 0
991 478 1 4 37 4 0
991 298 2 7 65 3 0
992 317 1 8 83 3 0
992 565 1 7 47 3 0
993 193 1 8 68 5 0
993 101 3 4 46 3 0
995 529 0 9 100 5 0
997 954 2 9 43 3 0
997 46 0 9 2 5 0
998 140 2 9 73 4 0
998 11 4 6 57 4 0
1000 177 4 2 89 5 0
1001 533 2 0 20 3 0
1002 812 1 0 44 3 0
1002 596 2 8 83 5 0
1002 554 2 8 14 4 0
1003 954 3 8 58 5 0
1005 254 3 4 82 4 0
1007 301 4 8 9 5 0
1008 721 2 9 18 5 0
1008 1043 2 4 72 5 0
1009 486 1 1 86 4 0
1010 669 0 8 51 3 0
1016 1160 2 2 77 3 0
1016 111 0 6 38 4 0
1016 1122 0 9 29 5 0
1020 383 3 1 6 4 0
1021 870 4 5 60 4 0
1021 800 0 1 42 4 0
1022 69 3 4 2 5 0
1022 423 3 8 50 3 0
1022 498 0 2 25 3 0
1023 200 0 7 83 3 0
1024 488 0 1 93 4 0
1024 1160 3 7 88 3 0
1028 565 1 0 84 5 0
1028 918 1 6 65 3 0
1029 57 4 3 66 3 0
1030 166 0 6 85 4 0
1030 703 1 4 3 3 0
1032 795 2 4 28 3 0
1032 928 3 9 85 3 0
1034 1131 3 1 74 5 0
1034 27 1 0 50 5 0
1034 1098 1 6 69 3 0
1035 1148 0 1 68 5 0
1035 719 3 8 87 3 0
1037 12 0 0 39 3 0
1039 1049 2 5 91 4 0
1040 35 2 2 74 3 0
1045 970 1 5 70 3 0
1046 533 0 2 49 5 0
1048 653 4 0 94 3 0
1048 1181 1 4 14 4 0
1049 1079 3 5 28 4 0
1049 705 1 8 22 5 0
1050 21 4 2 91 3 0
1053 603 2 6 68 3 0
1053 172 3 3 94 5 0
1055 1125 3 8 48 4 0
1055 535 0 4 57 3 0
1055 1100 1 5 46 4 0
1056 278 0 4 32 4 0
1056 695 4 7 96 5 0
1058 271 4 9 93 4 0
1061 321 3 5 32 5 0
1062 536 3 4 89 4 0
1063 1024 2 2 84 5 0
1063 611 3 2 7 4 0
1065 1052 0 7 68 5 0
1070 135 1 9 2 3 0
1070 1043 2 8 29 5 0
1070 507 0 3 50 3 0
1071 923 4 4 33 3 0
1072 627 3 6 50 4 0
1072 790 2 8 91 3 0
1072 1044 2 4 40 5 0
1072 44 4 7 15 4 0
1072 1148 4 0 60 5 0
1075 702 3 5 53 4 0
1075 1044 2 7 15 4 0
1077 60 4 2 94 5 0
1078 81 2 6 92 5 0
1085 1083 1 6 68 5 0
1088 956 3 0 75 3 0
1089 991 0 2 95 4 0
1091 75 3 7 67 5 0
1091 1066 2 4 58 4 0
1092 62 0 7 96 5 0
1093 567 4 8 14 3 0
1101 152 0 5 50 4 0
1101 1042 4 3 18 4 0
1103 1186 3 3 61 4 0
1105 595 4 4 18 5 0
1106 733 4 3 38 4 0
1106 401 4 0 94 3 0
1106 559 3 8 70 5 0
1109 126 0 3 19 4 0
1109 51 3 4 74 3 0
1114 1069 0 9 26 4 0
1115 3 0 7 57 5 0
1115 679 3 8 40 5 0
1121 1052 1 0 13 5 0
1124 695 3 0 23 3 0
1125 479 0 4 23 5 0
1127 299 3 0 33 3 0
1127 337 4 1 42 3 0
1128 238 1 7 44 3 0
1128 1146 3 7 41 3 0
1128 289 2 2 65 3 0
1129 840 1 2 89 3 0
1129 909 0 8 24 5 0
1130 933 2 0 8 5 0
1130 60 4 2 57 3 0
1130 741 2 6 74 5 0
1131 7 4 4 93 4 0
1134 646 1 9 84 3 0
1135 1010 0 6 53 3 0
1135 654 0 7 40 3 0
1137 349 1 8 39 4 0
1137 1021 3 1 8 4 0
1138 377 4 0 66 5 0
1140 703 3 2 1 4 0
1140 958 0 9 44 5 0
1140 544 4 5 74 4 0
1143 409 3 5 84 5 0
1148 859 2 3 13 3 0
1149 1029 1 8 9 3 0
1149 362 3 4 57 3 0
1150 5 0 2 70 3 0
1150 881 2 1 81 3 0
1150 186 1 3 21 5 0
1151 179 1 5 31 5 0
1151 741 0 9 42 5 0
1152 519 3 4 38 3 0
1153 843 2 1 39 5 0
1155 1132 1 8 72 5 0
1156 1126 3 8 27 5 0
1160 996 1 1 61 5 0
1162 1164 4 0 14 5 0
1166 123 1 9 11 3 0
1167 588 0 3 54 5 0
1168 713 3 3 63 4 0
1169 886 1 4 89 5 0
1169 1097 0 3 83 4 0
1169 1189 3 2 76 5 0
1169 1049 4 1 90 3 0
1170 307 1 1 5 3 0
1171 615 4 6 50 4 0
1172 321 2 9 66 5 0
1173 417 3 1 1 4 0
1174 609 3 6 8 5 0
1177 153 3 4 55 3 0
1177 226 4 8 4 5 0
1177 422 1 5 80 3 0
1179 821 0 0 10 4 0
1180 464 1 1 81 4 0
1180 666 2 7 20 3 0
1181 71 2 3 42 4 0
1181 107 2 2 54 4 0
1181 84 0 1 28 5 0
1182 977 1 9 36 5 0
1185 32 1 9 19 5 0
1186 981 3 0 56 5 0
1191 1033 1 3 50 4 0
1191 102 0 7 46 4 0
1192 672 3 2 67 5 0
1192 294 3 2 38 3 0
1192 388 1 7 61 5 0
1193 78 1 2 11 4 0
1193 258 3 9 16 3 0
1193 1193 0 1 66 5 0
1193 1146 0 6 1 3 0
1195 649 1 6 49 3 0
1195 1110 3 6 8 4 0
1197 242 3 3 43 3 0
1198 358 2 5 89 4 0
1198 298 0 8 65 5 0

