10

5
0 20 20 20 20 20 20 20 20 20 20
1 20 20 20 20 20 20 20 20 20 20
2 20 20 20 20 20 20 20 20 20 20
3 20 20 20 20 20 20 20 20 20 20
4 20 20 20 20 20 20 20 20 20 20

25
900 600 100000 6 2
0 126 7 2
1 106 3 6
2 130 10 8
4 126 4 4
5 120 6 6
9 127 2 9
600 300 100000 6 2
0 112 2 2
1 112 5 5
3 119 5 3
6 139 2 1
7 117 4 4
9 136 4 1
300 600 100000 6 3
0 109 5 9
2 127 3 3
4 125 2 3
5 149 10 7
7 122 4 2
9 138 1 9
300 1200 100000 6 4
0 141 6 7
1 129 9 1
2 142 3 2
3 129 9 6
4 100 2 10
6 147 2 2
0 0 100000 6 0
0 132 1 3
1 101 9 3
3 119 3 7
4 117 2 7
5 106 4 4
8 112 4 2
900 300 100000 6 1
1 131 1 3
2 112 5 7
4 106 5 4
6 123 10 5
7 109 2 1
8 117 1 7
0 1200 100000 6 4
1 130 4 1
4 144 9 2
5 148 9 10
6 121 1 3
7 117 5 10
9 106 1 1
600 0 100000 6 1
1 128 1 3
3 139 7 9
4 125 7 5
5 100 8 2
6 137 8 6
9 114 4 5
0 900 100000 6 4
0 122 3 2
3 147 6 1
5 148 2 8
6 115 9 3
7 118 1 3
9 143 6 6
0 300 100000 6 3
0 115 7 7
2 144 9 5
3 132 10 5
6 139 2 8
7 117 6 3
8 129 4 8
0 600 100000 6 1
0 133 4 6
1 125 4 9
2 132 5 8
4 140 3 3
5 108 5 1
8 136 2 3
1200 300 100000 6 2
1 102 9 1
2 130 8 7
3 145 9 2
4 141 3 5
5 132 9 7
7 110 8 8
600 900 100000 6 2
1 112 8 7
2 129 2 5
3 140 9 2
4 113 4 5
7 113 9 5
8 127 8 2
1200 1200 100000 6 3
2 109 1 6
3 124 3 5
4 132 3 9
5 104 3 10
8 132 9 1
9 107 5 7
900 1200 100000 6 1
1 145 1 3
3 111 2 8
6 145 10 10
7 147 5 3
8 115 5 4
9 107 2 9
600 1200 100000 6 0
3 134 3 9
5 103 8 2
6 132 1 5
7 101 5 6
8 116 5 9
9 125 2 6
900 900 100000 6 2
0 126 1 1
1 138 4 7
2 134 9 8
3 105 5 8
7 144 9 5
9 121 2 8
300 300 100000 6 0
0 111 4 3
1 114 5 1
2 107 1 4
3 127 9 10
5 124 5 10
9 121 10 9
1200 900 100000 6 3
0 111 3 4
1 135 6 3
2 109 5 2
5 110 9 5
7 129 4 2
8 107 3 1
900 0 100000 6 4
0 116 1 8
2 100 6 5
4 144 8 8
5 150 5 1
8 101 1 2
9 101 9 5
1200 0 100000 6 0
0 125 1 5
1 147 1 9
4 137 2 1
6 120 2 8
7 127 2 6
9 133 1 1
300 900 100000 6 3
0 123 9 2
1 145 9 2
3 145 2 4
5 116 10 8
7 129 8 1
9 102 8 2
600 600 100000 6 4
0 108 6 10
2 147 10 8
3 146 6 8
4 131 1 5
8 138 2 6
9 147 4 5
1200 600 100000 6 1
0 111 9 1
2 149 9 1
3 140 2 4
4 106 8 8
8 133 5 4
9 103 7 4
300 0 100000 6 0
1 113 4 4
3 146 8 8
4 141 6 3
5 129 9 7
6 104 1 3
7 130 4 10

900
0 633 2 9 65 4 0
2 248 4 0 92 4 0
3 1082 3 9 29 4 0
4 894 1 4 19 4 0
5 711 1 5 83 3 0
6 525 0 9 44 3 0
7 159 4 7 5 5 0
8 1035 4 6 59 3 0
9 396 3 0 74 3 0
10 1076 3 0 43 3 0
12 540 1 3 20 3 0
13 260 2 9 80 5 0
14 1083 0 6 2 4 0
16 120 4 0 94 5 0
18 1060 1 5 18 5 0
19 1184 3 7 71 3 0
20 814 0 6 15 4 0
21 584 4 8 60 5 0
22 191 1 9 19 5 0
23 411 2 3 49 4 0
24 662 1 0 60 4 0
25 893 4 5 29 3 0
26 697 0 5 41 4 0
28 1053 4 8 32 3 0
29 103 4 7 89 5 0
30 645 3 1 26 5 0
32 207 1 1 46 3 0
33 698 1 2 51 3 0
34 809 3 9 8 3 0
35 922 3 7 35 3 0
36 1136 1 4 33 4 0
38 701 0 0 12 3 0
39 587 3 1 52 5 0
40 1157 3 7 51 4 0
41 595 2 7 82 5 0
44 928 1 1 6 3 0
45 1193 4 6 31 3 0
46 603 1 8 52 3 0
48 1038 2 3 14 3 0
49 1050 3 5 44 5 0
50 199 4 1 75 3 0
51 396 3 6 13 3 0
53 285 3 6 2 3 0
54 56 0 7 23 4 0
55 465 3 2 86 5 0
56 1104 4 0 63 5 0
57 479 4 5 98 4 0
58 336 3 8 55 5 0
59 830 0 3 62 4 0
60 1116 1 6 73 5 0
61 350 0 0 88 3 0
62 122 0 6 16 5 0
63 137 2 9 56 3 0
64 1156 3 3 26 5 0
65 479 2 3 16 3 0
68 104 0 1 4 4 0
70 272 0 2 61 3 0
71 397 2 9 3 4 0
72 1045 1 8 2 5 0
75 151 2 1 84 4 0
76 594 4 3 41 5 0
78 1113 1 1 80 3 0
79 454 2 4 31 3 0
80 777 0 7 67 4 0
81 795 1 7 91 4 0
82 453 0 6 53 3 0
83 881 3 7 18 5 0
84 212 3 8 47 4 0
85 255 4 7 81 3 0
86 826 2 2 19 3 0
88 415 2 5 35 3 0
90 765 1 2 25 5 0
91 50 3 4 89 5 0
92 556 0 5 31 5 0
93 1018 3 3 84 3 0
94 85 0 0 84 4 0
96 174 3 5 87 4 0
97 253 2 7 49 3 0
98 732 1 7 14 3 0
99 830 4 9 49 4 0
100 79 3 7 10 3 0
102 269 3 8 86 4 0
103 941 1 5 67 4 0
104 1023 3 3 20 3 0
105 580 4 7 56 5 0
106 411 4 6 34 3 0
107 660 0 7 81 4 0
108 757 2 4 48 4 0
110 1029 0 4 34 4 0
111 386 1 7 12 3 0
112 134 0 8 4 4 0
113 965 1 3 23 4 0
114 781 1 5 73 4 0
115 657 3 9 56 5 0
116 1169 3 3 88 4 0
117 1016 4 6 18 5 0
118 270 2 7 94 5 0
119 111 2 7 52 4 0
120 173 2 7 58 4 0
121 576 4 0 8 5 0
122 45 2 7 65 4 0
125 767 4 5 32 4 0
126 265 2 1 51 5 0
129 1158 4 9 64 3 0
130 354 2 2 98 3 0
132 552 0 1 9 5 0
133 551 0 8 51 4 0
134 1000 1 9 53 4 0
135 124 2 9 85 5 0
136 682 3 5 59 4 0
138 875 1 3 80 3 0
139 311 4 6 49 4 0
140 218 0 2 100 5 0
143 771 3 0 55 4 0
144 1054 2 1 25 4 0
145 615 4 5 98 3 0
146 177 3 3 59 3 0
148 279 4 5 41 5 0
150 1091 0 8 28 3 0
151 154 3 6 79 3 0
152 1194 4 5 27 5 0
153 217 3 6 9 4 0
154 930 0 8 48 3 0
155 936 0 8 10 3 0
158 470 4 4 87 3 0
160 83 4 9 94 5 0
161 458 0 6 40 3 0
162 143 4 4 71 4 0
163 1155 2 6 14 3 0
164 28 0 8 45 3 0
165 906 3 5 13 3 0
166 444 2 0 58 3 0
167 791 0 9 77 5 0
169 593 4 5 74 5 0
170 994 0 1 79 4 0
171 437 0 6 38 4 0
172 799 1 2 76 5 0
173 343 1 1 33 5 0
175 144 4 0 15 3 0
177 863 2 3 77 3 0
180 869 1 5 10 4 0
181 780 1 7 58 5 0
183 808 1 1 28 3 0
185 706 1 4 2 4 0
186 806 0 4 98 4 0
187 1044 3 8 25 5 0
188 369 3 0 26 3 0
189 959 4 7 27 5 0
190 123 2 1 83 5 0
193 792 0 1 59 4 0
195 51 0 0 73 3 0
196 499 3 8 45 4 0
197 217 3 4 31 4 0
200 1013 0 0 51 4 0
201 1125 2 7 22 4 0
202 954 3 3 98 3 0
203 913 3 8 4 3 0
204 390 0 5 89 4 0
205 1151 1 7 42 3 0
206 824 4 0 87 5 0
207 3 0 7 81 4 0
208 519 3 5 11 4 0
209 1138 0 3 17 4 0
212 186 1 2 60 4 0
213 941 4 7 2 4 0
214 566 3 0 61 5 0
215 645 2 4 97 5 0
217 351 4 9 63 4 0
219 539 1 3 57 4 0
220 322 1 8 69 3 0
221 248 2 0 23 4 0
222 182 3 1 10 5 0
223 772 0 8 12 4 0
224 1153 4 7 36 4 0
226 1158 0 0 3 3 0
227 1098 0 0 23 4 0
228 1075 1 7 63 4 0
229 473 3 6 72 3 0
231 693 0 5 35 3 0
232 1012 2 3 83 4 0
233 32 4 3 33 5 0
234 1097 0 1 88 5 0
235 247 0 8 44 3 0
236 233 3 0 60 5 0
237 817 1 3 89 4 0
238 109 0 6 2 5 0
239 131 1 8 14 5 0
240 103 2 8 44 3 0
241 1046 3 2 91 5 0
242 965 3 4 74 4 0
243 1026 3 8 28 5 0
244 184 4 4 9 3 0
245 438 2 2 82 5 0
247 130 4 5 83 5 0
248 1026 0 0 11 3 0
251 283 1 6 15 5 0
252 1132 0 6 47 4 0
254 1094 2 2 43 5 0
256 423 0 0 95 5 0
257 58 4 3 40 4 0
258 247 0 4 98 3 0
259 60 1 9 10 4 0
260 1002 4 3 16 3 0
261 668 4 2 77 5 0
262 1110 3 7 59 4 0
263 886 0 6 75 3 0
264 425 2 4 56 4 0
267 1119 3 2 45 4 0
268 1111 3 7 84 3 0
269 686 3 0 100 3 0
270 218 3 2 66 4 0
271 407 2 1 18 4 0
272 1056 1 1 33 4 0
273 181 2 5 27 5 0
274 149 2 5 7 4 0
275 709 1 5 80 3 0
276 156 1 4 71 5 0
279 289 1 6 80 4 0
280 283 2 6 81 5 0
281 56 3 9 60 4 0
282 792 4 0 70 4 0
283 329 1 5 39 5 0
284 825 4 4 57 3 0
285 532 1 8 28 4 0
286 794 0 9 77 4 0
287 710 1 6 34 5 0
289 170 3 5 40 4 0
290 106 3 4 66 3 0
291 241 1 7 94 4 0
293 903 2 3 94 4 0
294 1109 4 3 2 4 0
295 1018 1 1 18 5 0
296 682 4 9 46 3 0
297 466 3 3 24 5 0
298 370 2 7 32 4 0
299 419 0 8 94 3 0
300 334 3 9 76 4 0
301 1064 3 7 27 4 0
302 801 2 0 98 3 0
303 32 4 0 53 3 0
304 590 4 5 62 4 0
305 233 2 4 76 3 0
306 999 3 9 79 3 0
307 954 2 6 33 4 0
309 1175 2 2 69 3 0
310 855 4 1 12 4 0
312 925 1 6 82 5 0
313 346 4 5 94 3 0
314 507 4 9 45 5 0
315 143 0 4 95 5 0
317 1176 1 5 83 3 0
318 501 0 3 81 4 0
319 415 4 9 1 3 0
320 274 2 3 36 4 0
321 951 4 8 4 5 0
322 221 1 0 71 5 0
323 973 2 1 81 3 0
324 1102 3 8 29 4 0
326 167 3 1 35 3 0
327 649 2 5 78 3 0
328 317 1 5 29 5 0
330 203 2 0 57 4 0
332 556 4 0 32 5 0
333 1182 0 9 11 3 0
334 488 4 8 13 3 0
335 647 3 3 1 3 0
336 408 2 5 4 4 0
338 674 2 9 73 4 0
339 350 1 1 73 3 0
340 169 0 5 80 5 0
341 1172 3 7 53 3 0
342 963 0 1 49 4 0
343 924 0 8 1 4 0
344 251 2 9 7 5 0
345 123 3 5 43 5 0
346 376 3 8 37 5 0
347 561 3 8 88 5 0
348 763 3 2 68 4 0
349 157 3 6 27 4 0
351 318 0 1 38 3 0
353 111 1 3 91 3 0
356 471 2 8 98 5 0
357 864 4 1 90 4 0
358 645 4 2 93 3 0
359 120 1 3 76 4 0
360 207 0 0 49 4 0
362 993 2 1 81 5 0
364 371 4 2 55 4 0
365 423 3 0 25 4 0
366 579 2 9 18 5 0
367 608 2 7 81 4 0
368 636 4 5 31 5 0
369 730 1 6 70 5 0
370 948 1 9 15 3 0
374 999 0 7 69 4 0
376 1000 1 9 14 5 0
377 551 4 5 90 5 0
378 325 0 6 94 5 0
379 850 1 7 96 5 0
380 54 0 7 58 3 0
381 875 0 5 95 5 0
383 319 1 2 42 3 0
384 612 4 0 22 3 0
385 20 0 7 16 5 0
386 23 4 6 44 3 0
387 1034 2 9 45 4 0
388 624 2 1 43 5 0
389 75 0 4 30 5 0
390 136 0 4 92 5 0
391 740 0 2 7 4 0
393 601 3 8 96 5 0
394 460 3 3 8 5 0
395 581 4 4 43 3 0
396 663 3 6 73 5 0
399 491 3 8 60 3 0
401 55 2 1 92 5 0
402 1113 1 9 33 3 0
403 751 4 2 50 4 0
404 451 0 8 7 3 0
406 208 3 5 3 5 0
409 139 0 1 59 3 0
410 530 2 2 38 4 0
412 186 3 2 32 5 0
414 1081 2 9 84 3 0
415 1017 2 9 26 4 0
416 373 4 3 40 5 0
419 594 2 1 36 5 0
420 23 0 6 45 3 0
425 809 0 0 79 4 0
428 596 0 2 82 4 0
429 921 3 3 62 5 0
430 778 0 5 45 5 0
431 134 2 2 70 4 0
432 633 0 3 11 5 0
433 783 3 1 21 5 0
434 242 0 0 20 4 0
435 540 3 8 60 3 0
436 443 1 1 71 4 0
437 904 3 3 21 5 0
439 891 2 4 45 4 0
440 132 4 2 87 3 0
441 795 0 3 66 5 0
442 1030 3 3 33 4 0
443 1011 3 0 74 5 0
444 57 2 6 27 5 0
445 129 0 6 88 5 0
446 1121 2 2 67 3 0
447 457 0 7 43 4 0
448 631 1 1 67 3 0
449 348 3 9 63 3 0
450 533 2 7 12 4 0
451 1015 3 6 96 3 0
452 315 3 6 100 4 0
453 876 0 2 63 3 0
454 634 0 4 39 4 0
455 710 1 1 39 4 0
457 666 1 2 77 5 0
458 682 2 8 51 4 0
459 711 4 3 27 5 0
460 1098 4 6 32 5 0
461 578 1 2 4 3 0
462 1130 4 3 37 4 0
464 524 2 8 83 3 0
465 693 4 7 50 5 0
466 397 1 5 46 3 0
467 372 3 1 65 5 0
468 958 1 7 81 4 0
469 467 1 0 10 5 0
471 533 4 0 69 4 0
472 277 1 0 44 5 0
473 437 3 8 37 5 0
474 452 4 9 44 5 0
475 692 1 2 6 4 0
477 1076 2 7 16 4 0
478 468 4 5 83 5 0
479 536 1 7 56 5 0
480 274 4 1 95 4 0
481 863 2 4 98 4 0
485 673 4 6 44 4 0
488 1136 4 0 6 3 0
489 994 0 2 44 5 0
490 636 4 5 45 4 0
492 26 3 9 54 4 0
493 1198 1 4 82 4 0
494 323 3 6 53 3 0
495 1190 0 6 77 4 0
496 736 1 8 84 5 0
498 565 4 8 11 3 0
499 988 2 8 44 4 0
503 232 0 2 72 4 0
504 279 3 9 79 4 0
505 147 0 4 78 5 0
506 724 3 3 56 4 0
507 582 3 4 56 3 0
508 458 3 6 10 4 0
510 355 2 1 10 5 0
511 332 0 3 14 4 0
512 425 1 8 67 4 0
513 948 2 9 51 3 0
514 341 2 1 85 4 0
516 822 3 2 35 5 0
517 238 4 4 28 4 0
518 238 0 3 93 5 0
519 97 0 1 80 3 0
520 932 3 2 22 5 0
522 289 0 0 17 4 0
523 188 1 6 52 4 0
524 84 4 1 93 3 0
526 459 1 6 7 5 0
528 949 2 2 44 3 0
529 110 3 0 52 5 0
530 43 4 5 43 4 0
531 697 4 3 13 4 0
532 543 4 5 79 4 0
533 663 3 0 40 4 0
534 981 2 2 93 3 0
535 193 2 8 7 3 0
536 712 1 8 1 3 0
537 405 2 4 94 5 0
538 854 0 0 100 3 0
540 494 1 6 43 3 0
541 304 2 1 28 4 0
542 163 4 9 31 4 0
543 1100 4 5 60 5 0
544 1153 1 5 27 5 0
546 692 1 9 99 5 0
547 639 4 9 67 3 0
548 1119 0 2 100 5 0
549 1025 3 8 70 4 0
550 653 2 9 10 4 0
551 553 1 9 66 3 0
552 234 1 1 47 5 0
553 410 4 2 8 5 0
554 782 0 8 26 5 0
555 318 4 8 50 4 0
556 843 2 6 70 3 0
557 1155 1 2 37 3 0
558 639 3 9 91 4 0
559 1155 0 1 55 4 0
561 610 3 2 4 3 0
562 165 3 4 50 4 0
563 126 2 3 67 3 0
564 170 0 8 20 3 0
565 489 0 8 57 5 0
566 1195 1 5 96 3 0
568 1126 4 9 31 5 0
569 168 4 3 51 5 0
570 442 2 4 64 3 0
571 347 2 8 91 5 0
572 319 3 3 40 5 0
575 872 0 4 58 5 0
577 186 4 9 94 4 0
578 521 4 0 66 4 0
579 913 3 7 9 5 0
582 1003 1 2 13 3 0
583 887 4 1 99 5 0
585 1047 3 3 77 5 0
586 348 3 8 15 3 0
587 576 2 8 49 5 0
588 103 1 0 18 3 0
590 311 2 6 81 4 0
591 137 0 7 43 5 0
592 505 2 4 84 5 0
594 647 1 8 7 5 0
595 74 3 3 66 4 0
597 284 3 6 49 5 0
598 1157 3 3 29 4 0
601 336 2 3 85 5 0
602 747 4 1 79 3 0
603 552 4 2 9 5 0
604 718 4 6 69 4 0
605 245 2 2 53 4 0
607 505 0 7 8 3 0
608 1096 2 5 75 4 0
609 447 4 2 57 5 0
611 467 0 4 73 4 0
612 346 2 6 66 4 0
614 730 0 6 92 3 0
616 842 2 2 81 3 0
617 143 4 2 89 5 0
618 714 1 3 44 4 0
619 346 3 8 17 4 0
620 1196 2 2 72 3 0
621 555 1 7 54 3 0
623 777 2 8 69 4 0
624 1009 0 2 22 4 0
625 15 3 1 90 3 0
626 686 1 3 93 3 0
628 593 4 4 17 3 0
630 240 3 7 72 5 0
631 968 0 7 12 5 0
632 334 3 5 74 5 0
633 944 2 1 17 3 0
634 1160 3 2 46 4 0
635 1174 2 0 33 5 0
639 841 1 1 59 3 0
641 913 2 9 93 3 0
642 884 2 6 96 3 0
644 38 2 4 42 5 0
645 393 1 5 32 5 0
646 742 1 8 77 4 0
647 1109 3 8 48 5 0
648 855 3 2 22 5 0
649 595 2 9 54 3 0
651 1087 0 1 48 4 0
652 911 3 1 43 4 0
653 1110 2 1 91 4 0
654 59 3 5 47 3 0
655 658 4 2 52 3 0
657 507 4 1 25 5 0
658 956 0 8 19 5 0
659 948 1 4 7 3 0
660 1061 4 3 31 3 0
661 291 2 4 6 5 0
663 87 0 6 69 3 0
664 956 1 0 77 5 0
665 186 0 7 15 3 0
666 590 3 5 43 3 0
668 1105 3 4 70 4 0
669 970 4 1 23 4 0
670 707 4 2 2 3 0
671 863 1 1 45 3 0
673 666 3 8 30 3 0
674 3 1 4 15 3 0
676 787 1 2 58 3 0
678 918 0 9 9 4 0
679 616 2 2 14 3 0
680 662 4 1 16 4 0
681 1100 3 2 59 5 0
682 306 0 6 93 5 0
683 236 4 2 52 5 0
685 626 1 6 72 4 0
687 5 4 3 23 5 0
688 986 1 1 42 3 0
689 549 1 1 91 4 0
691 446 4 7 89 3 0
694 298 1 9 94 3 0
696 628 0 0 33 5 0
697 750 4 3 90 5 0
699 856 0 4 94 4 0
701 534 0 0 20 4 0
702 250 1 9 20 4 0
704 919 1 2 59 4 0
706 365 1 8 2 5 0
707 747 2 0 44 3 0
708 82 1 4 86 5 0
709 86 4 8 83 4 0
710 823 1 6 89 4 0
712 842 4 2 57 4 0
713 294 2 2 67 3 0
715 418 4 7 42 4 0
717 240 0 9 41 4 0
718 845 1 0 8 3 0
721 210 2 9 88 3 0
723 1101 1 7 88 3 0
725 355 1 4 2 4 0
726 1197 1 2 59 4 0
727 1063 0 4 33 3 0
728 914 4 0 8 4 0
731 78 0 3 73 3 0
732 604 2 3 48 3 0
733 431 1 6 28 3 0
735 46 2 6 4 4 0
736 614 4 8 22 5 0
737 845 0 9 63 3 0
740 1113 0 0 66 5 0
741 805 4 4 21 5 0
743 895 4 6 57 5 0
745 27 4 9 16 3 0
746 741 4 4 13 5 0
747 724 4 2 28 5 0
749 444 4 2 99 5 0
750 946 1 4 30 3 0
751 970 3 0 42 4 0
752 656 3 9 72 4 0
753 1098 3 1 14 4 0
754 1130 1 2 79 5 0
755 59 3 2 29 5 0
757 188 0 6 94 5 0
758 488 3 3 82 4 0
762 1163 4 0 13 5 0
763 663 0 4 73 3 0
766 798 0 9 91 5 0
767 219 3 3 57 5 0
768 226 3 7 78 5 0
769 1045 1 3 95 5 0
770 843 1 4 67 3 0
771 49 3 3 78 5 0
773 863 0 5 23 4 0
774 438 1 4 32 3 0
775 774 1 4 89 5 0
776 210 0 8 26 5 0
777 864 2 0 24 5 0
778 502 4 6 71 5 0
779 597 1 2 39 3 0
780 752 1 3 46 5 0
782 806 4 4 79 4 0
783 143 1 5 21 4 0
784 448 1 5 65 4 0
785 698 1 2 72 5 0
786 443 2 1 93 3 0
788 106 2 2 32 3 0
789 125 0 5 53 4 0
790 1036 0 3 90 3 0
791 1114 0 1 78 5 0
792 1079 4 3 64 5 0
793 397 0 5 69 3 0
794 227 2 1 15 5 0
796 322 2 7 21 3 0
797 73 1 2 58 3 0
798 1133 1 8 40 5 0
799 88 0 8 18 4 0
800 207 0 4 80 3 0
803 117 4 8 91 5 0
804 363 3 5 84 4 0
805 547 3 0 22 3 0
806 451 4 9 27 5 0
807 743 1 3 59 3 0
808 349 4 4 86 5 0
809 164 4 4 59 5 0
810 245 2 4 46 5 0
811 1103 3 8 37 5 0
812 801 0 7 11 4 0
813 954 3 2 36 4 0
814 1050 4 9 82 3 0
817 232 1 5 38 4 0
818 300 0 4 77 5 0
821 507 2 4 33 4 0
823 85 3 8 7 5 0
824 1036 1 6 16 4 0
825 1110 1 0 54 5 0
829 314 0 9 32 5 0
830 13 2 0 28 3 0
832 327 3 4 84 4 0
833 371 2 0 21 4 0
834 952 3 0 71 4 0
835 803 0 7 85 3 0
836 200 4 3 8 3 0
837 258 4 9 56 4 0
839 1031 4 3 8 5 0
841 154 3 4 38 4 0
845 1034 0 9 57 3 0
846 382 0 3 33 5 0
848 1187 1 9 5 4 0
850 784 0 8 8 4 0
852 409 3 7 20 5 0
853 360 3 8 9 4 0
854 801 4 2 91 4 0
855 939 2 5 77 5 0
856 391 3 4 59 4 0
857 582 0 0 53 4 0
858 1038 0 5 47 5 0
859 288 0 2 97 4 0
860 779 3 5 89 3 0
861 659 3 0 25 5 0
862 1002 1 9 38 3 0
863 587 3 2 99 3 0
864 481 3 1 5 3 0
865 92 4 7 79 4 0
867 876 4 6 21 5 0
868 772 4 8 82 4 0
869 1031 1 2 38 4 0
870 405 0 4 51 4 0
871 134 3 7 66 4 0
872 382 4 9 9 4 0
874 757 0 0 42 5 0
875 1053 4 0 42 4 0
876 739 3 9 54 3 0
877 654 2 2 8 3 0
878 574 4 6 46 5 0
879 477 0 9 11 5 0
880 1021 0 7 26 4 0
883 884 2 8 94 5 0
884 478 1 4 37 4 0
885 298 2 7 65 3 0
887 317 1 8 83 3 0
888 565 1 7 47 3 0
891 193 1 8 68 5 0
892 101 3 4 46 3 0
893 529 0 9 100 5 0
894 954 2 9 43 3 0
895 46 0 9 2 5 0
896 140 2 9 73 4 0
897 11 4 6 57 4 0
898 177 4 2 89 5 0
899 533 2 0 20 3 0
900 812 1 0 44 3 0
901 596 2 8 83 5 0
902 554 2 8 14 4 0
903 954 3 8 58 5 0
904 254 3 4 82 4 0
905 301 4 8 9 5 0
906 721 2 9 18 5 0
907 1043 2 4 72 5 0
908 486 1 1 86 4 0
909 669 0 8 51 3 0
910 1160 2 2 77 3 0
911 111 0 6 38 4 0
912 1122 0 9 29 5 0
916 383 3 1 6 4 0
917 870 4 5 60 4 0
918 800 0 1 42 4 0
919 69 3 4 2 5 0
920 423 3 8 50 3 0
921 498 0 2 25 3 0
922 200 0 7 83 3 0
928 488 0 1 93 4 0
929 1160 3 7 88 3 0
932 565 1 0 84 5 0
933 918 1 6 65 3 0
935 57 4 3 66 3 0
936 166 0 6 85 4 0
937 703 1 4 3 3 0
938 795 2 4 28 3 0
939 928 3 9 85 3 0
940 1131 3 1 74 5 0
941 27 1 0 50 5 0
942 1098 1 6 69 3 0
943 1148 0 1 68 5 0
946 719 3 8 87 3 0
947 12 0 0 39 3 0
949 1049 2 5 91 4 0
950 35 2 2 74 3 0
951 970 1 5 70 3 0
952 533 0 2 49 5 0
953 653 4 0 94 3 0
954 1181 1 4 14 4 0
955 1079 3 5 28 4 0
956 705 1 8 22 5 0
957 21 4 2 91 3 0
959 603 2 6 68 3 0
960 172 3 3 94 5 0
961 1125 3 8 48 4 0
962 535 0 4 57 3 0
963 1100 1 5 46 4 0
964 278 0 4 32 4 0
965 695 4 7 96 5 0
966 271 4 9 93 4 0
968 321 3 5 32 5 0
969 536 3 4 89 4 0
970 1024 2 2 84 5 0
971 611 3 2 7 4 0
972 1052 0 7 68 5 0
974 135 1 9 2 3 0
975 1043 2 8 29 5 0
976 507 0 3 50 3 0
977 923 4 4 33 3 0
978 627 3 6 50 4 0
979 790 2 8 91 3 0
980 1044 2 4 40 5 0
981 44 4 7 15 4 0
983 1148 4 0 60 5 0
984 702 3 5 53 4 0
987 1044 2 7 15 4 0
989 60 4 2 94 5 0
990 81 2 6 92 5 0
991 1083 1 6 68 5 0
992 956 3 0 75 3 0
993 991 0 2 95 4 0
994 75 3 7 67 5 0
995 1066 2 4 58 4 0
996 62 0 7 96 5 0
997 567 4 8 14 3 0
998 152 0 5 50 4 0
999 1042 4 3 18 4 0
1000 1186 3 3 61 4 0
1001 595 4 4 18 5 0
1002 733 4 3 38 4 0
1003 401 4 0 94 3 0
1004 559 3 8 70 5 0
1005 126 0 3 19 4 0
1007 51 3 4 74 3 0
1008 1069 0 9 26 4 0
1009 3 0 7 57 5 0
1010 679 3 8 40 5 0
1015 1052 1 0 13 5 0
1016 695 3 0 23 3 0
1017 479 0 4 23 5 0
1018 299 3 0 33 3 0
1020 337 4 1 42 3 0
1021 238 1 7 44 3 0
1022 1146 3 7 41 3 0
1023 289 2 2 65 3 0
1024 840 1 2 89 3 0
1027 909 0 8 24 5 0
1028 933 2 0 8 5 0
1029 60 4 2 57 3 0
1030 741 2 6 74 5 0
1031 7 4 4 93 4 0
1032 646 1 9 84 3 0
1034 1010 0 6 53 3 0
1035 654 0 7 40 3 0
1036 349 1 8 39 4 0
1037 1021 3 1 8 4 0
1039 377 4 0 66 5 0
1040 703 3 2 1 4 0
1045 958 0 9 44 5 0
1046 544 4 5 74 4 0
1047 409 3 5 84 5 0
1048 859 2 3 13 3 0
1049 1029 1 8 9 3 0
1050 362 3 4 57 3 0
1053 5 0 2 70 3 0
1055 881 2 1 81 3 0
1056 186 1 3 21 5 0
1058 179 1 5 31 5 0
1061 741 0 9 42 5 0
1062 519 3 4 38 3 0
1063 843 2 1 39 5 0
1065 1132 1 8 72 5 0
1066 1126 3 8 27 5 0
1070 996 1 1 61 5 0
1071 1164 4 0 14 5 0
1072 123 1 9 11 3 0
1073 588 0 3 54 5 0
1075 713 3 3 63 4 0
1077 886 1 4 89 5 0
1078 1097 0 3 83 4 0
1079 1189 3 2 76 5 0
1080 1049 4 1 90 3 0
1082 307 1 1 5 3 0
1084 615 4 6 50 4 0
1085 321 2 9 66 5 0
1086 417 3 1 1 4 0
1088 609 3 6 8 5 0
1089 153 3 4 55 3 0
1091 226 4 8 4 5 0
1092 422 1 5 80 3 0
1093 821 0 0 10 4 0
1098 464 1 1 81 4 0
1100 666 2 7 20 3 0
1101 71 2 3 42 4 0
1103 107 2 2 54 4 0
1105 84 0 1 28 5 0
1106 977 1 9 36 5 0
1107 32 1 9 19 5 0
1108 981 3 0 56 5 0
1109 1033 1 3 50 4 0
1111 102 0 7 46 4 0
1114 672 3 2 67 5 0
1115 294 3 2 38 3 0
1116 388 1 7 61 5 0
1117 78 1 2 11 4 0
1121 258 3 9 16 3 0
1122 1193 0 1 66 5 0
1124 1146 0 6 1 3 0
1125 649 1 6 49 3 0
1126 1110 3 6 8 4 0
1127 242 3 3 43 3 0
1128 358 2 5 89 4 0
1129 298 0 8 65 5 0
1130 923 4 2 55 5 0
1131 1184 2 3 59 4 0
1134 1127 0 7 90 3 0
1135 11 0 8 20 4 0
1136 867 4 9 42 5 0
1137 549 0 8 69 3 0
1138 248 4 1 59 4 0
1140 994 3 9 2 5 0
1143 882 0 9 95 3 0
1145 1103 0 1 94 5 0
1147 94 2 1 76 3 0
1148 436 0 3 98 5 0
1149 631 4 2 52 5 0
1150 733 2 6 20 5 0
1151 814 1 2 100 5 0
1152 853 2 2 61 4 0
1153 622 1 7 31 5 0
1155 722 1 9 55 3 0
1156 414 3 3 28 3 0
1160 2 1 7 63 5 0
1161 570 2 7 3 5 0
1162 551 0 0 14 5 0
1165 847 2 7 82 5 0
1166 43 4 1 31 3 0
1167 345 3 8 95 3 0
1168 528 2 4 48 5 0
1169 353 1 8 82 3 0
1170 719 1 8 12 4 0
1171 996 4 4 40 4 0
1172 1142 2 5 70 5 0
1173 1187 4 4 58 3 0
1174 490 0 9 69 5 0
1177 74 1 7 6 5 0
1179 41 3 2 65 3 0
1180 261 3 8 84 4 0
1181 683 1 7 55 4 0
1182 183 2 1 89 5 0
1185 692 1 2 93 3 0
1186 701 1 9 80 4 0
1188 257 3 6 42 3 0
1190 65 0 3 17 3 0
1191 443 4 8 30 5 0
1192 902 4 7 68 5 0
1193 529 2 1 25 3 0
1195 879 4 2 92 4 0
1196 295 4 7 16 4 0
1197 139 4 6 30 5 0
1198 659 3 7 12 4 0
1199 1144 4 1 94 3 0

