10

5
0 20 20 20 20 20 20 20 20 20 20
1 20 20 20 20 20 20 20 20 20 20
2 20 20 20 20 20 20 20 20 20 20
3 20 20 20 20 20 20 20 20 20 20
4 20 20 20 20 20 20 20 20 20 20

25
309 532 100000 6 1
0 126 2 2
1 108 6 8
2 137 8 7
5 113 4 6
6 140 6 6
9 127 2 9
1007 829 100000 6 0
0 139 2 1
1 117 4 4
2 136 4 1
3 100 10 5
4 117 3 6
9 138 8 3
560 1138 100000 6 1
1 107 10 1
2 133 4 7
3 111 3 2
5 107 5 1
6 141 6 7
9 129 9 1
336 240 100000 6 0
0 147 2 2
1 121 5 2
5 142 5 1
7 150 1 4
8 114 9 9
9 144 1 3
48 1079 100000 6 3
1 124 3 2
2 128 8 1
3 111 4 5
4 125 2 5
6 113 6 10
8 119 3 2
9 565 100000 6 4
0 104 10 8
1 113 1 9
4 104 9 10
5 121 1 3
6 117 5 10
7 106 1 1
432 423 100000 6 2
1 103 3 10
4 124 9 7
5 125 5 1
6 149 8 2
7 137 8 6
9 114 4 5
922 689 100000 6 1
0 105 6 1
2 148 2 8
3 115 9 3
5 118 1 3
6 143 6 6
9 133 3 1
470 886 100000 6 1
3 141 5 10
4 148 2 8
6 117 6 3
7 129 4 8
8 108 6 6
9 140 9 3
1103 252 100000 6 4
0 113 9 9
3 145 5 8
4 140 3 3
5 108 5 1
6 136 2 3
8 121 5 4
650 174 100000 6 0
0 102 8 8
1 125 9 2
2 141 3 5
4 132 9 7
7 110 8 8
8 143 9 8
313 365 100000 6 3
1 107 4 4
3 146 5 4
4 132 5 7
6 130 2 6
7 133 4 3
8 135 10 6
598 308 100000 6 1
0 146 3 9
2 104 3 10
4 132 9 1
5 107 5 7
6 136 2 9
8 112 10 8
910 834 100000 6 4
0 110 4 5
1 114 2 2
2 135 9 10
4 128 7 6
7 150 4 9
9 146 3 9
114 924 100000 6 4
0 140 2 6
1 100 1 10
4 147 3 3
5 114 2 8
6 126 1 1
8 138 4 7
1106 1149 100000 6 0
1 109 10 2
3 147 1 6
4 111 4 3
5 114 5 1
7 107 1 4
8 127 9 10
775 565 100000 6 0
0 132 9 9
1 130 3 3
2 113 9 6
5 108 3 5
8 150 2 3
9 135 5 8
416 173 100000 6 2
0 119 6 1
1 116 1 8
2 100 6 5
5 144 8 8
8 150 5 1
9 101 1 2
41 1043 100000 6 3
0 125 1 5
1 147 1 9
4 137 2 1
6 120 2 8
7 127 2 6
9 133 1 1
240 1154 100000 6 3
0 104 9 2
3 145 2 4
5 116 10 8
7 129 8 1
8 102 8 2
9 111 3 10
1069 443 100000 6 4
0 122 10 10
2 129 6 8
3 131 1 5
4 138 2 6
8 147 4 5
9 149 3 10
1193 1172 100000 6 2
0 112 2 8
1 129 9 5
2 114 1 7
3 115 5 6
4 119 4 6
8 131 7 2
419 417 100000 6 3
2 104 1 3
3 130 4 10
5 137 9 1
6 130 5 1
7 106 9 8
8 102 4 2
34 275 100000 6 2
0 113 5 9
1 117 6 4
3 145 4 7
5 103 5 9
6 139 1 9
8 115 8 6
862 670 100000 6 2
1 117 3 2
2 144 3 1
5 108 4 2
6 137 1 4
7 105 6 4
9 102 8 4

800
0 678 3 4 62 4 0
2 687 4 2 66 5 0
3 46 2 2 36 5 0
4 29 0 0 75 5 0
5 103 3 9 60 4 0
6 534 1 5 77 4 0
9 1127 3 5 65 4 0
10 857 4 7 40 3 0
12 301 3 0 18 4 0
13 254 3 2 8 5 0
14 541 4 9 15 5 0
16 723 0 0 82 5 0
18 50 0 9 42 3 0
19 1079 4 2 67 4 0
20 1009 2 5 23 3 0
21 558 4 5 64 4 0
24 1165 2 0 22 3 0
25 575 0 7 3 5 0
26 399 1 0 83 3 0
28 531 3 2 9 4 0
30 205 2 0 68 3 0
32 766 2 1 66 4 0
33 409 4 9 10 5 0
34 449 3 7 6 5 0
35 185 1 8 49 3 0
36 339 0 0 69 5 0
38 736 4 5 50 5 0
39 111 1 1 3 5 0
41 654 4 6 71 3 0
44 975 3 2 85 3 0
45 836 2 4 33 3 0
46 544 2 5 4 3 0
48 13 1 0 55 3 0
49 512 3 5 2 4 0
51 488 4 9 3 5 0
53 146 3 0 16 4 0
54 13 1 3 62 4 0
55 771 1 6 89 4 0
56 30 2 7 48 3 0
57 108 1 7 68 5 0
58 953 3 9 9 3 0
61 1181 1 9 75 3 0
62 103 4 7 30 4 0
63 8 0 8 3 4 0
64 564 2 7 74 4 0
65 1126 2 4 69 5 0
68 343 1 8 3 5 0
70 356 3 7 4 3 0
71 269 3 3 1 3 0
72 737 1 8 94 4 0
75 270 2 0 13 4 0
76 23 0 7 30 3 0
78 318 0 6 7 4 0
79 932 2 3 82 4 0
80 547 0 4 98 4 0
81 302 0 4 96 3 0
82 1198 0 7 91 5 0
84 297 2 0 35 3 0
85 121 0 7 49 5 0
86 631 0 0 43 3 0
88 1080 2 7 19 4 0
90 683 3 0 67 4 0
91 1062 3 4 16 3 0
92 1018 3 6 78 4 0
93 605 3 1 65 4 0
94 983 3 9 49 3 0
96 633 2 9 65 4 0
99 248 4 0 92 4 0
100 1082 3 9 29 4 0
102 894 1 4 19 4 0
103 711 1 5 83 3 0
104 525 0 9 44 3 0
105 159 4 7 5 5 0
106 1035 4 6 59 3 0
107 396 3 0 74 3 0
108 1076 3 0 43 3 0
110 540 1 3 20 3 0
111 260 2 9 80 5 0
112 1083 0 6 2 4 0
113 120 4 0 94 5 0
114 1060 1 5 18 5 0
115 1184 3 7 71 3 0
116 814 0 6 15 4 0
117 584 4 8 60 5 0
118 191 1 9 19 5 0
119 411 2 3 49 4 0
120 662 1 0 60 4 0
122 893 4 5 29 3 0
125 697 0 5 41 4 0
126 1053 4 8 32 3 0
129 103 4 7 89 5 0
130 645 3 1 26 5 0
132 207 1 1 46 3 0
133 698 1 2 51 3 0
136 809 3 9 8 3 0
138 922 3 7 35 3 0
140 1136 1 4 33 4 0
143 701 0 0 12 3 0
144 587 3 1 52 5 0
145 1157 3 7 51 4 0
146 595 2 7 82 5 0
150 928 1 1 6 3 0
151 1193 4 6 31 3 0
152 603 1 8 52 3 0
153 1038 2 3 14 3 0
154 1050 3 5 44 5 0
155 199 4 1 75 3 0
158 396 3 6 13 3 0
160 285 3 6 2 3 0
161 56 0 7 23 4 0
162 465 3 2 86 5 0
163 1104 4 0 63 5 0
164 479 4 5 98 4 0
166 336 3 8 55 5 0
167 830 0 3 62 4 0
169 1116 1 6 73 5 0
170 350 0 0 88 3 0
171 122 0 6 16 5 0
172 137 2 9 56 3 0
173 1156 3 3 26 5 0
175 479 2 3 16 3 0
177 104 0 1 4 4 0
180 272 0 2 61 3 0
181 397 2 9 3 4 0
183 1045 1 8 2 5 0
185 151 2 1 84 4 0
187 594 4 3 41 5 0
188 1113 1 1 80 3 0
189 454 2 4 31 3 0
190 777 0 7 67 4 0
193 795 1 7 91 4 0
195 453 0 6 53 3 0
196 881 3 7 18 5 0
197 212 3 8 47 4 0
200 255 4 7 81 3 0
201 826 2 2 19 3 0
202 415 2 5 35 3 0
203 765 1 2 25 5 0
204 50 3 4 89 5 0
205 556 0 5 31 5 0
206 1018 3 3 84 3 0
207 85 0 0 84 4 0
208 174 3 5 87 4 0
209 253 2 7 49 3 0
212 732 1 7 14 3 0
213 830 4 9 49 4 0
214 79 3 7 10 3 0
215 269 3 8 86 4 0
217 941 1 5 67 4 0
219 1023 3 3 20 3 0
220 580 4 7 56 5 0
221 411 4 6 34 3 0
222 660 0 7 81 4 0
223 757 2 4 48 4 0
224 1029 0 4 34 4 0
226 386 1 7 12 3 0
227 134 0 8 4 4 0
228 965 1 3 23 4 0
229 781 1 5 73 4 0
231 657 3 9 56 5 0
232 1169 3 3 88 4 0
233 1016 4 6 18 5 0
235 270 2 7 94 5 0
236 111 2 7 52 4 0
237 173 2 7 58 4 0
238 576 4 0 8 5 0
239 45 2 7 65 4 0
240 767 4 5 32 4 0
241 265 2 1 51 5 0
242 1158 4 9 64 3 0
243 354 2 2 98 3 0
244 552 0 1 9 5 0
245 551 0 8 51 4 0
247 1000 1 9 53 4 0
248 124 2 9 85 5 0
251 682 3 5 59 4 0
252 875 1 3 80 3 0
254 311 4 6 49 4 0
257 218 0 2 100 5 0
258 771 3 0 55 4 0
259 1054 2 1 25 4 0
260 615 4 5 98 3 0
261 177 3 3 59 3 0
263 279 4 5 41 5 0
264 1091 0 8 28 3 0
267 154 3 6 79 3 0
268 1194 4 5 27 5 0
269 217 3 6 9 4 0
270 930 0 8 48 3 0
271 936 0 8 10 3 0
272 470 4 4 87 3 0
274 83 4 9 94 5 0
275 458 0 6 40 3 0
276 143 4 4 71 4 0
279 1155 2 6 14 3 0
280 28 0 8 45 3 0
281 906 3 5 13 3 0
282 444 2 0 58 3 0
283 791 0 9 77 5 0
284 593 4 5 74 5 0
285 994 0 1 79 4 0
286 437 0 6 38 4 0
287 799 1 2 76 5 0
289 343 1 1 33 5 0
290 144 4 0 15 3 0
291 863 2 3 77 3 0
293 869 1 5 10 4 0
294 780 1 7 58 5 0
295 808 1 1 28 3 0
296 706 1 4 2 4 0
297 806 0 4 98 4 0
298 1044 3 8 25 5 0
299 369 3 0 26 3 0
300 959 4 7 27 5 0
301 123 2 1 83 5 0
302 792 0 1 59 4 0
304 51 0 0 73 3 0
305 499 3 8 45 4 0
306 217 3 4 31 4 0
307 1013 0 0 51 4 0
309 1125 2 7 22 4 0
310 954 3 3 98 3 0
312 913 3 8 4 3 0
314 390 0 5 89 4 0
315 1151 1 7 42 3 0
317 824 4 0 87 5 0
318 3 0 7 81 4 0
319 519 3 5 11 4 0
321 1138 0 3 17 4 0
322 186 1 2 60 4 0
323 941 4 7 2 4 0
324 566 3 0 61 5 0
326 645 2 4 97 5 0
327 351 4 9 63 4 0
328 539 1 3 57 4 0
330 322 1 8 69 3 0
332 248 2 0 23 4 0
333 182 3 1 10 5 0
334 772 0 8 12 4 0
335 1153 4 7 36 4 0
336 1158 0 0 3 3 0
338 1098 0 0 23 4 0
339 1075 1 7 63 4 0
340 473 3 6 72 3 0
341 693 0 5 35 3 0
342 1012 2 3 83 4 0
344 32 4 3 33 5 0
345 1097 0 1 88 5 0
346 247 0 8 44 3 0
347 233 3 0 60 5 0
348 817 1 3 89 4 0
349 109 0 6 2 5 0
351 131 1 8 14 5 0
353 103 2 8 44 3 0
357 1046 3 2 91 5 0
358 965 3 4 74 4 0
359 1026 3 8 28 5 0
360 184 4 4 9 3 0
362 438 2 2 82 5 0
364 130 4 5 83 5 0
365 1026 0 0 11 3 0
366 283 1 6 15 5 0
367 1132 0 6 47 4 0
368 1094 2 2 43 5 0
369 423 0 0 95 5 0
370 58 4 3 40 4 0
376 247 0 4 98 3 0
377 60 1 9 10 4 0
378 1002 4 3 16 3 0
379 668 4 2 77 5 0
380 1110 3 7 59 4 0
381 886 0 6 75 3 0
383 425 2 4 56 4 0
384 1119 3 2 45 4 0
385 1111 3 7 84 3 0
386 686 3 0 100 3 0
387 218 3 2 66 4 0
388 407 2 1 18 4 0
390 1056 1 1 33 4 0
391 181 2 5 27 5 0
393 149 2 5 7 4 0
394 709 1 5 80 3 0
395 156 1 4 71 5 0
396 289 1 6 80 4 0
399 283 2 6 81 5 0
401 56 3 9 60 4 0
402 792 4 0 70 4 0
403 329 1 5 39 5 0
404 825 4 4 57 3 0
410 532 1 8 28 4 0
412 794 0 9 77 4 0
414 710 1 6 34 5 0
415 170 3 5 40 4 0
416 106 3 4 66 3 0
419 241 1 7 94 4 0
420 903 2 3 94 4 0
425 1109 4 3 2 4 0
428 1018 1 1 18 5 0
429 682 4 9 46 3 0
430 466 3 3 24 5 0
431 370 2 7 32 4 0
432 419 0 8 94 3 0
433 334 3 9 76 4 0
434 1064 3 7 27 4 0
435 801 2 0 98 3 0
436 32 4 0 53 3 0
437 590 4 5 62 4 0
439 233 2 4 76 3 0
440 999 3 9 79 3 0
441 954 2 6 33 4 0
442 1175 2 2 69 3 0
443 855 4 1 12 4 0
444 925 1 6 82 5 0
445 346 4 5 94 3 0
446 507 4 9 45 5 0
447 143 0 4 95 5 0
448 1176 1 5 83 3 0
449 501 0 3 81 4 0
450 415 4 9 1 3 0
451 274 2 3 36 4 0
452 951 4 8 4 5 0
453 221 1 0 71 5 0
454 973 2 1 81 3 0
455 1102 3 8 29 4 0
457 167 3 1 35 3 0
458 649 2 5 78 3 0
459 317 1 5 29 5 0
460 203 2 0 57 4 0
462 556 4 0 32 5 0
464 1182 0 9 11 3 0
465 488 4 8 13 3 0
466 647 3 3 1 3 0
467 408 2 5 4 4 0
468 674 2 9 73 4 0
469 350 1 1 73 3 0
471 169 0 5 80 5 0
472 1172 3 7 53 3 0
473 963 0 1 49 4 0
475 924 0 8 1 4 0
477 251 2 9 7 5 0
478 123 3 5 43 5 0
479 376 3 8 37 5 0
480 561 3 8 88 5 0
485 763 3 2 68 4 0
488 157 3 6 27 4 0
489 318 0 1 38 3 0
492 111 1 3 91 3 0
493 471 2 8 98 5 0
494 864 4 1 90 4 0
495 645 4 2 93 3 0
496 120 1 3 76 4 0
498 207 0 0 49 4 0
499 993 2 1 81 5 0
503 371 4 2 55 4 0
504 423 3 0 25 4 0
505 579 2 9 18 5 0
506 608 2 7 81 4 0
507 636 4 5 31 5 0
508 730 1 6 70 5 0
510 948 1 9 15 3 0
511 999 0 7 69 4 0
513 1000 1 9 14 5 0
514 551 4 5 90 5 0
516 325 0 6 94 5 0
517 850 1 7 96 5 0
519 54 0 7 58 3 0
522 875 0 5 95 5 0
523 319 1 2 42 3 0
524 612 4 0 22 3 0
526 20 0 7 16 5 0
528 23 4 6 44 3 0
529 1034 2 9 45 4 0
532 624 2 1 43 5 0
533 75 0 4 30 5 0
534 136 0 4 92 5 0
535 740 0 2 7 4 0
536 601 3 8 96 5 0
537 460 3 3 8 5 0
540 581 4 4 43 3 0
541 663 3 6 73 5 0
542 491 3 8 60 3 0
543 55 2 1 92 5 0
546 1113 1 9 33 3 0
547 751 4 2 50 4 0
548 451 0 8 7 3 0
549 208 3 5 3 5 0
551 139 0 1 59 3 0
552 530 2 2 38 4 0
553 186 3 2 32 5 0
554 1081 2 9 84 3 0
555 1017 2 9 26 4 0
556 373 4 3 40 5 0
557 594 2 1 36 5 0
559 23 0 6 45 3 0
561 809 0 0 79 4 0
562 596 0 2 82 4 0
563 921 3 3 62 5 0
564 778 0 5 45 5 0
566 134 2 2 70 4 0
568 633 0 3 11 5 0
569 783 3 1 21 5 0
570 242 0 0 20 4 0
571 540 3 8 60 3 0
572 443 1 1 71 4 0
575 904 3 3 21 5 0
577 891 2 4 45 4 0
578 132 4 2 87 3 0
579 795 0 3 66 5 0
582 1030 3 3 33 4 0
583 1011 3 0 74 5 0
585 57 2 6 27 5 0
586 129 0 6 88 5 0
587 1121 2 2 67 3 0
588 457 0 7 43 4 0
590 631 1 1 67 3 0
591 348 3 9 63 3 0
592 533 2 7 12 4 0
594 1015 3 6 96 3 0
595 315 3 6 100 4 0
597 876 0 2 63 3 0
601 634 0 4 39 4 0
602 710 1 1 39 4 0
603 666 1 2 77 5 0
604 682 2 8 51 4 0
605 711 4 3 27 5 0
607 1098 4 6 32 5 0
608 578 1 2 4 3 0
609 1130 4 3 37 4 0
611 524 2 8 83 3 0
612 693 4 7 50 5 0
614 397 1 5 46 3 0
616 372 3 1 65 5 0
617 958 1 7 81 4 0
618 467 1 0 10 5 0
619 533 4 0 69 4 0
620 277 1 0 44 5 0
621 437 3 8 37 5 0
623 452 4 9 44 5 0
624 692 1 2 6 4 0
625 1076 2 7 16 4 0
626 468 4 5 83 5 0
630 536 1 7 56 5 0
631 274 4 1 95 4 0
632 863 2 4 98 4 0
633 673 4 6 44 4 0
635 1136 4 0 6 3 0
639 994 0 2 44 5 0
641 636 4 5 45 4 0
642 26 3 9 54 4 0
644 1198 1 4 82 4 0
645 323 3 6 53 3 0
646 1190 0 6 77 4 0
647 736 1 8 84 5 0
648 565 4 8 11 3 0
649 988 2 8 44 4 0
651 232 0 2 72 4 0
652 279 3 9 79 4 0
653 147 0 4 78 5 0
654 724 3 3 56 4 0
655 582 3 4 56 3 0
657 458 3 6 10 4 0
658 355 2 1 10 5 0
659 332 0 3 14 4 0
660 425 1 8 67 4 0
661 948 2 9 51 3 0
663 341 2 1 85 4 0
664 822 3 2 35 5 0
665 238 4 4 28 4 0
666 238 0 3 93 5 0
668 97 0 1 80 3 0
670 932 3 2 22 5 0
671 289 0 0 17 4 0
673 188 1 6 52 4 0
674 84 4 1 93 3 0
676 459 1 6 7 5 0
678 949 2 2 44 3 0
679 110 3 0 52 5 0
680 43 4 5 43 4 0
681 697 4 3 13 4 0
683 543 4 5 79 4 0
685 663 3 0 40 4 0
688 981 2 2 93 3 0
689 193 2 8 7 3 0
691 712 1 8 1 3 0
694 405 2 4 94 5 0
696 854 0 0 100 3 0
697 494 1 6 43 3 0
702 304 2 1 28 4 0
704 163 4 9 31 4 0
706 1100 4 5 60 5 0
707 1153 1 5 27 5 0
708 692 1 9 99 5 0
709 639 4 9 67 3 0
710 1119 0 2 100 5 0
715 1025 3 8 70 4 0
717 653 2 9 10 4 0
718 553 1 9 66 3 0
721 234 1 1 47 5 0
723 410 4 2 8 5 0
725 782 0 8 26 5 0
726 318 4 8 50 4 0
727 843 2 6 70 3 0
728 1155 1 2 37 3 0
731 639 3 9 91 4 0
732 1155 0 1 55 4 0
733 610 3 2 4 3 0
735 165 3 4 50 4 0
736 126 2 3 67 3 0
737 170 0 8 20 3 0
740 489 0 8 57 5 0
741 1195 1 5 96 3 0
743 1126 4 9 31 5 0
745 168 4 3 51 5 0
746 442 2 4 64 3 0
747 347 2 8 91 5 0
749 319 3 3 40 5 0
750 872 0 4 58 5 0
751 186 4 9 94 4 0
752 521 4 0 66 4 0
754 913 3 7 9 5 0
755 1003 1 2 13 3 0
757 887 4 1 99 5 0
758 1047 3 3 77 5 0
762 348 3 8 15 3 0
766 576 2 8 49 5 0
767 103 1 0 18 3 0
768 311 2 6 81 4 0
769 137 0 7 43 5 0
770 505 2 4 84 5 0
771 647 1 8 7 5 0
773 74 3 3 66 4 0
774 284 3 6 49 5 0
775 1157 3 3 29 4 0
776 336 2 3 85 5 0
777 747 4 1 79 3 0
778 552 4 2 9 5 0
779 718 4 6 69 4 0
780 245 2 2 53 4 0
782 505 0 7 8 3 0
783 1096 2 5 75 4 0
784 447 4 2 57 5 0
785 467 0 4 73 4 0
786 346 2 6 66 4 0
788 730 0 6 92 3 0
789 842 2 2 81 3 0
790 143 4 2 89 5 0
791 714 1 3 44 4 0
792 346 3 8 17 4 0
793 1196 2 2 72 3 0
794 555 1 7 54 3 0
796 777 2 8 69 4 0
797 1009 0 2 22 4 0
798 15 3 1 90 3 0
799 686 1 3 93 3 0
800 593 4 4 17 3 0
804 240 3 7 72 5 0
805 968 0 7 12 5 0
806 334 3 5 74 5 0
807 944 2 1 17 3 0
808 1160 3 2 46 4 0
809 1174 2 0 33 5 0
811 841 1 1 59 3 0
812 913 2 9 93 3 0
813 884 2 6 96 3 0
814 38 2 4 42 5 0
817 393 1 5 32 5 0
818 742 1 8 77 4 0
821 1109 3 8 48 5 0
823 855 3 2 22 5 0
824 595 2 9 54 3 0
825 1087 0 1 48 4 0
829 911 3 1 43 4 0
832 1110 2 1 91 4 0
834 59 3 5 47 3 0
835 658 4 2 52 3 0
836 507 4 1 25 5 0
837 956 0 8 19 5 0
839 948 1 4 7 3 0
841 1061 4 3 31 3 0
846 291 2 4 6 5 0
848 87 0 6 69 3 0
852 956 1 0 77 5 0
854 186 0 7 15 3 0
855 590 3 5 43 3 0
856 1105 3 4 70 4 0
857 970 4 1 23 4 0
858 707 4 2 2 3 0
859 863 1 1 45 3 0
860 666 3 8 30 3 0
861 3 1 4 15 3 0
862 787 1 2 58 3 0
863 918 0 9 9 4 0
864 616 2 2 14 3 0
865 662 4 1 16 4 0
867 1100 3 2 59 5 0
868 306 0 6 93 5 0
869 236 4 2 52 5 0
870 626 1 6 72 4 0
871 5 4 3 23 5 0
872 986 1 1 42 3 0
874 549 1 1 91 4 0
875 446 4 7 89 3 0
876 298 1 9 94 3 0
877 628 0 0 33 5 0
878 750 4 3 90 5 0
879 856 0 4 94 4 0
880 534 0 0 20 4 0
883 250 1 9 20 4 0
884 919 1 2 59 4 0
885 365 1 8 2 5 0
888 747 2 0 44 3 0
891 82 1 4 86 5 0
892 86 4 8 83 4 0
893 823 1 6 89 4 0
894 842 4 2 57 4 0
895 294 2 2 67 3 0
896 418 4 7 42 4 0
898 240 0 9 41 4 0
899 845 1 0 8 3 0
902 210 2 9 88 3 0
903 1101 1 7 88 3 0
904 355 1 4 2 4 0
905 1197 1 2 59 4 0
906 1063 0 4 33 3 0
907 914 4 0 8 4 0
908 78 0 3 73 3 0
909 604 2 3 48 3 0
910 431 1 6 28 3 0
911 46 2 6 4 4 0
917 614 4 8 22 5 0
918 845 0 9 63 3 0
919 1113 0 0 66 5 0
920 805 4 4 21 5 0
922 895 4 6 57 5 0
928 27 4 9 16 3 0
929 741 4 4 13 5 0
932 724 4 2 28 5 0
933 444 4 2 99 5 0
935 946 1 4 30 3 0
936 970 3 0 42 4 0
938 656 3 9 72 4 0
939 1098 3 1 14 4 0
940 1130 1 2 79 5 0
941 59 3 2 29 5 0
942 188 0 6 94 5 0
947 488 3 3 82 4 0
949 1163 4 0 13 5 0
950 663 0 4 73 3 0
952 798 0 9 91 5 0
953 219 3 3 57 5 0
954 226 3 7 78 5 0
955 1045 1 3 95 5 0
956 843 1 4 67 3 0
957 49 3 3 78 5 0
959 863 0 5 23 4 0
961 438 1 4 32 3 0
962 774 1 4 89 5 0
963 210 0 8 26 5 0
964 864 2 0 24 5 0
965 502 4 6 71 5 0
968 597 1 2 39 3 0
969 752 1 3 46 5 0
972 806 4 4 79 4 0
974 143 1 5 21 4 0
976 448 1 5 65 4 0
977 698 1 2 72 5 0
978 443 2 1 93 3 0
979 106 2 2 32 3 0
981 125 0 5 53 4 0
984 1036 0 3 90 3 0
987 1114 0 1 78 5 0
990 1079 4 3 64 5 0
991 397 0 5 69 3 0
992 227 2 1 15 5 0
993 322 2 7 21 3 0
994 73 1 2 58 3 0
995 1133 1 8 40 5 0
996 88 0 8 18 4 0
997 207 0 4 80 3 0
998 117 4 8 91 5 0
1000 363 3 5 84 4 0
1001 547 3 0 22 3 0
1002 451 4 9 27 5 0
1003 743 1 3 59 3 0
1004 349 4 4 86 5 0
1005 164 4 4 59 5 0
1007 245 2 4 46 5 0
1008 1103 3 8 37 5 0
1009 801 0 7 11 4 0
1010 954 3 2 36 4 0
1015 1050 4 9 82 3 0
1016 232 1 5 38 4 0
1017 300 0 4 77 5 0
1020 507 2 4 33 4 0
1021 85 3 8 7 5 0
1022 1036 1 6 16 4 0
1023 1110 1 0 54 5 0
1024 314 0 9 32 5 0
1028 13 2 0 28 3 0
1029 327 3 4 84 4 0
1030 371 2 0 21 4 0
1031 952 3 0 71 4 0
1032 803 0 7 85 3 0
1034 200 4 3 8 3 0
1035 258 4 9 56 4 0
1036 1031 4 3 8 5 0
1037 154 3 4 38 4 0
1039 1034 0 9 57 3 0
1040 382 0 3 33 5 0
1045 1187 1 9 5 4 0
1046 784 0 8 8 4 0
1048 409 3 7 20 5 0
1049 360 3 8 9 4 0
1050 801 4 2 91 4 0
1053 939 2 5 77 5 0
1055 391 3 4 59 4 0
1056 582 0 0 53 4 0
1058 1038 0 5 47 5 0
1061 288 0 2 97 4 0
1062 779 3 5 89 3 0
1063 659 3 0 25 5 0
1065 1002 1 9 38 3 0
1066 587 3 2 99 3 0
1070 481 3 1 5 3 0
1071 92 4 7 79 4 0
1072 876 4 6 21 5 0
1075 772 4 8 82 4 0
1077 1031 1 2 38 4 0
1078 405 0 4 51 4 0
1084 134 3 7 66 4 0
1085 382 4 9 9 4 0
1086 757 0 0 42 5 0
1088 1053 4 0 42 4 0
1089 739 3 9 54 3 0
1091 654 2 2 8 3 0
1092 574 4 6 46 5 0
1093 477 0 9 11 5 0
1100 1021 0 7 26 4 0
1101 884 2 8 94 5 0
1103 478 1 4 37 4 0
1105 298 2 7 65 3 0
1106 317 1 8 83 3 0
1107 565 1 7 47 3 0
1109 193 1 8 68 5 0
1114 101 3 4 46 3 0
1115 529 0 9 100 5 0
1116 954 2 9 43 3 0
1121 46 0 9 2 5 0
1122 140 2 9 73 4 0
1124 11 4 6 57 4 0
1125 177 4 2 89 5 0
1126 533 2 0 20 3 0
1127 812 1 0 44 3 0
1128 596 2 8 83 5 0
1129 554 2 8 14 4 0
1130 954 3 8 58 5 0
1131 254 3 4 82 4 0
1134 301 4 8 9 5 0
1135 721 2 9 18 5 0
1137 1043 2 4 72 5 0
1138 486 1 1 86 4 0
1140 669 0 8 51 3 0
1143 1160 2 2 77 3 0
1147 111 0 6 38 4 0
1148 1122 0 9 29 5 0
1149 383 3 1 6 4 0
1150 870 4 5 60 4 0
1151 800 0 1 42 4 0
1152 69 3 4 2 5 0
1153 423 3 8 50 3 0
1155 498 0 2 25 3 0
1156 200 0 7 83 3 0
1160 488 0 1 93 4 0
1161 1160 3 7 88 3 0
1162 565 1 0 84 5 0
1166 918 1 6 65 3 0
1167 57 4 3 66 3 0
1168 166 0 6 85 4 0
1169 703 1 4 3 3 0
1170 795 2 4 28 3 0
1171 928 3 9 85 3 0
1172 1131 3 1 74 5 0
1173 27 1 0 50 5 0
1174 1098 1 6 69 3 0
1177 1148 0 1 68 5 0
1179 719 3 8 87 3 0
1180 12 0 0 39 3 0
1181 1049 2 5 91 4 0
1182 35 2 2 74 3 0
1185 970 1 5 70 3 0
1186 533 0 2 49 5 0
1190 653 4 0 94 3 0
1191 1181 1 4 14 4 0
1192 1079 3 5 28 4 0
1193 705 1 8 22 5 0
1195 21 4 2 91 3 0
1196 603 2 6 68 3 0
1197 172 3 3 94 5 0
1198 1125 3 8 48 4 0
1199 535 0 4 57 3 0

