10

5
0 20 20 20 20 20 20 20 20 20 20
1 20 20 20 20 20 20 20 20 20 20
2 20 20 20 20 20 20 20 20 20 20
3 20 20 20 20 20 20 20 20 20 20
4 20 20 20 20 20 20 20 20 20 20

25
1200 600 100000 6 3
0 126 7 2
1 106 3 6
2 130 10 8
4 126 4 4
5 120 6 6
9 127 2 9
900 0 100000 6 0
0 112 2 2
1 112 5 5
3 119 5 3
6 139 2 1
7 117 4 4
9 136 4 1
0 600 100000 6 4
0 109 5 9
2 127 3 3
4 125 2 3
5 149 10 7
7 122 4 2
9 138 1 9
900 600 100000 6 1
0 141 6 7
1 129 9 1
2 142 3 2
3 129 9 6
4 100 2 10
6 147 2 2
1200 900 100000 6 3
0 132 1 3
1 101 9 3
3 119 3 7
4 117 2 7
5 106 4 4
8 112 4 2
300 1200 100000 6 3
1 131 1 3
2 112 5 7
4 106 5 4
6 123 10 5
7 109 2 1
8 117 1 7
900 300 100000 6 3
1 130 4 1
4 144 9 2
5 148 9 10
6 121 1 3
7 117 5 10
9 106 1 1
0 1200 100000 6 0
1 128 1 3
3 139 7 9
4 125 7 5
5 100 8 2
6 137 8 6
9 114 4 5
300 900 100000 6 1
0 122 3 2
3 147 6 1
5 148 2 8
6 115 9 3
7 118 1 3
9 143 6 6
0 300 100000 6 0
0 115 7 7
2 144 9 5
3 132 10 5
6 139 2 8
7 117 6 3
8 129 4 8
300 600 100000 6 0
0 133 4 6
1 125 4 9
2 132 5 8
4 140 3 3
5 108 5 1
8 136 2 3
900 900 100000 6 0
1 102 9 1
2 130 8 7
3 145 9 2
4 141 3 5
5 132 9 7
7 110 8 8
600 0 100000 6 1
1 112 8 7
2 129 2 5
3 140 9 2
4 113 4 5
7 113 9 5
8 127 8 2
0 900 100000 6 4
2 109 1 6
3 124 3 5
4 132 3 9
5 104 3 10
8 132 9 1
9 107 5 7
300 300 100000 6 1
1 145 1 3
3 111 2 8
6 145 10 10
7 147 5 3
8 115 5 4
9 107 2 9
0 0 100000 6 3
3 134 3 9
5 103 8 2
6 132 1 5
7 101 5 6
8 116 5 9
9 125 2 6
600 900 100000 6 2
0 126 1 1
1 138 4 7
2 134 9 8
3 105 5 8
7 144 9 5
9 121 2 8
1200 300 100000 6 4
0 111 4 3
1 114 5 1
2 107 1 4
3 127 9 10
5 124 5 10
9 121 10 9
600 300 100000 6 4
0 111 3 4
1 135 6 3
2 109 5 2
5 110 9 5
7 129 4 2
8 107 3 1
300 0 100000 6 2
0 116 1 8
2 100 6 5
4 144 8 8
5 150 5 1
8 101 1 2
9 101 9 5
600 1200 100000 6 2
0 125 1 5
1 147 1 9
4 137 2 1
6 120 2 8
7 127 2 6
9 133 1 1
900 1200 100000 6 4
0 123 9 2
1 145 9 2
3 145 2 4
5 116 10 8
7 129 8 1
9 102 8 2
1200 0 100000 6 1
0 108 6 10
2 147 10 8
3 146 6 8
4 131 1 5
8 138 2 6
9 147 4 5
1200 1200 100000 6 2
0 111 9 1
2 149 9 1
3 140 2 4
4 106 8 8
8 133 5 4
9 103 7 4
600 600 100000 6 2
1 113 4 4
3 146 8 8
4 141 6 3
5 129 9 7
6 104 1 3
7 130 4 10

5000
0 785 0 7 67 4 0
0 513 0 4 54 4 0
0 789 2 6 35 5 0
0 1046 0 8 42 5 0
0 575 2 0 75 4 0
1 239 2 8 77 3 0
1 948 2 6 44 4 0
1 512 4 4 59 3 0
2 819 0 8 19 5 0
2 81 2 6 92 5 0
3 1083 1 6 68 5 0
3 956 3 0 75 3 0
3 991 0 2 95 4 0
3 75 3 7 67 5 0
4 1066 2 4 58 4 0
4 62 0 7 96 5 0
4 567 4 8 14 3 0
4 152 0 5 50 4 0
5 1042 4 3 18 4 0
5 1186 3 3 61 4 0
5 595 4 4 18 5 0
5 733 4 3 38 4 0
6 401 4 0 94 3 0
6 559 3 8 70 5 0
6 126 0 3 19 4 0
6 51 3 4 74 3 0
6 1069 0 9 26 4 0
6 3 0 7 57 5 0
6 679 3 8 40 5 0
7 1052 1 0 13 5 0
7 695 3 0 23 3 0
7 479 0 4 23 5 0
8 299 3 0 33 3 0
8 337 4 1 42 3 0
8 238 1 7 44 3 0
8 1146 3 7 41 3 0
8 289 2 2 65 3 0
9 840 1 2 89 3 0
9 909 0 8 24 5 0
9 933 2 0 8 5 0
9 60 4 2 57 3 0
9 741 2 6 74 5 0
10 7 4 4 93 4 0
10 646 1 9 84 3 0
10 1010 0 6 53 3 0
10 654 0 7 40 3 0
10 349 1 8 39 4 0
11 1021 3 1 8 4 0
12 377 4 0 66 5 0
12 703 3 2 1 4 0
13 958 0 9 44 5 0
13 544 4 5 74 4 0
13 409 3 5 84 5 0
13 859 2 3 13 3 0
13 1029 1 8 9 3 0
13 362 3 4 57 3 0
13 5 0 2 70 3 0
14 881 2 1 81 3 0
14 186 1 3 21 5 0
14 179 1 5 31 5 0
14 741 0 9 42 5 0
15 519 3 4 38 3 0
15 843 2 1 39 5 0
15 1132 1 8 72 5 0
16 1126 3 8 27 5 0
16 996 1 1 61 5 0
16 1164 4 0 14 5 0
16 123 1 9 11 3 0
16 588 0 3 54 5 0
16 713 3 3 63 4 0
17 886 1 4 89 5 0
17 1097 0 3 83 4 0
18 1189 3 2 76 5 0
18 1049 4 1 90 3 0
18 307 1 1 5 3 0
18 615 4 6 50 4 0
19 321 2 9 66 5 0
19 417 3 1 1 4 0
19 609 3 6 8 5 0
19 153 3 4 55 3 0
19 226 4 8 4 5 0
20 422 1 5 80 3 0
20 821 0 0 10 4 0
21 464 1 1 81 4 0
21 666 2 7 20 3 0
21 71 2 3 42 4 0
21 107 2 2 54 4 0
21 84 0 1 28 5 0
21 977 1 9 36 5 0
22 32 1 9 19 5 0
22 981 3 0 56 5 0
22 1033 1 3 50 4 0
23 102 0 7 46 4 0
23 672 3 2 67 5 0
23 294 3 2 38 3 0
23 388 1 7 61 5 0
23 78 1 2 11 4 0
23 258 3 9 16 3 0
23 1193 0 1 66 5 0
24 1146 0 6 1 3 0
24 649 1 6 49 3 0
24 1110 3 6 8 4 0
25 242 3 3 43 3 0
25 358 2 5 89 4 0
25 298 0 8 65 5 0
25 923 4 2 55 5 0
26 1184 2 3 59 4 0
26 1127 0 7 90 3 0
26 11 0 8 20 4 0
27 867 4 9 42 5 0
27 549 0 8 69 3 0
27 248 4 1 59 4 0
27 994 3 9 2 5 0
27 882 0 9 95 3 0
27 1103 0 1 94 5 0
27 94 2 1 76 3 0
28 436 0 3 98 5 0
28 631 4 2 52 5 0
28 733 2 6 20 5 0
28 814 1 2 100 5 0
28 853 2 2 61 4 0
28 622 1 7 31 5 0
28 722 1 9 55 3 0
28 414 3 3 28 3 0
28 2 1 7 63 5 0
28 570 2 7 3 5 0
29 551 0 0 14 5 0
29 847 2 7 82 5 0
29 43 4 1 31 3 0
29 345 3 8 95 3 0
29 528 2 4 48 5 0
30 353 1 8 82 3 0
30 719 1 8 12 4 0
30 996 4 4 40 4 0
30 1142 2 5 70 5 0
31 1187 4 4 58 3 0
31 490 0 9 69 5 0
31 74 1 7 6 5 0
31 41 3 2 65 3 0
32 261 3 8 84 4 0
32 683 1 7 55 4 0
32 183 2 1 89 5 0
32 692 1 2 93 3 0
32 701 1 9 80 4 0
32 257 3 6 42 3 0
32 65 0 3 17 3 0
33 443 4 8 30 5 0
33 902 4 7 68 5 0
33 529 2 1 25 3 0
33 879 4 2 92 4 0
34 295 4 7 16 4 0
34 139 4 6 30 5 0
34 659 3 7 12 4 0
34 1144 4 1 94 3 0
34 661 0 8 95 3 0
35 472 2 3 39 3 0
35 202 0 5 29 5 0
35 846 1 9 65 4 0
35 1068 1 0 43 3 0
36 17 0 6 33 4 0
36 229 0 0 68 3 0
36 42 0 1 52 5 0
37 11 4 3 3 5 0
37 289 2 1 2 5 0
38 339 2 4 96 3 0
38 151 0 8 1 4 0
38 62 1 0 48 5 0
38 1162 4 1 77 5 0
39 187 4 9 96 4 0
39 760 4 0 15 5 0
40 893 4 9 85 5 0
41 1194 2 0 92 3 0
41 175 0 3 9 4 0
41 809 4 6 32 4 0
41 725 4 5 90 4 0
41 1195 3 4 10 3 0
41 556 3 3 17 4 0
41 31 0 2 83 4 0
42 607 4 7 13 3 0
42 189 0 8 28 3 0
42 727 3 9 16 5 0
42 96 4 7 16 3 0
43 413 3 8 85 3 0
43 236 4 3 28 5 0
44 1038 0 1 87 5 0
44 1175 2 0 22 5 0
45 1120 3 0 13 5 0
45 235 4 7 63 5 0
45 914 0 8 41 3 0
45 890 2 2 3 5 0
45 599 3 9 52 3 0
45 1114 1 9 85 3 0
45 976 0 3 57 5 0
45 535 3 3 51 4 0
46 579 3 5 79 5 0
46 310 0 9 87 4 0
46 906 3 3 32 5 0
46 956 0 5 33 3 0
46 997 1 4 86 3 0
46 170 4 9 44 4 0
46 156 2 0 50 5 0
46 1140 2 1 96 5 0
48 143 4 4 99 4 0
48 1103 0 6 29 5 0
48 187 3 7 96 3 0
49 116 3 3 72 5 0
49 1132 3 5 49 3 0
49 27 4 6 37 3 0
49 168 1 0 85 5 0
49 516 3 0 29 3 0
49 891 2 1 18 5 0
49 472 1 1 86 4 0
49 390 4 9 33 3 0
49 659 3 1 55 3 0
50 486 1 1 25 3 0
50 961 4 8 41 4 0
50 829 4 2 85 4 0
50 110 2 6 89 3 0
50 721 3 8 12 5 0
51 888 4 6 66 5 0
51 150 3 7 80 5 0
51 152 4 6 47 3 0
52 1122 2 4 51 5 0
53 735 1 8 82 3 0
53 1062 2 5 56 4 0
53 1162 1 6 26 5 0
53 244 4 7 92 4 0
53 825 4 2 27 3 0
54 69 3 0 5 4 0
54 1174 0 3 10 4 0
54 669 0 2 65 4 0
54 416 2 0 61 5 0
54 1015 2 8 6 5 0
54 146 1 5 29 5 0
55 84 2 2 93 5 0
55 445 0 7 11 3 0
55 935 4 4 85 4 0
55 629 4 1 31 4 0
55 541 1 1 54 4 0
55 78 0 1 65 4 0
55 661 3 5 55 3 0
56 1022 3 9 17 3 0
56 474 0 8 57 3 0
56 325 4 7 30 3 0
56 148 3 1 97 3 0
56 215 1 2 78 5 0
56 87 2 1 29 5 0
56 1085 2 6 72 4 0
56 852 3 7 10 4 0
56 1117 4 9 15 3 0
57 260 3 0 36 5 0
57 849 4 7 92 5 0
57 117 4 3 31 3 0
57 177 3 9 31 4 0
58 700 4 8 23 3 0
58 836 0 9 99 4 0
58 543 3 1 61 3 0
58 490 2 3 61 3 0
58 624 4 3 4 4 0
58 429 4 1 61 4 0
58 961 0 3 39 3 0
59 238 0 0 78 4 0
59 809 1 9 29 5 0
59 998 4 9 71 3 0
59 1019 0 6 19 3 0
60 892 0 0 35 4 0
60 975 3 5 19 4 0
60 363 2 2 94 5 0
60 947 1 5 56 4 0
61 1195 0 3 24 3 0
61 105 1 0 52 4 0
61 263 3 8 94 5 0
61 587 4 7 54 5 0
61 408 2 8 76 3 0
61 795 1 3 12 3 0
62 173 2 2 1 5 0
62 1054 0 9 83 4 0
62 886 2 7 84 5 0
62 663 2 1 85 4 0
62 463 0 5 83 4 0
63 864 3 3 73 3 0
63 306 3 0 97 4 0
63 112 0 6 61 5 0
63 114 2 8 11 3 0
63 863 2 8 73 5 0
63 832 1 5 63 3 0
64 748 4 7 26 3 0
64 506 4 8 24 5 0
65 958 4 5 60 3 0
65 44 4 8 55 5 0
66 263 3 6 70 3 0
66 799 0 2 31 5 0
67 194 1 2 97 4 0
67 992 4 0 73 3 0
67 421 2 8 68 3 0
68 77 3 5 38 5 0
68 94 3 7 4 5 0
68 1007 3 9 23 3 0
68 884 3 1 30 4 0
69 287 4 3 22 3 0
70 678 2 6 89 3 0
70 810 2 8 77 3 0
70 511 3 3 70 5 0
71 584 4 0 76 5 0
71 740 3 7 100 4 0
71 759 1 8 12 3 0
71 1007 2 4 27 4 0
71 159 1 5 92 5 0
71 1197 0 7 96 3 0
71 22 4 8 95 5 0
71 779 3 4 41 3 0
72 493 1 5 33 3 0
72 860 4 0 51 3 0
73 323 0 3 94 5 0
74 407 3 1 95 3 0
75 854 4 4 25 4 0
75 465 1 2 97 3 0
75 209 1 2 11 3 0
75 356 0 6 91 3 0
75 523 3 9 54 3 0
76 291 2 5 17 3 0
76 1078 3 8 77 5 0
78 960 2 7 84 4 0
78 1179 4 1 88 3 0
78 415 3 8 64 5 0
78 505 1 1 99 3 0
78 599 1 5 49 3 0
79 337 0 5 59 4 0
79 263 0 1 82 4 0
79 621 1 1 61 5 0
79 147 4 0 47 5 0
79 1041 4 6 66 3 0
80 942 0 8 94 4 0
81 163 4 3 69 4 0
81 1037 2 6 18 5 0
81 615 2 9 38 3 0
81 830 4 0 84 3 0
81 845 2 4 69 5 0
82 479 1 8 25 3 0
82 1087 2 8 26 3 0
82 883 2 7 99 4 0
82 889 0 7 2 5 0
82 1156 0 9 23 5 0
83 809 3 9 1 4 0
83 831 0 2 28 4 0
83 935 4 4 78 3 0
84 120 2 7 1 4 0
84 3 4 0 3 3 0
84 180 1 4 100 3 0
84 575 2 5 12 5 0
84 859 2 9 31 4 0
84 962 4 1 61 4 0
85 851 3 5 24 3 0
85 46 4 4 29 4 0
85 1198 2 8 31 3 0
85 1165 4 4 3 4 0
85 1034 4 8 29 5 0
85 1199 2 2 87 3 0
85 635 0 3 14 5 0
85 1199 4 6 26 4 0
85 242 0 9 60 3 0
86 180 4 5 61 4 0
86 962 2 9 4 5 0
86 157 2 4 74 4 0
86 942 1 6 29 4 0
87 860 1 7 61 4 0
87 398 1 0 48 3 0
87 793 0 3 62 3 0
87 472 4 6 35 3 0
88 775 4 0 9 5 0
88 956 4 1 84 4 0
88 770 3 6 37 4 0
88 718 2 0 69 3 0
89 182 2 0 49 4 0
89 704 4 4 6 4 0
89 569 3 4 59 4 0
90 1173 3 2 63 5 0
90 803 2 5 15 5 0
90 89 0 1 22 3 0
90 693 2 9 35 5 0
90 205 0 0 16 3 0
91 1110 1 2 72 4 0
91 444 4 6 14 3 0
91 1084 2 6 50 5 0
91 1177 3 2 18 3 0
91 1163 1 3 93 5 0
91 1022 3 0 44 4 0
92 936 4 8 44 4 0
92 229 0 0 23 4 0
92 1059 4 1 92 5 0
93 392 4 2 16 4 0
93 747 1 1 73 5 0
93 285 1 3 39 4 0
93 1 0 0 72 4 0
94 356 3 8 20 4 0
94 815 4 9 81 3 0
94 935 4 3 75 4 0
94 449 0 1 63 3 0
95 447 3 6 30 3 0
95 388 1 0 97 3 0
96 246 2 7 89 3 0
97 11 3 3 75 4 0
97 69 2 1 88 5 0
97 826 2 2 76 5 0
97 962 3 5 69 3 0
97 586 4 9 63 3 0
98 685 3 7 57 5 0
98 904 2 8 35 5 0
99 128 3 0 69 4 0
99 399 1 4 70 3 0
99 1161 2 6 43 3 0
99 1024 4 9 78 4 0
99 1052 3 6 13 3 0
99 593 0 3 52 5 0
100 1020 4 0 82 3 0
100 4 2 0 5 3 0
100 1130 0 6 59 3 0
100 72 0 1 18 5 0
100 1168 2 3 52 5 0
100 528 1 7 82 3 0
101 854 1 4 63 5 0
101 807 4 7 53 5 0
102 243 2 5 2 5 0
102 429 2 2 40 5 0
102 380 1 2 1 3 0
102 543 1 9 48 3 0
102 298 3 5 3 3 0
102 1044 1 9 16 3 0
102 566 3 3 61 4 0
102 602 3 9 50 3 0
103 588 1 6 88 5 0
103 307 1 2 27 4 0
103 1093 0 6 66 3 0
103 134 0 2 41 4 0
103 890 3 3 99 5 0
103 60 2 2 89 3 0
103 407 0 2 8 4 0
104 796 0 5 77 3 0
104 470 1 9 83 5 0
104 131 3 2 8 3 0
104 770 3 0 50 5 0
105 1136 3 7 36 5 0
105 964 3 6 27 4 0
105 570 2 1 34 3 0
105 285 3 9 87 4 0
106 469 2 2 12 5 0
106 595 2 4 5 4 0
106 79 2 2 24 5 0
106 373 4 1 94 4 0
106 541 1 0 15 4 0
106 918 4 6 29 5 0
106 280 0 4 4 5 0
106 548 0 0 6 4 0
106 265 4 6 72 5 0
107 823 0 6 16 5 0
107 398 4 6 70 4 0
107 2 4 0 33 3 0
107 872 3 8 4 3 0
107 1104 4 3 42 3 0
107 543 3 0 65 3 0
107 967 1 6 43 5 0
107 568 2 7 44 4 0
108 454 3 5 6 3 0
108 614 4 3 57 4 0
108 513 0 5 2 4 0
108 256 1 9 99 5 0
108 44 3 9 97 4 0
108 886 1 2 100 4 0
108 57 0 8 95 4 0
108 555 0 4 30 3 0
109 960 1 3 10 5 0
109 858 2 2 8 5 0
110 846 2 1 15 3 0
110 423 1 0 66 3 0
110 859 0 5 84 3 0
110 568 0 9 23 5 0
110 820 2 1 78 5 0
111 711 0 8 88 4 0
111 1000 2 9 56 4 0
111 1144 3 7 86 5 0
111 379 0 5 10 3 0
111 49 0 1 87 5 0
111 1076 1 5 83 4 0
111 543 2 8 68 5 0
112 834 1 7 77 3 0
112 78 4 6 79 3 0
112 893 1 0 19 4 0
112 94 2 7 1 3 0
112 429 4 2 37 5 0
112 830 2 2 92 5 0
113 476 2 5 16 4 0
113 721 2 6 45 4 0
113 550 1 0 56 4 0
114 585 3 1 11 3 0
114 604 3 2 37 4 0
114 1092 3 8 29 4 0
114 383 3 1 91 5 0
114 182 2 5 64 3 0
115 195 1 4 88 3 0
115 448 0 5 58 3 0
115 193 2 5 9 3 0
115 715 1 3 40 5 0
115 250 1 9 64 3 0
115 1073 0 1 94 3 0
116 974 1 4 3 3 0
116 933 3 8 20 3 0
116 1033 1 9 77 4 0
117 348 1 4 12 3 0
117 58 1 0 87 5 0
117 424 0 8 19 3 0
117 479 1 0 79 3 0
117 954 3 5 12 5 0
117 575 4 5 36 5 0
118 101 0 3 87 5 0
118 815 3 8 54 3 0
119 747 1 5 37 4 0
119 458 3 0 69 4 0
120 57 2 3 61 4 0
120 70 1 5 79 5 0
120 369 0 4 2 5 0
120 852 1 3 23 3 0
121 879 2 4 11 5 0
121 1137 4 7 89 3 0
122 770 1 1 23 3 0
122 436 0 1 5 5 0
122 955 1 7 70 4 0
122 898 3 9 64 3 0
122 249 0 8 57 4 0
122 196 4 3 35 4 0
123 431 1 1 66 5 0
123 239 2 3 14 3 0
123 116 3 4 42 3 0
123 623 0 9 55 5 0
123 88 0 3 58 5 0
123 286 3 7 97 3 0
123 1108 1 6 24 3 0
124 589 3 1 33 5 0
124 192 4 0 91 3 0
124 772 1 7 2 5 0
124 963 4 8 98 5 0
125 1051 2 8 98 3 0
125 358 0 1 25 3 0
125 1145 1 7 81 3 0
125 536 0 1 16 5 0
125 359 4 0 84 4 0
125 731 0 8 34 3 0
125 647 3 6 39 4 0
126 676 2 2 30 4 0
126 809 2 9 75 4 0
126 714 0 6 87 5 0
126 379 4 9 99 3 0
126 180 3 9 46 4 0
126 640 4 0 22 5 0
127 1185 0 3 28 4 0
127 587 0 4 50 3 0
127 371 0 4 38 5 0
129 946 0 3 77 5 0
129 679 4 4 66 5 0
129 324 4 8 8 3 0
129 422 3 9 46 4 0
129 1189 0 0 24 4 0
129 276 2 6 90 5 0
129 818 4 6 9 5 0
130 159 2 8 75 3 0
130 831 2 1 48 5 0
130 1047 2 3 54 3 0
130 819 2 5 76 4 0
130 470 3 8 90 5 0
130 241 0 0 29 4 0
131 341 0 9 24 4 0
131 269 0 1 46 5 0
131 965 4 0 52 3 0
132 1185 1 7 4 5 0
132 633 1 3 73 4 0
132 288 0 6 91 4 0
132 899 1 4 5 4 0
132 452 2 7 95 3 0
132 328 0 6 88 5 0
133 426 2 1 24 3 0
133 1051 2 1 15 4 0
133 670 1 5 28 5 0
133 62 4 6 69 3 0
133 819 0 0 84 3 0
134 549 4 1 21 5 0
134 815 1 1 76 3 0
134 1146 3 6 29 3 0
134 608 0 5 71 5 0
134 404 3 8 75 3 0
134 497 3 5 86 4 0
134 1182 1 5 62 5 0
135 1061 2 2 36 3 0
135 428 4 4 35 5 0
135 636 1 6 64 3 0
136 1028 3 3 22 4 0
136 839 2 2 47 3 0
136 196 3 9 32 3 0
136 1106 1 9 86 3 0
136 948 3 7 85 3 0
136 140 2 8 83 4 0
136 1119 4 7 53 4 0
136 389 2 9 54 3 0
136 734 2 7 74 3 0
136 547 4 8 60 3 0
136 490 3 8 1 4 0
137 172 2 7 72 5 0
137 265 4 8 91 4 0
137 5 4 6 56 5 0
138 717 3 1 43 3 0
138 268 3 7 7 3 0
139 5 2 9 86 5 0
139 902 2 6 69 5 0
139 431 2 6 60 5 0
139 689 3 8 65 3 0
139 466 0 3 31 5 0
139 478 4 1 55 3 0
140 808 3 6 35 3 0
140 962 1 9 31 3 0
140 1057 2 2 62 4 0
140 526 3 8 84 3 0
140 594 2 0 81 3 0
140 1101 1 7 78 3 0
141 661 3 9 28 5 0
141 497 3 8 24 4 0
141 674 4 7 33 4 0
142 846 0 6 15 4 0
143 525 1 2 2 4 0
143 666 1 1 78 3 0
143 810 0 4 70 5 0
143 1133 3 7 31 4 0
143 55 3 8 18 4 0
143 180 4 9 67 5 0
143 481 3 9 35 5 0
143 404 0 9 6 3 0
143 970 4 1 99 5 0
144 1006 2 2 83 4 0
144 797 4 6 66 4 0
144 344 2 8 9 5 0
144 314 1 9 6 4 0
144 636 4 4 22 4 0
144 41 3 3 95 4 0
144 567 3 6 42 4 0
144 1023 4 8 34 5 0
144 41 4 2 37 5 0
145 117 2 2 11 3 0
145 562 2 1 7 5 0
145 666 1 3 87 3 0
145 583 4 3 22 4 0
146 323 0 1 35 4 0
146 750 1 4 24 5 0
146 724 0 0 40 5 0
146 1133 2 5 74 3 0
146 311 2 9 89 4 0
147 84 1 8 78 3 0
148 470 1 7 64 4 0
148 954 4 9 1 3 0
149 51 2 2 35 5 0
149 491 3 4 42 3 0
150 614 3 6 81 5 0
150 624 3 0 76 3 0
150 722 0 6 16 5 0
150 190 2 2 6 4 0
150 1041 0 5 54 4 0
150 947 4 2 63 3 0
150 471 2 3 11 4 0
151 501 4 2 56 3 0
151 506 0 5 36 3 0
151 1045 1 6 72 5 0
151 426 1 2 55 5 0
151 655 3 5 25 4 0
151 542 0 6 46 4 0
152 1136 2 4 84 5 0
152 290 2 0 61 3 0
152 143 1 2 9 5 0
152 9 2 6 41 3 0
153 913 0 6 13 3 0
154 325 4 7 18 5 0
154 462 0 3 30 4 0
154 207 0 3 75 5 0
154 1083 0 5 86 5 0
155 744 1 1 5 4 0
155 1010 2 8 39 3 0
155 1017 2 4 82 3 0
155 318 2 5 9 3 0
156 157 3 0 74 4 0
156 635 2 6 13 4 0
156 767 3 6 17 3 0
157 73 3 2 59 3 0
157 442 2 5 83 3 0
158 801 4 4 4 5 0
158 965 4 9 3 4 0
158 80 3 1 87 3 0
159 344 3 5 29 4 0
159 104 3 1 81 5 0
159 127 3 9 6 4 0
160 69 2 8 59 4 0
160 496 1 2 64 4 0
160 230 1 5 1 3 0
161 284 4 5 47 4 0
161 641 2 5 11 4 0
161 664 0 6 88 5 0
161 314 3 9 53 3 0
161 371 3 9 34 3 0
162 1039 3 6 71 4 0
162 1133 1 1 22 3 0
162 1158 4 3 44 4 0
162 719 2 3 16 5 0
163 1012 1 6 70 5 0
163 732 0 8 38 5 0
163 194 0 6 89 4 0
163 257 0 6 49 5 0
163 194 0 1 91 3 0
164 1165 2 8 27 3 0
164 1167 0 7 42 3 0
164 1100 2 1 25 3 0
164 622 1 1 71 3 0
164 1100 1 3 92 5 0
164 674 2 1 21 5 0
164 160 4 5 43 5 0
165 991 0 3 84 4 0
165 177 3 5 29 4 0
165 345 4 7 64 5 0
166 1183 3 5 17 4 0
166 316 2 6 89 4 0
166 1182 4 1 76 3 0
166 831 2 0 90 3 0
166 943 2 6 59 3 0
166 115 0 3 61 4 0
167 834 2 2 9 5 0
167 207 2 8 15 4 0
167 482 0 2 31 4 0
167 33 4 1 78 4 0
167 807 2 7 84 5 0
168 72 0 4 90 5 0
168 575 4 4 72 3 0
168 679 1 0 88 5 0
168 255 4 9 80 4 0
169 95 4 6 95 3 0
169 214 3 4 69 4 0
169 320 0 2 63 3 0
169 471 4 2 10 4 0
170 92 0 3 81 3 0
170 317 3 6 1 3 0
170 32 4 1 44 4 0
170 415 4 5 58 4 0
170 906 1 0 89 5 0
170 863 1 1 22 5 0
171 414 3 2 30 5 0
171 1022 2 8 29 3 0
171 374 4 6 36 4 0
171 26 3 7 61 5 0
172 1069 2 0 92 3 0
172 316 2 4 85 4 0
172 887 4 9 94 3 0
172 551 1 9 72 4 0
172 315 3 2 68 3 0
172 620 2 3 20 5 0
172 349 3 3 50 5 0
173 395 3 6 91 4 0
173 837 3 8 99 3 0
173 563 4 6 78 3 0
173 636 0 1 65 3 0
173 713 1 2 48 4 0
174 469 1 9 50 4 0
174 599 0 7 38 3 0
175 492 3 3 73 5 0
175 756 1 4 26 4 0
175 990 1 3 25 5 0
176 525 2 4 60 5 0
176 604 4 9 30 5 0
176 971 0 0 12 3 0
176 422 4 1 63 3 0
176 183 4 3 16 4 0
177 558 1 3 56 3 0
177 1080 4 5 12 4 0
177 29 2 5 8 3 0
177 805 0 3 65 5 0
177 867 2 7 89 4 0
178 476 4 0 77 5 0
178 358 3 4 85 3 0
178 583 2 1 79 5 0
178 1099 2 7 83 3 0
178 510 0 9 92 5 0
180 701 3 5 35 4 0
180 163 0 0 48 5 0
180 408 3 8 8 3 0
181 1198 1 3 63 5 0
181 1012 4 6 84 5 0
181 884 0 3 5 5 0
181 873 2 3 60 4 0
182 399 1 9 25 5 0
182 968 3 1 26 4 0
182 917 3 4 98 4 0
182 648 0 4 75 5 0
183 711 2 8 97 5 0
183 635 0 3 29 4 0
183 1188 3 5 95 4 0
183 231 4 0 7 5 0
184 224 4 4 44 3 0
184 384 1 0 20 5 0
185 981 0 6 28 3 0
185 555 0 8 96 4 0
185 1178 4 2 65 3 0
185 313 3 6 50 3 0
185 563 0 0 34 5 0
186 62 3 8 55 5 0
186 906 3 3 27 5 0
186 593 2 6 16 3 0
186 114 2 9 29 4 0
186 1153 1 8 55 3 0
186 184 1 8 28 3 0
187 327 4 4 48 4 0
187 155 1 0 33 5 0
187 390 0 4 50 4 0
187 255 3 0 9 5 0
187 1167 0 2 60 5 0
188 1193 0 9 63 4 0
188 316 1 2 100 5 0
188 93 1 8 9 5 0
188 609 4 1 31 4 0
188 785 3 5 10 3 0
189 319 1 8 38 3 0
189 21 3 0 12 4 0
189 419 3 0 68 5 0
190 367 1 9 7 3 0
190 677 1 7 22 3 0
190 733 4 2 56 5 0
190 334 4 1 44 5 0
190 423 1 8 78 5 0
191 386 2 3 19 4 0
191 693 0 2 61 3 0
192 720 2 2 21 5 0
192 509 1 0 41 4 0
192 253 3 4 41 3 0
193 729 3 6 15 4 0
193 14 2 2 67 3 0
193 105 0 0 62 5 0
194 368 2 5 30 3 0
195 990 0 9 45 4 0
195 291 1 5 58 4 0
195 386 2 5 95 4 0
195 24 1 1 61 5 0
195 362 0 9 46 3 0
195 872 3 5 36 4 0
196 975 4 5 4 4 0
196 822 0 2 8 5 0
197 581 1 8 70 4 0
197 214 0 5 40 4 0
198 995 4 8 40 5 0
198 740 3 0 38 3 0
199 687 1 6 97 3 0
199 719 4 1 79 3 0
199 56 0 4 85 4 0
200 518 3 5 74 4 0
200 616 1 3 95 3 0
200 259 0 0 84 4 0
200 741 2 6 50 3 0
200 420 4 6 38 5 0
200 403 2 7 90 3 0
200 452 4 7 45 3 0
201 238 2 8 79 4 0
201 841 1 3 94 4 0
201 161 0 8 54 4 0
201 49 0 2 20 4 0
202 463 2 7 43 5 0
202 458 3 9 13 4 0
202 374 2 9 29 3 0
202 856 1 6 74 5 0
202 595 0 3 54 5 0
203 1073 4 3 20 4 0
203 892 4 2 49 4 0
203 944 1 9 90 4 0
203 493 2 5 20 5 0
203 163 0 4 17 5 0
203 721 1 7 41 3 0
204 796 2 7 75 4 0
204 1194 4 2 13 5 0
205 471 3 9 91 5 0
205 777 0 5 12 3 0
205 898 2 7 10 3 0
205 987 1 5 74 4 0
206 25 1 9 58 3 0
206 654 2 1 17 4 0
206 732 1 7 36 3 0
206 980 4 2 2 5 0
207 598 3 3 55 5 0
207 1017 1 8 20 4 0
207 922 3 8 60 4 0
207 664 2 1 24 5 0
207 223 4 3 29 4 0
207 172 0 3 80 3 0
207 545 2 1 15 5 0
207 533 3 4 3 3 0
208 978 3 1 60 5 0
208 453 2 3 58 3 0
208 1131 1 4 17 5 0
208 774 0 8 49 5 0
208 1045 1 7 93 5 0
208 430 3 0 22 5 0
208 565 4 6 49 4 0
209 368 2 9 69 4 0
209 965 0 6 58 5 0
209 705 4 1 60 4 0
209 1073 1 3 15 3 0
210 993 4 2 88 5 0
210 1034 2 0 78 3 0
212 715 4 6 53 3 0
212 902 2 7 88 5 0
212 749 1 3 67 3 0
212 38 2 7 2 5 0
213 429 1 9 19 5 0
214 149 3 0 2 4 0
214 196 4 3 4 4 0
214 684 1 3 74 4 0
214 381 4 2 43 4 0
214 1139 4 0 17 5 0
215 452 2 6 50 4 0
215 30 0 5 35 4 0
215 133 4 6 83 4 0
215 1033 1 9 18 3 0
216 320 4 6 8 4 0
216 321 4 1 14 5 0
217 470 2 9 13 3 0
217 159 2 3 25 3 0
217 334 1 3 12 4 0
217 71 0 8 14 5 0
217 127 1 0 71 4 0
217 176 1 9 13 5 0
218 215 1 0 15 4 0
218 969 3 5 77 4 0
218 313 1 1 95 4 0
218 897 0 6 38 3 0
218 907 0 4 83 5 0
219 806 2 5 75 5 0
219 283 3 0 1 3 0
219 10 2 6 52 5 0
219 540 2 8 92 5 0
219 603 3 2 87 5 0
219 499 1 0 59 5 0
219 640 4 2 88 4 0
220 15 1 3 49 3 0
220 178 1 0 68 5 0
220 136 2 6 61 3 0
220 33 0 1 10 3 0
220 762 1 1 63 3 0
221 282 2 0 93 3 0
221 658 0 9 44 4 0
221 526 2 3 27 3 0
221 451 1 6 81 5 0
221 930 3 8 27 4 0
222 103 2 6 14 4 0
222 261 4 8 53 5 0
222 585 0 6 26 4 0
223 528 3 4 57 5 0
223 1049 3 3 50 5 0
223 729 4 7 26 4 0
223 1022 4 2 3 4 0
223 403 1 9 79 5 0
223 1079 0 8 4 4 0
223 166 0 7 38 5 0
224 830 3 1 71 3 0
224 175 0 2 21 4 0
224 309 2 6 92 5 0
224 1114 3 3 93 5 0
225 514 4 2 70 3 0
225 612 4 7 6 4 0
226 35 2 4 73 3 0
226 81 4 4 78 4 0
226 132 0 6 71 5 0
226 669 1 4 10 4 0
226 171 3 5 48 4 0
226 403 2 4 2 4 0
226 510 3 1 55 4 0
227 1126 4 7 49 3 0
227 842 1 6 53 5 0
227 821 3 2 69 4 0
227 816 2 0 32 4 0
227 123 4 6 24 3 0
227 365 2 6 17 4 0
227 712 0 2 67 3 0
228 224 4 9 61 5 0
228 40 0 6 41 4 0
228 406 2 5 16 3 0
229 76 2 7 85 5 0
229 125 2 9 40 3 0
229 197 4 2 67 3 0
229 249 2 8 43 5 0
229 834 2 2 32 4 0
230 1059 4 6 24 4 0
231 151 1 3 74 3 0
231 647 4 7 42 4 0
231 517 1 9 14 3 0
232 436 3 0 18 3 0
232 335 2 7 16 4 0
232 97 2 3 90 3 0
232 1151 3 0 85 4 0
232 1060 1 8 4 4 0
233 33 2 3 27 5 0
233 310 2 6 22 4 0
233 790 1 8 82 3 0
233 797 1 2 41 5 0
233 991 0 1 10 3 0
234 81 2 0 4 4 0
234 73 0 0 66 5 0
234 609 1 0 63 4 0
235 897 1 2 78 3 0
235 1000 1 2 85 4 0
235 962 1 2 75 3 0
235 594 3 8 82 4 0
236 907 1 5 88 5 0
236 618 0 2 82 3 0
236 277 1 6 31 3 0
236 613 0 8 7 3 0
236 837 4 7 59 5 0
236 430 1 2 37 3 0
236 1142 4 1 22 3 0
236 391 0 9 65 4 0
237 620 1 8 27 5 0
237 851 0 6 76 3 0
237 1023 1 4 95 4 0
237 1145 3 0 59 5 0
237 1075 3 7 71 3 0
237 135 2 6 99 3 0
237 784 0 8 4 3 0
238 330 2 9 30 4 0
238 1152 0 1 14 4 0
238 6 3 7 72 3 0
238 43 1 3 48 5 0
238 487 4 1 9 5 0
239 108 1 6 99 4 0
239 57 3 6 63 3 0
239 39 0 2 23 5 0
240 254 1 7 66 5 0
240 862 4 1 95 4 0
240 228 4 2 12 3 0
240 98 4 3 24 5 0
240 593 0 5 38 3 0
240 1114 2 1 89 5 0
240 255 4 2 47 5 0
241 65 4 5 59 4 0
241 266 3 8 5 4 0
241 668 4 0 69 5 0
241 195 4 0 93 5 0
241 834 2 1 29 3 0
241 218 2 9 54 3 0
242 87 4 9 70 5 0
242 912 2 7 25 3 0
242 77 1 6 84 5 0
242 648 2 3 49 5 0
242 320 3 5 59 3 0
242 821 0 8 97 4 0
242 597 0 0 72 4 0
242 303 2 5 72 4 0
242 1085 0 0 89 3 0
242 1031 0 5 37 4 0
242 615 3 0 73 5 0
242 824 0 9 76 3 0
243 669 2 9 9 5 0
243 1051 0 2 6 3 0
244 133 3 1 56 3 0
244 37 0 6 32 4 0
244 1086 4 0 63 5 0
244 626 1 1 38 5 0
245 808 1 9 79 4 0
245 946 1 5 88 5 0
245 379 4 9 20 4 0
245 254 4 5 53 5 0
245 284 3 9 5 3 0
245 34 2 9 9 5 0
245 331 0 0 66 5 0
245 510 4 8 5 4 0
246 115 4 8 24 5 0
247 140 2 1 16 5 0
247 445 0 4 51 5 0
247 401 4 7 30 5 0
247 245 3 4 40 4 0
247 757 1 9 73 3 0
248 411 2 9 23 5 0
248 81 4 7 43 5 0
248 388 0 0 54 3 0
248 909 4 9 12 5 0
248 262 4 9 85 3 0
248 506 4 0 96 3 0
249 1003 2 5 74 5 0
249 668 0 5 76 4 0
250 840 0 6 33 5 0
250 189 0 2 11 3 0
250 428 3 2 44 5 0
250 440 2 4 17 5 0
250 155 2 4 33 4 0
251 53 2 8 94 5 0
251 792 2 1 94 5 0
251 221 2 1 48 5 0
252 531 4 3 98 5 0
252 1108 3 6 1 4 0
252 583 1 9 44 4 0
252 298 4 4 16 4 0
252 835 2 3 71 4 0
253 738 4 7 35 4 0
253 195 4 4 26 3 0
253 550 0 1 67 5 0
254 743 3 7 69 4 0
254 1161 1 8 41 3 0
254 752 3 3 14 3 0
254 575 0 4 67 3 0
255 1163 3 0 42 3 0
255 543 1 0 4 5 0
255 1092 3 5 85 3 0
255 27 3 7 85 5 0
255 296 1 2 81 3 0
255 754 1 3 29 4 0
256 695 1 7 31 5 0
256 935 1 0 57 5 0
256 41 4 1 28 3 0
256 614 4 4 7 4 0
257 714 0 3 47 3 0
257 508 1 9 43 3 0
258 506 3 9 28 5 0
258 667 1 0 68 4 0
258 676 3 1 83 3 0
258 119 4 6 4 4 0
258 914 1 4 3 3 0
259 584 1 3 80 3 0
259 1167 4 9 5 5 0
259 432 3 3 51 5 0
260 1090 0 7 75 5 0
260 69 1 9 67 3 0
260 829 2 0 8 4 0
260 980 3 0 30 4 0
261 1168 3 1 8 3 0
262 871 4 3 70 3 0
262 174 3 5 11 3 0
263 1119 1 7 58 3 0
263 600 2 0 5 3 0
264 74 1 4 17 5 0
264 412 1 5 93 5 0
264 70 1 2 21 3 0
264 1150 0 6 62 5 0
264 580 0 1 29 4 0
264 600 4 9 33 5 0
264 914 3 5 62 3 0
265 964 1 5 43 4 0
265 822 2 2 6 5 0
266 1170 1 9 5 4 0
266 451 0 7 37 4 0
266 289 0 3 49 4 0
266 790 3 3 80 4 0
267 642 1 9 41 5 0
267 999 3 4 22 5 0
267 915 0 7 85 3 0
267 50 4 3 13 3 0
268 70 0 0 13 3 0
268 296 1 4 24 4 0
269 1041 0 8 22 4 0
269 36 0 6 73 4 0
269 743 4 4 91 4 0
269 457 1 8 53 5 0
269 941 0 5 28 3 0
269 837 1 0 11 3 0
269 329 2 1 46 4 0
270 562 0 0 39 3 0
270 1003 1 6 19 3 0
270 514 0 5 42 4 0
270 1042 2 5 28 4 0
270 1180 4 7 13 3 0
270 943 0 3 62 4 0
270 1055 3 8 56 4 0
270 790 0 8 12 3 0
271 1155 1 9 30 5 0
271 861 1 3 11 5 0
271 638 0 2 68 4 0
271 693 1 4 31 5 0
272 682 0 5 66 4 0
272 883 0 4 99 4 0
272 565 1 9 68 4 0
273 1055 3 3 29 4 0
273 1172 0 5 92 3 0
273 147 2 3 60 3 0
274 494 0 7 57 4 0
274 404 1 3 46 3 0
274 1197 4 9 34 4 0
274 576 3 0 56 3 0
274 674 3 8 22 4 0
275 13 3 4 92 3 0
275 671 2 7 15 5 0
275 551 2 6 77 3 0
275 810 4 7 47 5 0
276 469 2 2 84 3 0
276 251 3 4 16 4 0
276 914 0 7 96 5 0
276 226 0 3 91 3 0
276 733 4 3 37 5 0
277 800 1 6 58 5 0
277 638 0 2 13 4 0
277 233 4 0 24 5 0
278 194 0 1 71 5 0
278 386 4 8 92 4 0
279 106 2 6 11 3 0
279 113 0 1 54 5 0
279 216 4 8 59 3 0
279 1057 4 1 58 4 0
279 20 3 1 36 5 0
279 572 2 9 90 5 0
279 551 2 5 95 5 0
279 401 4 5 44 3 0
279 171 1 9 70 5 0
279 447 0 1 58 3 0
280 22 4 1 84 4 0
280 729 1 0 71 4 0
280 485 3 9 55 4 0
280 248 1 3 47 3 0
280 455 2 1 19 4 0
280 237 0 9 93 4 0
280 852 3 5 33 5 0
281 385 2 6 73 5 0
281 1080 0 7 86 3 0
281 908 1 0 32 5 0
281 615 1 6 32 3 0
281 647 2 3 62 3 0
282 964 1 2 36 3 0
282 839 0 0 73 4 0
283 1188 2 3 8 4 0
283 1165 3 6 22 3 0
283 642 2 5 5 5 0
283 268 2 0 49 4 0
284 346 4 5 98 4 0
284 289 0 2 86 3 0
284 1074 0 2 97 3 0
284 341 0 3 51 3 0
284 316 2 1 37 5 0
285 724 3 9 61 3 0
285 937 1 5 98 5 0
285 109 3 4 4 5 0
285 1174 1 6 91 5 0
285 585 1 7 64 5 0
285 610 1 8 82 4 0
286 964 0 0 18 4 0
286 1182 1 4 66 3 0
286 82 4 8 26 3 0
286 676 0 8 62 4 0
286 1148 4 6 28 3 0
286 43 2 7 44 3 0
287 262 2 7 29 4 0
287 453 2 7 55 5 0
288 603 0 1 31 5 0
288 921 2 0 51 4 0
288 864 4 3 76 3 0
289 668 3 4 28 3 0
289 877 3 9 1 5 0
289 347 3 8 87 4 0
289 963 0 4 4 4 0
289 845 4 1 81 3 0
289 138 4 4 7 4 0
290 489 0 1 5 3 0
290 801 4 3 64 3 0
290 424 0 8 8 3 0
291 194 1 4 95 3 0
291 795 0 1 87 5 0
291 706 0 7 13 5 0
291 871 1 3 8 3 0
291 365 3 2 12 5 0
292 1049 3 7 6 5 0
292 1174 0 3 10 3 0
292 61 4 2 13 5 0
293 94 2 6 24 3 0
293 1031 1 7 75 4 0
293 196 0 8 49 3 0
293 797 4 2 41 4 0
293 31 2 2 98 3 0
293 988 2 2 66 4 0
294 144 2 4 81 4 0
294 432 4 7 69 4 0
294 397 4 3 14 3 0
294 494 1 3 39 5 0
294 759 4 9 7 4 0
294 958 4 4 37 3 0
295 560 0 0 95 3 0
295 751 1 1 54 4 0
295 5 4 9 77 4 0
296 570 2 1 14 5 0
296 225 0 1 34 5 0
296 373 0 3 48 3 0
296 327 2 6 23 3 0
297 290 2 8 9 5 0
297 947 1 2 31 5 0
297 803 3 5 57 3 0
298 719 4 6 12 4 0
298 965 1 0 33 4 0
298 470 0 5 56 5 0
298 1012 3 3 95 4 0
298 915 1 1 9 3 0
299 7 3 9 48 4 0
299 830 1 5 4 3 0
299 936 3 9 92 4 0
299 1190 1 7 24 4 0
299 733 4 1 82 3 0
299 583 2 4 13 5 0
300 1078 0 4 60 3 0
300 772 3 0 10 3 0
300 47 4 0 30 3 0
300 559 4 7 42 5 0
300 20 4 8 89 4 0
301 497 0 8 74 5 0
301 755 3 6 4 3 0
301 531 4 1 42 4 0
301 267 2 3 52 3 0
301 461 0 8 82 3 0
301 847 3 8 73 5 0
302 1004 0 5 33 4 0
302 912 1 4 6 4 0
303 377 3 4 80 4 0
303 387 2 5 83 5 0
303 767 1 2 73 4 0
303 482 4 4 42 4 0
304 368 4 3 88 5 0
304 384 4 1 90 3 0
304 1006 0 5 91 3 0
304 263 0 6 92 5 0
305 652 3 6 16 3 0
305 85 0 4 61 3 0
305 455 4 9 57 4 0
305 652 2 7 18 4 0
306 1068 2 5 77 3 0
306 779 1 2 66 4 0
306 642 4 9 5 3 0
307 254 4 0 9 3 0
307 1064 3 2 27 4 0
308 267 2 3 92 4 0
308 1198 3 1 64 3 0
308 504 0 4 68 5 0
308 653 2 4 87 3 0
309 942 3 4 80 4 0
309 1112 0 9 5 3 0
309 86 2 3 44 3 0
309 38 1 7 9 4 0
310 144 1 0 46 4 0
310 451 3 4 67 5 0
310 96 2 5 1 3 0
310 612 3 0 56 5 0
310 51 4 5 39 5 0
310 895 0 6 80 5 0
310 709 2 6 49 5 0
311 1142 1 6 5 4 0
311 458 2 2 77 4 0
311 964 1 3 13 3 0
311 872 1 8 20 4 0
311 724 1 7 26 4 0
312 986 2 6 29 5 0
312 175 2 3 91 4 0
312 316 1 2 95 4 0
312 219 2 9 74 5 0
312 405 0 4 73 5 0
313 1081 4 5 63 3 0
313 275 1 2 97 4 0
313 1188 3 1 95 3 0
314 510 4 2 31 3 0
314 926 4 8 36 3 0
314 94 1 2 95 3 0
314 672 2 5 9 4 0
315 612 4 2 60 4 0
315 875 1 8 6 5 0
315 837 0 0 78 4 0
315 259 1 5 84 4 0
315 297 2 1 57 3 0
315 397 2 9 35 4 0
315 1188 4 1 13 3 0
315 1014 3 6 76 3 0
315 591 2 5 23 5 0
315 378 4 2 96 3 0
316 308 3 4 18 3 0
316 675 2 9 17 3 0
317 931 0 1 33 4 0
317 878 1 0 7 5 0
317 927 3 8 90 4 0
318 211 4 9 61 4 0
318 993 1 5 58 3 0
318 1119 1 8 48 5 0
318 259 4 7 40 5 0
318 441 2 0 40 5 0
318 1143 3 8 90 4 0
318 793 0 9 85 5 0
318 1052 4 5 48 5 0
319 554 2 1 25 5 0
319 205 3 0 60 4 0
319 378 3 8 62 4 0
319 72 0 2 81 4 0
320 189 0 7 51 4 0
320 726 4 1 49 3 0
321 1104 4 4 100 5 0
321 902 4 2 61 3 0
321 244 1 0 28 5 0
321 735 1 7 82 4 0
321 911 3 1 72 5 0
321 873 2 4 30 3 0
322 1016 2 5 98 4 0
322 854 4 4 33 4 0
322 695 2 3 90 5 0
322 282 1 8 9 3 0
322 440 1 4 99 3 0
322 376 3 1 63 5 0
323 313 4 0 16 3 0
323 453 2 6 99 3 0
323 469 1 9 48 5 0
323 959 1 2 80 3 0
323 601 0 1 39 4 0
324 756 0 4 98 3 0
324 194 4 7 9 4 0
324 70 1 3 57 4 0
324 635 0 9 7 3 0
324 233 2 1 48 3 0
325 57 1 2 34 3 0
326 590 1 7 40 5 0
327 439 3 6 36 3 0
327 611 0 5 59 3 0
327 545 3 6 17 3 0
327 1068 0 9 87 5 0
327 173 3 1 59 5 0
328 409 4 1 11 4 0
328 301 2 2 64 3 0
328 794 0 3 77 5 0
328 68 4 0 81 3 0
328 1026 4 5 21 3 0
329 558 4 3 94 3 0
330 1101 2 8 41 5 0
330 385 4 6 37 5 0
331 610 3 5 12 4 0
331 883 0 6 43 4 0
331 210 0 5 89 5 0
331 329 1 6 8 5 0
331 320 0 3 39 5 0
332 1178 0 0 27 5 0
332 499 1 5 59 5 0
332 638 2 1 6 3 0
332 789 1 6 7 5 0
332 271 1 0 99 5 0
332 128 1 1 95 5 0
332 853 2 1 40 4 0
332 419 1 6 58 5 0
333 876 2 7 42 4 0
333 268 0 1 41 3 0
333 369 3 3 59 3 0
333 505 2 6 8 4 0
334 8 3 8 76 5 0
334 93 4 1 11 5 0
334 1045 4 8 59 4 0
334 88 0 2 40 4 0
334 408 1 4 67 3 0
335 321 3 9 85 5 0
335 450 4 6 50 3 0
336 578 0 3 4 4 0
336 158 1 5 53 4 0
336 279 3 5 37 5 0
336 775 2 3 31 5 0
336 956 0 4 35 4 0
336 1057 4 7 49 3 0
337 276 2 4 95 4 0
337 198 3 8 75 3 0
338 454 3 9 50 4 0
338 128 0 5 81 3 0
338 554 4 2 33 5 0
338 353 3 8 32 5 0
338 918 4 1 18 4 0
338 671 4 6 33 4 0
339 676 4 0 59 3 0
339 261 4 8 77 3 0
339 316 3 6 86 5 0
340 1015 2 6 12 3 0
340 528 4 2 85 5 0
341 591 1 6 73 4 0
341 281 2 8 46 3 0
341 875 2 1 78 5 0
341 7 3 3 77 5 0
341 771 2 6 61 3 0
342 1007 1 2 79 3 0
342 961 3 6 95 4 0
342 261 0 7 92 5 0
342 486 4 2 88 5 0
342 1006 1 1 6 4 0
342 263 1 7 1 3 0
342 41 0 0 36 4 0
342 260 3 9 64 5 0
342 549 0 5 30 3 0
342 225 1 5 9 4 0
343 347 4 7 62 4 0
343 1018 2 5 26 3 0
344 646 4 3 37 5 0
344 838 3 7 77 4 0
344 210 3 7 100 5 0
344 1161 4 3 8 3 0
344 1102 4 3 14 4 0
345 1175 3 1 97 5 0
345 441 0 2 4 3 0
345 677 1 5 74 5 0
345 583 0 6 62 4 0
345 981 2 1 89 5 0
346 1150 2 5 8 3 0
346 510 4 2 63 4 0
346 73 3 7 65 3 0
346 612 2 7 7 3 0
347 434 3 8 82 3 0
347 533 2 1 21 3 0
347 644 1 7 43 5 0
347 1105 4 9 73 5 0
347 488 0 2 66 5 0
347 429 4 9 86 3 0
348 44 0 5 4 3 0
348 225 2 0 24 3 0
348 790 4 4 39 3 0
348 1059 2 8 74 3 0
348 583 4 6 9 3 0
348 260 3 4 32 5 0
348 661 0 7 2 5 0
349 905 2 2 25 3 0
349 681 4 9 96 5 0
349 982 4 7 28 5 0
349 909 1 8 55 4 0
349 860 1 0 5 4 0
349 370 2 0 50 5 0
350 468 2 9 83 5 0
350 759 2 2 41 4 0
350 316 3 4 90 4 0
350 216 4 4 48 3 0
351 893 3 1 45 4 0
351 480 1 8 19 3 0
351 979 4 2 25 5 0
351 591 0 9 4 3 0
352 291 0 0 25 4 0
352 437 1 9 90 5 0
352 1095 2 7 63 3 0
352 341 3 7 75 4 0
353 71 1 8 91 5 0
353 990 0 1 10 5 0
353 380 1 7 81 5 0
354 402 1 3 22 5 0
354 595 1 1 75 5 0
354 617 3 5 31 3 0
354 495 4 5 20 4 0
354 374 3 9 90 3 0
354 934 1 6 48 3 0
355 463 0 0 86 5 0
355 1028 2 3 86 5 0
356 939 0 1 72 4 0
356 570 1 0 76 5 0
356 389 2 2 34 3 0
357 445 3 0 54 5 0
357 540 2 9 79 3 0
357 308 4 2 32 5 0
357 428 0 6 56 5 0
358 738 0 4 20 5 0
358 971 0 3 33 4 0
359 915 0 5 14 4 0
359 152 2 7 30 3 0
359 219 4 0 54 5 0
359 95 4 8 48 4 0
359 1158 1 9 68 4 0
359 570 1 7 60 4 0
360 168 1 6 49 3 0
360 607 0 8 21 3 0
360 809 3 2 48 5 0
360 464 1 8 17 3 0
360 109 3 5 70 3 0
361 451 0 9 17 5 0
361 608 4 5 85 4 0
362 335 2 3 36 3 0
362 1107 0 9 75 4 0
362 240 4 3 1 3 0
363 539 2 1 23 4 0
363 163 4 8 47 4 0
363 350 3 8 4 3 0
364 65 2 1 51 4 0
364 230 1 3 87 5 0
364 476 0 2 89 3 0
364 1094 3 4 89 5 0
365 412 3 4 51 3 0
365 922 2 0 50 5 0
365 496 4 7 39 3 0
365 972 1 2 84 3 0
366 217 0 8 44 4 0
366 526 0 3 27 3 0
366 407 0 9 41 5 0
366 526 4 2 84 3 0
366 628 0 8 88 5 0
366 246 4 5 67 5 0
367 629 4 8 41 3 0
367 654 0 2 70 4 0
367 945 2 2 35 5 0
368 385 3 0 6 3 0
368 756 2 8 90 5 0
368 1198 1 4 53 5 0
368 752 3 1 70 4 0
369 1133 3 5 14 4 0
369 891 0 5 35 4 0
369 421 0 6 48 4 0
369 547 0 5 13 4 0
369 966 4 4 62 5 0
369 1138 0 6 31 3 0
369 583 1 6 13 4 0
369 331 4 5 12 4 0
370 159 2 1 93 4 0
370 588 0 8 42 4 0
370 1039 0 2 87 3 0
370 521 4 6 35 5 0
370 121 4 1 100 3 0
371 852 4 6 31 3 0
371 870 4 9 44 5 0
372 320 4 5 25 4 0
372 493 0 8 70 5 0
372 409 3 1 53 4 0
372 497 2 2 45 4 0
372 906 4 7 3 3 0
373 880 0 1 95 4 0
373 1084 3 4 11 5 0
373 715 2 7 25 4 0
373 39 1 7 29 5 0
374 893 4 5 23 3 0
374 519 2 4 86 4 0
374 200 2 7 97 3 0
374 329 0 0 8 5 0
374 235 0 7 22 5 0
374 102 0 8 10 5 0
375 1047 3 6 26 4 0
375 830 3 6 6 3 0
376 877 3 3 7 3 0
376 784 4 9 56 3 0
376 950 0 5 22 4 0
377 643 1 5 26 4 0
377 1106 4 0 1 5 0
377 609 2 9 28 3 0
378 642 0 0 61 5 0
379 826 1 2 62 5 0
379 325 0 1 32 4 0
379 463 1 1 56 3 0
379 722 1 7 52 4 0
380 320 1 3 75 3 0
380 1136 3 2 94 4 0
380 850 1 8 10 3 0
381 115 1 0 32 3 0
381 222 2 8 92 5 0
382 133 2 7 68 4 0
382 981 1 2 95 4 0
382 297 0 3 63 4 0
383 952 1 6 95 5 0
383 652 4 7 29 3 0
383 741 3 1 37 3 0
383 768 2 9 45 4 0
383 704 4 3 36 4 0
383 476 4 7 28 3 0
383 766 3 6 52 4 0
383 819 3 1 56 4 0
384 1158 3 2 87 5 0
384 654 2 5 77 4 0
384 775 0 4 47 4 0
384 480 1 4 71 3 0
385 433 0 4 35 4 0
385 739 3 3 60 4 0
385 82 4 9 95 5 0
385 907 2 1 67 3 0
386 825 1 6 23 4 0
386 41 4 8 67 3 0
386 512 4 1 82 5 0
386 832 1 6 95 5 0
386 1028 2 1 72 5 0
386 112 0 3 51 4 0
386 1115 1 2 52 3 0
386 267 2 2 30 5 0
386 471 0 5 13 3 0
387 296 3 5 91 3 0
387 75 1 4 67 3 0
387 466 1 8 26 4 0
387 307 1 9 93 4 0
387 1049 0 4 73 5 0
387 588 1 1 71 4 0
388 163 2 2 96 5 0
388 76 4 9 96 5 0
388 279 2 7 17 4 0
388 822 0 0 54 3 0
389 307 1 9 87 5 0
389 25 3 7 84 3 0
389 331 3 3 77 4 0
390 1161 3 2 7 3 0
390 13 2 5 64 4 0
390 771 2 4 30 5 0
391 484 3 2 71 4 0
391 418 4 9 50 3 0
391 263 4 5 90 5 0
391 307 4 0 61 5 0
392 511 2 9 84 3 0
392 279 2 9 66 3 0
393 676 0 0 88 4 0
393 101 1 7 25 4 0
393 619 2 4 71 3 0
393 586 1 0 6 4 0
394 1021 1 9 18 4 0
395 15 1 3 85 4 0
395 161 0 5 32 5 0
396 834 0 9 41 4 0
396 155 4 6 76 5 0
396 322 0 7 44 3 0
396 1049 2 7 22 3 0
396 1100 1 6 28 3 0
396 946 0 1 30 5 0
396 409 3 4 17 4 0
396 442 1 2 100 4 0
396 173 1 0 32 3 0
397 1153 4 5 26 3 0
397 856 3 8 54 3 0
397 131 3 5 53 3 0
397 1117 4 7 8 5 0
397 772 3 0 15 3 0
397 949 2 8 99 3 0
398 464 0 0 69 3 0
398 743 0 8 90 3 0
398 904 0 3 62 4 0
399 731 2 2 64 3 0
399 1012 3 9 26 5 0
399 973 4 3 27 3 0
399 344 3 6 55 3 0
400 282 0 0 20 4 0
401 699 1 4 10 4 0
401 815 1 7 49 3 0
402 537 0 0 61 5 0
402 145 4 7 1 4 0
402 263 4 0 78 4 0
402 85 3 1 22 4 0
403 1130 3 7 67 5 0
403 954 0 3 48 3 0
403 108 4 2 61 5 0
404 1105 3 6 8 3 0
404 773 0 9 96 4 0
404 999 4 0 15 3 0
404 108 4 2 36 5 0
405 311 1 8 88 3 0
405 41 3 7 95 3 0
405 796 1 3 48 5 0
405 497 3 0 86 4 0
405 412 1 4 23 3 0
405 55 3 3 13 3 0
405 400 3 6 98 5 0
406 7 0 4 89 4 0
406 643 4 7 85 5 0
406 990 2 4 37 3 0
406 118 3 5 57 3 0
407 258 3 3 14 4 0
407 372 2 9 93 4 0
408 90 0 0 98 5 0
408 958 3 8 40 3 0
408 437 0 0 63 3 0
409 355 3 1 41 4 0
409 1005 3 5 2 3 0
409 563 0 2 87 3 0
409 38 0 3 36 4 0
409 180 2 2 17 5 0
410 453 3 7 34 5 0
410 941 1 0 72 4 0
410 748 2 0 50 5 0
411 13 1 9 7 5 0
411 338 3 1 29 3 0
412 1189 4 5 62 4 0
412 691 1 3 6 4 0
412 818 4 6 67 3 0
413 108 2 7 23 5 0
413 748 4 7 90 4 0
413 548 2 8 47 5 0
413 972 0 0 79 5 0
413 736 2 2 56 3 0
414 586 2 2 29 3 0
414 729 3 5 91 4 0
414 212 3 4 7 5 0
415 189 2 6 83 4 0
415 1019 1 1 56 3 0
415 735 1 4 14 3 0
415 1179 0 1 74 4 0
415 922 2 3 62 4 0
415 548 3 4 37 4 0
415 915 3 1 27 4 0
416 1114 0 1 19 3 0
416 94 3 7 15 3 0
416 825 1 2 59 3 0
416 269 0 0 85 4 0
417 999 2 5 15 5 0
417 357 3 6 55 5 0
418 1062 2 4 10 4 0
418 527 0 4 79 4 0
419 884 2 8 34 3 0
419 356 0 1 61 5 0
419 831 1 0 18 5 0
419 526 0 7 72 3 0
420 25 1 5 20 3 0
421 418 1 2 33 5 0
421 1143 3 8 61 3 0
421 775 4 8 82 3 0
422 876 3 5 16 3 0
422 907 1 6 3 3 0
423 267 3 7 24 3 0
423 312 4 2 83 5 0
423 297 1 3 25 4 0
423 1157 4 1 84 5 0
423 319 1 1 51 4 0
423 584 2 8 95 3 0
424 203 0 8 64 4 0
425 127 3 2 32 4 0
425 1042 4 2 13 5 0
425 143 4 3 65 5 0
425 898 0 8 24 3 0
426 637 0 2 24 5 0
427 695 2 1 48 5 0
427 1018 1 5 58 4 0
427 736 2 4 78 4 0
428 31 2 5 42 4 0
428 810 1 1 66 5 0
428 595 0 4 73 4 0
428 340 4 7 88 5 0
428 393 0 9 94 3 0
428 193 4 0 60 3 0
428 920 4 6 42 3 0
428 251 3 5 23 5 0
428 943 2 5 52 5 0
429 817 0 0 90 5 0
429 1123 3 5 68 5 0
430 440 3 6 25 5 0
430 722 0 8 54 4 0
430 615 3 6 33 3 0
430 543 0 1 98 5 0
430 1011 1 5 79 4 0
430 909 2 1 92 4 0
430 904 4 9 49 4 0
431 1185 3 5 35 4 0
431 1052 2 2 93 5 0
431 595 3 5 63 4 0
431 705 3 2 70 5 0
432 624 2 7 50 5 0
432 573 3 5 10 3 0
432 515 3 4 44 5 0
432 873 2 3 61 4 0
432 1125 1 1 66 3 0
432 57 0 1 86 3 0
432 1158 1 4 82 3 0
433 13 2 2 72 3 0
433 817 2 1 86 5 0
433 643 4 5 78 5 0
433 277 2 5 45 5 0
434 142 4 9 76 5 0
434 673 1 4 72 5 0
434 579 4 6 25 5 0
434 147 4 1 68 3 0
434 479 0 3 26 4 0
434 926 2 9 13 5 0
434 34 1 6 86 3 0
435 404 1 5 45 4 0
435 1046 4 1 46 4 0
435 1135 2 8 40 5 0
436 751 0 9 89 5 0
436 1146 2 1 34 4 0
436 230 4 7 5 3 0
436 872 2 8 70 5 0
437 671 0 8 3 5 0
437 827 1 5 2 3 0
437 556 4 0 22 3 0
437 299 0 2 67 3 0
437 213 3 2 24 4 0
438 534 4 7 75 4 0
438 1098 1 9 27 3 0
438 966 0 6 91 5 0
438 764 1 3 59 3 0
438 119 0 8 54 4 0
438 731 3 7 3 4 0
439 542 1 1 50 3 0
439 757 3 5 96 5 0
440 938 1 6 3 4 0
440 963 1 8 49 5 0
441 992 1 7 77 5 0
441 510 1 9 89 3 0
441 839 3 4 11 4 0
441 230 2 8 81 4 0
442 1126 1 5 50 5 0
442 1053 3 0 11 5 0
442 522 4 4 97 3 0
442 418 4 8 92 4 0
442 1180 1 8 6 4 0
442 214 0 3 63 4 0
442 1090 0 5 78 3 0
442 850 4 3 48 3 0
443 1041 3 4 67 5 0
443 28 1 8 5 3 0
443 610 3 1 66 5 0
443 515 0 2 55 5 0
443 316 4 9 82 3 0
443 876 4 5 66 3 0
444 231 0 6 85 3 0
444 581 2 6 89 3 0
444 480 2 5 14 5 0
444 394 3 2 99 5 0
445 967 1 4 37 4 0
445 1074 0 0 32 4 0
445 1130 1 8 99 5 0
445 431 1 1 35 3 0
446 946 0 2 91 4 0
446 531 1 5 100 4 0
446 557 1 5 68 3 0
447 26 4 1 58 3 0
447 876 0 1 79 3 0
447 947 1 6 95 4 0
447 1125 3 3 56 4 0
447 497 3 2 80 4 0
447 1049 0 0 20 5 0
447 1193 2 0 30 4 0
448 679 3 2 58 3 0
448 983 3 4 44 4 0
448 139 2 6 67 5 0
448 525 0 3 70 3 0
448 1158 1 5 19 3 0
448 1123 4 9 11 3 0
448 357 3 4 3 4 0
449 482 0 2 16 3 0
449 109 3 7 84 4 0
449 999 4 7 57 5 0
449 417 1 9 44 3 0
450 1151 0 0 18 4 0
450 953 4 1 83 3 0
450 203 0 4 66 5 0
451 201 2 5 47 4 0
451 190 2 5 40 4 0
451 233 3 4 13 4 0
451 898 2 1 86 3 0
451 376 4 9 60 4 0
451 652 2 5 43 5 0
452 997 3 1 97 4 0
452 366 3 5 55 3 0
452 958 0 5 73 5 0
452 94 3 9 61 5 0
453 844 2 8 38 5 0
453 101 0 2 93 3 0
453 249 3 4 32 3 0
454 912 0 9 43 5 0
454 811 4 4 31 3 0
454 1130 2 1 35 5 0
454 854 0 3 55 5 0
454 172 0 9 25 5 0
455 169 2 7 46 4 0
456 221 1 3 77 5 0
456 1116 2 3 89 3 0
456 210 0 6 28 3 0
457 948 1 6 62 4 0
457 524 1 1 17 3 0
457 326 3 3 86 3 0
457 657 3 8 21 4 0
457 601 1 5 47 4 0
457 473 2 4 71 5 0
458 506 0 3 69 4 0
458 458 1 9 66 3 0
458 822 1 6 75 5 0
458 629 3 5 73 3 0
458 1147 2 7 30 3 0
458 115 2 3 66 5 0
459 400 3 4 23 4 0
459 583 3 4 65 3 0
459 960 1 1 100 4 0
459 832 2 6 55 5 0
460 263 0 1 1 5 0
460 524 1 0 44 3 0
460 20 4 5 8 5 0
460 164 3 3 40 5 0
460 747 3 0 79 4 0
461 741 3 8 65 5 0
461 683 1 3 75 4 0
462 198 0 2 28 3 0
462 709 0 9 34 4 0
463 857 2 8 66 3 0
464 1164 0 3 61 4 0
464 1149 4 2 40 5 0
464 543 4 5 83 3 0
464 99 3 8 4 3 0
464 1065 2 7 53 5 0
464 6 4 0 61 5 0
465 482 3 9 85 5 0
465 2 3 5 94 4 0
465 541 2 0 97 3 0
465 883 3 0 62 5 0
465 593 1 8 87 3 0
466 710 2 9 41 5 0
466 801 3 3 84 5 0
466 984 3 7 5 5 0
466 1073 3 1 96 3 0
466 1034 4 8 18 5 0
466 146 4 4 100 4 0
467 336 0 7 67 3 0
467 391 4 6 71 4 0
467 654 0 1 69 3 0
467 967 0 5 78 3 0
468 276 2 6 69 4 0
468 288 2 9 57 3 0
468 814 0 7 2 3 0
468 65 3 7 96 4 0
469 802 4 2 66 5 0
469 612 0 4 92 5 0
469 154 2 0 28 4 0
470 487 1 0 25 4 0
470 510 1 4 80 3 0
470 694 1 0 59 5 0
470 743 3 1 90 4 0
470 142 2 3 64 4 0
471 797 0 8 14 5 0
471 335 1 9 10 5 0
471 886 4 0 22 3 0
471 41 2 6 39 3 0
472 604 3 3 72 4 0
472 158 0 5 37 5 0
472 610 4 6 66 4 0
472 292 2 1 3 3 0
472 698 1 8 21 5 0
473 233 3 7 7 5 0
473 792 3 6 78 5 0
473 381 1 1 13 5 0
473 274 2 2 2 3 0
473 292 3 3 18 5 0
473 893 0 9 42 4 0
473 158 1 4 8 3 0
473 768 4 0 59 3 0
474 926 3 0 77 3 0
474 96 3 3 49 3 0
474 259 2 2 74 3 0
474 1182 2 2 90 3 0
474 329 0 8 75 3 0
475 93 1 1 62 4 0
475 187 3 6 51 4 0
475 308 2 9 40 5 0
475 690 1 2 19 3 0
476 687 1 0 45 4 0
476 955 0 8 6 5 0
477 1175 1 0 69 3 0
477 98 1 0 7 4 0
477 645 4 0 40 5 0
477 879 2 1 10 4 0
478 876 3 0 79 3 0
478 415 1 6 2 3 0
478 1101 0 0 77 4 0
478 501 3 6 15 5 0
478 246 2 0 56 4 0
478 359 1 4 49 3 0
479 643 1 6 34 4 0
479 1145 2 4 80 4 0
479 794 0 1 66 3 0
479 1039 4 4 59 5 0
479 178 3 3 6 4 0
479 878 3 9 14 4 0
480 1189 3 9 10 4 0
480 1033 4 6 93 3 0
480 215 1 8 24 3 0
481 946 3 4 37 3 0
481 583 3 5 82 5 0
481 92 2 8 82 4 0
481 953 1 5 69 3 0
481 360 1 7 43 3 0
482 449 2 5 1 5 0
482 1050 0 7 91 4 0
482 364 0 4 65 3 0
482 1078 3 2 61 3 0
482 30 3 7 13 4 0
483 799 1 9 18 5 0
483 478 1 4 43 4 0
484 737 1 6 71 3 0
485 503 3 5 21 3 0
485 656 0 8 72 5 0
485 45 3 0 29 5 0
485 1108 0 0 82 3 0
485 1046 3 3 80 3 0
485 203 3 2 96 4 0
486 956 1 8 38 4 0
487 600 2 9 84 5 0
488 976 0 1 54 5 0
488 1043 4 1 80 3 0
488 1052 1 9 85 4 0
488 439 3 3 95 3 0
488 829 0 2 73 3 0
488 898 4 2 68 3 0
488 1172 3 6 92 3 0
489 703 2 8 24 4 0
489 265 1 6 56 4 0
489 1128 4 1 43 3 0
489 311 3 6 99 3 0
489 470 4 6 100 5 0
489 904 0 5 33 5 0
490 624 4 9 41 3 0
490 763 2 2 58 5 0
490 187 2 9 96 5 0
490 1152 4 8 45 5 0
490 166 3 7 25 3 0
491 1156 2 7 28 5 0
491 683 1 3 77 5 0
491 896 1 8 2 4 0
491 975 2 5 64 3 0
492 619 1 3 47 4 0
492 1161 4 2 96 5 0
493 490 2 7 45 4 0
493 676 2 0 92 4 0
493 1074 2 1 10 5 0
494 452 1 1 72 4 0
494 41 1 0 55 3 0
494 960 4 5 7 3 0
494 775 1 3 41 5 0
495 1180 4 8 55 3 0
495 948 0 6 32 5 0
495 1194 1 3 27 5 0
496 414 1 2 18 5 0
496 222 0 2 94 3 0
496 660 0 5 93 4 0
496 845 4 4 2 4 0
497 406 1 2 87 3 0
497 919 0 7 37 5 0
497 330 3 7 21 4 0
498 323 2 5 18 5 0
498 667 3 0 66 3 0
498 809 1 7 24 4 0
499 653 3 3 34 5 0
499 840 4 0 18 4 0
499 530 1 2 20 5 0
500 167 1 9 99 3 0
500 680 2 6 37 3 0
501 116 1 8 20 3 0
501 838 3 8 30 4 0
501 920 3 0 95 5 0
502 620 3 3 56 3 0
502 365 4 1 2 4 0
502 941 0 9 72 5 0
502 68 0 1 39 5 0
502 569 0 1 52 3 0
503 802 3 8 35 4 0
503 1083 0 6 83 4 0
503 223 2 1 45 3 0
503 759 4 9 29 3 0
503 227 0 9 21 3 0
503 1070 0 3 36 4 0
504 1133 0 4 89 3 0
504 233 2 5 19 3 0
504 652 4 2 40 4 0
504 537 3 4 84 3 0
504 753 4 2 57 5 0
505 10 0 6 86 5 0
505 802 4 3 50 5 0
505 679 2 0 76 3 0
505 1101 2 8 96 3 0
505 243 0 2 24 5 0
505 278 1 1 99 5 0
505 729 3 4 54 5 0
506 1088 1 6 91 4 0
506 708 1 0 90 3 0
506 1071 2 9 91 5 0
506 288 0 0 79 5 0
507 502 3 1 55 4 0
507 939 3 3 86 4 0
507 363 3 9 49 4 0
507 1130 0 2 89 4 0
507 315 4 3 22 4 0
507 816 3 2 5 5 0
507 320 2 3 97 4 0
507 755 0 6 59 3 0
507 604 3 5 53 4 0
508 296 2 3 21 3 0
508 157 2 6 15 4 0
508 1098 0 9 88 5 0
508 387 4 6 17 4 0
509 159 0 0 20 3 0
510 118 1 7 8 3 0
510 742 4 2 30 4 0
510 1171 1 4 68 5 0
510 747 0 7 41 5 0
511 469 2 2 73 4 0
511 742 1 8 60 4 0
511 124 2 8 28 3 0
511 648 0 2 73 3 0
511 489 0 9 76 5 0
511 440 2 8 67 3 0
511 19 0 5 70 4 0
512 1110 3 8 76 3 0
513 822 3 8 82 3 0
513 329 0 0 55 5 0
513 506 4 5 10 5 0
513 269 1 6 98 5 0
513 283 3 8 52 5 0
513 1030 1 5 63 5 0
514 959 2 0 79 4 0
514 732 0 5 81 5 0
514 936 2 8 69 5 0
514 97 4 3 48 5 0
514 172 3 3 30 3 0
515 918 1 7 24 5 0
515 802 3 7 63 5 0
515 523 3 6 20 3 0
516 1146 0 9 92 4 0
516 456 1 4 3 4 0
516 770 3 3 63 3 0
516 579 2 7 47 5 0
516 563 1 6 77 5 0
516 1024 1 5 49 5 0
516 1161 0 1 49 4 0
517 975 3 7 31 5 0
517 800 2 7 69 4 0
517 884 2 2 57 5 0
517 525 4 8 79 3 0
518 253 4 7 96 5 0
518 409 2 3 44 3 0
518 849 0 6 49 5 0
518 1106 1 5 9 5 0
519 114 2 5 54 3 0
519 181 4 6 52 3 0
519 223 3 4 16 4 0
519 119 1 5 45 3 0
519 353 0 7 63 5 0
519 9 2 9 64 3 0
520 676 1 2 4 5 0
521 894 4 3 61 5 0
521 628 0 5 100 4 0
521 488 2 6 71 5 0
521 149 3 1 65 4 0
522 656 4 2 93 3 0
522 1010 2 1 1 3 0
522 606 1 2 19 5 0
522 841 1 3 4 4 0
522 105 2 7 77 5 0
522 1057 0 9 82 5 0
523 137 1 4 30 4 0
523 538 3 9 70 5 0
523 921 2 6 27 5 0
524 879 0 5 37 4 0
524 26 2 7 84 5 0
524 486 0 8 73 3 0
524 482 2 2 35 5 0
524 197 0 1 45 3 0
524 919 4 6 39 3 0
525 787 1 4 13 4 0
525 998 4 1 74 4 0
526 1062 3 9 1 3 0
526 645 4 6 16 3 0
526 1051 0 5 79 5 0
526 882 2 3 94 4 0
526 298 4 9 70 4 0
526 147 0 9 76 3 0
526 1043 0 5 84 5 0
527 420 1 6 93 4 0
527 258 1 6 5 5 0
527 986 0 0 10 5 0
528 373 4 2 47 3 0
528 85 2 6 75 3 0
528 44 0 1 42 3 0
528 1078 1 9 26 5 0
528 836 3 1 56 4 0
529 190 0 1 82 5 0
529 540 3 0 88 5 0
529 877 0 3 73 4 0
529 916 3 9 98 3 0
530 468 0 5 32 3 0
530 376 0 5 96 4 0
530 660 2 5 83 3 0
530 619 3 5 67 4 0
530 677 0 9 76 4 0
530 790 3 1 26 5 0
530 1116 4 5 19 4 0
531 76 3 8 19 5 0
532 581 1 7 84 3 0
532 69 2 6 18 3 0
533 416 2 5 80 4 0
533 249 1 2 78 3 0
533 19 1 2 87 4 0
533 88 2 6 7 5 0
533 1192 3 2 24 4 0
533 707 4 6 98 5 0
533 368 2 6 45 3 0
534 1076 1 3 35 5 0
534 1044 0 9 57 5 0
534 739 1 5 34 3 0
534 101 0 4 35 3 0
534 362 4 5 3 4 0
534 271 2 2 27 4 0
534 998 0 8 21 5 0
535 127 4 7 22 3 0
535 639 3 9 82 5 0
535 885 0 7 60 3 0
536 1068 2 7 39 3 0
536 1118 3 8 62 4 0
536 457 4 2 86 3 0
536 22 4 3 94 3 0
536 1178 2 0 24 3 0
536 160 2 2 78 3 0
537 688 0 6 96 4 0
537 98 4 1 50 5 0
537 259 3 6 35 4 0
538 378 2 0 63 5 0
538 350 1 6 51 4 0
538 71 3 6 74 4 0
539 71 3 5 27 3 0
539 851 3 7 57 3 0
539 547 4 0 72 5 0
540 1199 2 9 89 4 0
540 1061 4 9 4 5 0
540 946 4 2 64 5 0
540 265 1 4 98 4 0
540 165 4 6 47 3 0
541 821 3 4 23 3 0
541 73 4 6 15 5 0
542 917 2 9 41 4 0
542 1062 0 8 22 4 0
542 1143 0 8 74 3 0
542 237 2 4 91 5 0
543 210 3 7 59 4 0
543 1098 3 6 84 3 0
543 741 3 7 82 5 0
543 18 2 2 66 4 0
543 260 1 2 15 4 0
544 940 1 5 5 5 0
544 676 1 4 1 3 0
545 261 3 8 100 4 0
545 172 1 0 1 3 0
545 1078 0 9 36 5 0
546 168 3 1 51 3 0
546 804 0 2 47 4 0
547 79 2 7 34 4 0
547 369 0 1 37 3 0
547 794 3 0 67 4 0
547 948 2 7 1 5 0
548 1049 2 5 96 4 0
548 966 3 2 27 3 0
548 4 0 3 100 4 0
548 215 4 1 34 4 0
548 587 2 5 79 4 0
549 1164 1 6 63 4 0
549 500 4 7 68 5 0
549 68 2 5 7 4 0
549 375 4 2 84 4 0
549 869 1 4 71 5 0
549 94 2 8 84 3 0
549 311 1 5 10 5 0
550 777 4 7 84 5 0
550 1085 0 1 15 5 0
550 1123 4 7 99 5 0
551 1088 1 5 98 5 0
551 341 2 0 96 3 0
551 562 3 4 66 3 0
551 488 2 9 28 4 0
552 620 0 7 30 5 0
552 1128 0 9 43 4 0
552 895 1 9 6 3 0
552 693 3 4 42 5 0
552 173 4 6 96 3 0
552 1072 3 0 64 5 0
552 448 1 1 80 3 0
552 829 0 7 83 3 0
553 769 0 2 13 3 0
553 1015 2 0 84 4 0
553 1181 3 7 25 5 0
553 344 2 2 67 3 0
553 1024 4 3 60 4 0
553 149 1 9 6 3 0
554 1051 3 7 35 5 0
554 545 3 7 80 3 0
554 61 4 7 12 4 0
554 772 2 9 27 4 0
554 847 2 1 32 3 0
555 482 2 7 98 3 0
555 504 2 1 33 4 0
555 44 3 7 44 3 0
556 442 1 1 34 3 0
556 143 1 5 13 5 0
556 261 3 7 69 5 0
556 502 4 3 46 5 0
557 163 0 9 79 5 0
557 135 0 6 6 5 0
558 114 0 5 6 4 0
558 922 0 5 79 3 0
558 759 4 4 54 5 0
558 306 0 9 80 4 0
558 270 1 9 43 4 0
559 731 1 7 75 3 0
559 589 2 9 79 4 0
559 557 3 3 6 4 0
559 955 4 7 4 4 0
559 823 0 7 18 3 0
559 1078 0 5 100 5 0
559 51 4 8 24 5 0
560 987 3 0 72 5 0
561 876 1 8 35 5 0
561 1058 4 2 35 4 0
561 995 3 0 6 4 0
561 196 4 4 44 3 0
561 570 3 4 54 4 0
562 445 3 4 71 3 0
562 400 2 4 21 5 0
562 88 1 3 49 3 0
562 333 2 3 100 4 0
562 1120 4 3 97 4 0
563 314 2 4 38 5 0
563 848 4 7 95 3 0
563 451 3 6 1 5 0
563 467 1 5 68 4 0
564 936 1 1 8 4 0
564 1088 1 1 37 3 0
564 327 1 9 51 3 0
564 336 4 4 81 5 0
564 311 4 9 90 5 0
565 738 2 0 10 3 0
565 1127 1 4 89 3 0
565 516 3 5 9 4 0
565 857 0 8 26 4 0
565 1170 3 4 46 5 0
565 1095 3 5 91 5 0
565 518 1 9 65 3 0
565 271 2 1 48 5 0
565 180 0 3 5 5 0
565 79 2 0 9 3 0
566 1083 3 8 2 3 0
566 431 3 2 23 4 0
566 303 0 3 73 3 0
566 423 0 2 40 5 0
567 369 4 7 98 4 0
567 566 1 3 66 5 0
567 523 2 1 47 3 0
568 876 3 2 60 3 0
568 227 0 0 21 3 0
569 660 1 8 92 3 0
569 1052 1 8 40 5 0
569 965 3 1 3 5 0
569 196 0 2 97 4 0
569 907 2 3 98 3 0
570 152 4 0 68 3 0
570 330 1 5 81 4 0
570 986 4 4 5 3 0
570 135 1 4 84 3 0
570 853 0 4 98 3 0
570 266 1 4 63 3 0
571 725 4 8 75 4 0
571 496 4 9 89 3 0
571 892 0 6 42 5 0
572 415 2 6 80 5 0
572 1198 1 4 94 4 0
572 1162 2 3 69 3 0
572 306 1 1 64 4 0
572 959 1 0 86 5 0
573 763 0 3 94 4 0
573 52 2 8 16 4 0
573 1182 3 1 72 3 0
574 603 4 2 87 3 0
574 596 2 7 79 4 0
574 298 1 1 66 3 0
574 308 4 6 92 5 0
575 373 3 4 71 5 0
575 555 1 7 55 5 0
575 518 0 3 83 5 0
575 192 2 9 76 5 0
575 602 0 7 5 5 0
576 727 3 6 50 3 0
576 548 0 8 71 5 0
576 534 0 3 52 3 0
576 754 4 7 29 5 0
577 819 2 3 24 3 0
577 957 3 1 57 5 0
577 909 4 3 99 4 0
577 1121 1 8 39 4 0
578 787 3 8 99 3 0
578 1119 0 3 39 5 0
578 221 3 5 50 5 0
578 612 0 7 24 3 0
579 1181 1 5 97 5 0
579 859 2 1 87 5 0
579 391 2 6 8 5 0
579 949 0 5 72 5 0
579 638 1 3 11 4 0
580 342 0 9 72 5 0
580 611 2 1 14 5 0
580 955 0 9 87 4 0
581 429 3 0 45 4 0
581 963 2 9 2 3 0
581 287 3 9 11 5 0
582 898 2 3 99 5 0
582 698 3 4 53 5 0
582 368 4 0 81 4 0
582 703 2 9 92 3 0
582 746 4 6 31 5 0
583 135 3 0 73 5 0
583 234 1 3 14 5 0
583 1098 2 7 59 5 0
583 757 3 5 54 4 0
584 27 0 8 15 5 0
584 9 0 7 71 3 0
584 614 2 2 15 3 0
585 931 3 2 74 3 0
585 250 2 7 22 4 0
585 371 1 7 28 4 0
585 1131 4 5 97 5 0
585 824 3 0 10 5 0
585 240 1 8 7 5 0
586 136 1 3 3 4 0
586 537 2 0 9 4 0
586 1109 1 9 3 5 0
586 667 0 5 51 4 0
586 975 4 0 23 5 0
586 627 3 4 98 5 0
587 114 4 8 64 5 0
587 450 2 8 90 4 0
587 578 4 0 46 5 0
587 556 3 6 30 5 0
587 678 0 3 29 5 0
587 739 4 9 99 3 0
587 1083 2 8 60 4 0
587 616 3 9 14 5 0
587 672 1 0 73 5 0
587 648 1 6 42 4 0
588 700 0 6 62 4 0
588 392 3 5 83 4 0
588 629 0 6 20 3 0
588 209 1 7 45 3 0
588 462 4 3 40 4 0
589 59 3 8 62 3 0
590 588 1 5 50 4 0
590 892 0 7 89 4 0
590 87 3 9 39 4 0
590 874 3 4 23 5 0
590 618 0 3 69 3 0
590 277 2 4 2 5 0
590 417 1 5 55 4 0
590 364 2 1 16 4 0
591 80 1 9 3 5 0
591 259 3 3 97 5 0
591 565 1 6 29 3 0
591 475 1 6 54 4 0
591 895 3 4 45 4 0
591 445 0 3 71 4 0
592 884 3 1 85 5 0
592 302 4 9 74 5 0
592 494 0 5 100 5 0
593 413 1 2 2 4 0
593 810 1 9 60 5 0
593 310 4 4 40 3 0
593 48 2 5 1 3 0
593 868 0 7 51 5 0
593 436 0 6 46 5 0
593 496 1 2 44 3 0
594 563 2 9 27 4 0
594 390 4 4 22 3 0
594 33 3 4 85 4 0
594 919 0 6 5 5 0
595 955 3 4 99 5 0
595 187 4 1 45 5 0
595 1184 0 2 36 4 0
595 735 3 4 8 4 0
596 860 3 9 84 5 0
596 639 4 0 36 4 0
596 244 1 2 86 4 0
596 484 3 8 61 5 0
596 1187 4 5 98 5 0
597 261 4 4 88 4 0
597 373 2 3 97 4 0
597 1130 3 0 74 5 0
598 536 1 0 50 3 0
598 939 2 3 78 4 0
598 242 2 3 10 5 0
598 1137 4 8 7 4 0
598 472 3 2 31 5 0
600 1102 2 6 39 5 0
601 798 0 1 54 3 0
601 406 1 9 62 3 0
601 986 4 1 63 3 0
601 510 0 2 60 5 0
601 1063 1 5 4 3 0
602 145 1 1 58 4 0
602 257 2 1 68 5 0
602 987 4 9 31 3 0
602 905 3 9 72 3 0
602 921 2 8 23 3 0
603 467 3 3 89 5 0
603 955 3 1 55 4 0
603 300 4 4 2 3 0
603 953 4 6 20 5 0
603 462 0 7 37 5 0
603 1117 1 6 94 3 0
604 86 1 6 78 4 0
604 209 3 2 45 5 0
604 421 2 7 56 4 0
604 1070 0 0 84 3 0
604 745 2 4 93 4 0
605 876 2 6 27 5 0
605 1170 1 6 46 3 0
605 920 4 2 30 3 0
605 559 1 1 63 5 0
605 480 3 1 46 4 0
606 361 4 3 20 3 0
606 33 3 9 19 5 0
606 285 2 2 65 5 0
607 983 0 0 83 4 0
607 696 2 2 98 3 0
607 850 4 9 41 5 0
607 914 2 7 25 3 0
607 907 0 6 30 4 0
607 25 1 5 22 3 0
608 1107 3 1 87 3 0
608 430 0 2 3 4 0
608 664 3 8 57 5 0
609 1113 0 7 16 3 0
609 509 2 8 4 5 0
609 776 1 8 69 5 0
609 907 4 1 90 5 0
609 849 2 0 86 5 0
609 165 0 4 50 4 0
609 700 4 1 1 4 0
610 63 2 7 78 5 0
610 1031 1 6 43 5 0
611 454 4 9 11 3 0
611 806 3 9 65 5 0
611 1166 3 0 10 3 0
611 523 1 6 37 5 0
611 116 0 0 3 3 0
611 213 2 1 37 5 0
611 124 3 2 3 5 0
611 682 0 3 77 5 0
612 366 2 7 59 4 0
612 104 2 6 81 4 0
612 475 3 0 57 3 0
612 427 3 0 73 5 0
613 520 3 9 25 5 0
613 845 2 3 81 4 0
614 511 4 2 52 3 0
614 789 2 6 99 5 0
614 334 0 0 33 4 0
614 564 0 4 77 5 0
614 1170 2 6 38 3 0
615 20 2 7 67 3 0
615 793 4 6 33 4 0
616 546 2 2 59 5 0
616 888 4 1 69 4 0
616 733 1 1 72 4 0
616 1148 4 7 91 5 0
617 36 1 0 92 4 0
617 127 0 4 32 5 0
617 357 1 5 32 5 0
617 821 4 1 19 4 0
617 863 2 8 47 3 0
617 1121 3 9 15 4 0
618 234 4 0 57 5 0
618 691 3 3 38 5 0
618 1100 2 7 7 5 0
618 160 1 7 22 3 0
618 544 4 2 56 4 0
618 227 1 9 92 5 0
619 437 2 7 56 3 0
619 714 1 5 6 3 0
619 714 4 6 95 5 0
619 516 1 7 82 3 0
619 1195 2 9 48 5 0
619 388 2 6 28 4 0
620 74 2 0 58 5 0
620 382 2 6 81 4 0
620 562 4 2 99 5 0
621 207 4 2 84 4 0
621 315 1 5 45 5 0
621 289 4 1 98 5 0
622 953 3 0 49 5 0
622 778 3 2 74 5 0
622 784 2 5 68 3 0
623 892 4 3 75 4 0
623 74 1 9 95 5 0
623 846 3 6 49 3 0
624 61 4 4 84 3 0
624 262 2 3 1 4 0
625 446 2 9 19 3 0
625 770 4 5 69 5 0
625 1042 2 1 8 5 0
625 1141 3 2 79 4 0
625 549 4 2 18 5 0
625 889 1 8 84 3 0
625 43 2 3 42 5 0
625 1147 3 4 30 5 0
625 891 0 5 45 4 0
625 0 3 6 79 4 0
626 1153 0 7 57 4 0
626 289 2 8 17 3 0
626 1002 3 3 31 4 0
626 1066 3 5 17 5 0
626 789 4 6 96 5 0
626 1196 0 1 73 5 0
626 112 4 4 63 3 0
626 36 1 9 94 4 0
628 542 1 6 19 5 0
628 1190 1 2 35 4 0
628 61 4 1 82 3 0
629 1192 0 2 85 3 0
630 176 4 8 92 3 0
630 990 1 3 57 5 0
630 1018 1 5 37 3 0
630 66 3 5 3 5 0
630 119 0 6 51 5 0
630 1151 0 3 22 4 0
631 932 1 1 82 4 0
631 821 4 5 19 4 0
631 800 4 2 40 5 0
631 324 4 9 90 3 0
631 525 4 4 82 4 0
632 170 4 3 80 5 0
632 65 2 3 96 4 0
632 458 0 7 27 3 0
632 934 3 0 65 4 0
632 160 1 0 96 4 0
632 1011 0 7 45 5 0
633 144 2 6 87 3 0
633 807 4 1 1 4 0
633 348 0 5 100 5 0
633 19 4 9 2 5 0
634 782 2 3 47 3 0
634 763 2 8 19 4 0
634 445 3 7 20 3 0
634 1124 1 7 99 5 0
635 116 3 4 78 4 0
635 715 3 5 69 5 0
635 935 3 6 43 5 0
636 4 4 7 31 5 0
636 898 1 5 24 4 0
636 360 1 7 17 4 0
636 752 2 6 29 3 0
636 713 4 7 55 5 0
636 904 4 8 59 4 0
637 948 1 4 83 4 0
637 148 4 8 92 5 0
637 731 3 6 8 5 0
639 756 3 8 99 5 0
639 907 3 9 16 3 0
639 1129 2 6 78 5 0
639 529 3 2 68 4 0
639 1194 1 4 86 5 0
640 251 3 2 81 4 0
640 108 2 5 42 5 0
640 284 3 4 38 3 0
640 723 4 9 30 3 0
641 108 4 0 41 3 0
641 1027 4 5 13 5 0
641 895 4 0 2 4 0
641 810 4 9 35 3 0
641 642 3 5 64 4 0
642 229 4 2 68 4 0
642 429 4 2 38 4 0
642 1074 3 4 48 5 0
643 534 0 7 28 3 0
643 663 4 2 20 4 0
643 905 1 2 91 4 0
644 155 4 2 18 3 0
644 173 3 8 63 5 0
644 801 0 4 20 5 0
644 372 1 6 19 3 0
645 977 1 3 67 3 0
645 149 4 3 92 4 0
645 1077 2 9 95 4 0
645 64 0 8 22 3 0
645 169 0 8 21 4 0
646 213 3 9 71 4 0
646 1120 0 3 2 5 0
647 254 1 1 82 4 0
647 853 0 2 13 5 0
647 1065 0 4 91 4 0
647 139 0 0 11 3 0
647 373 3 4 8 4 0
647 753 3 4 22 5 0
647 1183 0 2 46 4 0
648 391 0 1 7 3 0
648 573 1 6 12 4 0
649 370 3 3 90 4 0
649 129 2 2 85 4 0
649 1093 1 3 62 3 0
649 1160 4 7 60 4 0
649 776 4 4 92 5 0
649 994 1 7 48 4 0
649 1181 0 3 54 4 0
651 919 4 4 16 4 0
651 554 3 9 92 5 0
651 1042 1 3 11 3 0
651 382 4 3 17 4 0
652 393 2 8 6 4 0
652 688 3 0 72 3 0
652 955 1 4 87 5 0
652 348 0 9 65 3 0
652 138 3 6 53 5 0
652 1126 1 3 5 3 0
652 738 4 4 12 4 0
653 497 1 2 78 4 0
653 811 0 2 84 4 0
653 513 1 6 55 3 0
653 738 0 6 12 5 0
653 347 3 1 10 4 0
654 172 2 7 57 3 0
654 627 1 3 77 4 0
654 515 2 6 96 3 0
654 1152 0 5 41 3 0
654 611 3 8 20 3 0
654 1067 3 0 62 3 0
654 211 1 8 67 3 0
655 868 0 6 31 4 0
656 743 1 8 54 4 0
656 775 1 1 28 4 0
656 88 4 3 68 3 0
656 106 2 8 96 3 0
656 359 4 4 30 4 0
656 179 0 8 56 3 0
657 115 1 7 65 4 0
657 685 0 4 82 4 0
657 162 1 3 86 5 0
657 262 2 3 62 5 0
657 629 2 1 1 5 0
658 91 0 1 60 3 0
658 994 4 2 52 4 0
658 948 4 5 11 5 0
658 925 1 4 100 3 0
658 1070 3 2 32 5 0
659 1151 1 5 38 3 0
659 776 4 4 9 5 0
659 688 2 7 55 5 0
659 100 0 0 71 4 0
659 890 0 1 19 4 0
660 797 1 4 89 4 0
660 794 1 2 64 3 0
660 534 1 5 80 5 0
661 336 4 8 59 5 0
661 769 3 1 46 5 0
661 129 4 7 96 4 0
661 89 2 2 8 3 0
662 293 2 9 11 3 0
662 803 2 5 21 3 0
663 550 0 1 53 5 0
663 869 3 8 5 5 0
663 472 1 6 52 4 0
663 663 3 6 41 4 0
663 206 4 8 97 3 0
663 805 2 6 28 4 0
664 99 3 0 2 3 0
664 534 1 4 45 5 0
664 291 0 5 53 3 0
664 1062 1 6 81 4 0
664 650 3 6 72 4 0
665 66 1 9 31 4 0
665 571 0 8 3 4 0
665 867 1 4 90 4 0
665 1035 4 9 64 3 0
665 841 2 2 68 4 0
665 150 4 3 84 3 0
665 488 2 2 14 3 0
666 157 0 4 16 3 0
666 310 3 7 84 3 0
666 647 3 2 62 4 0
666 323 4 1 30 5 0
666 456 4 5 64 5 0
667 369 4 5 88 5 0
667 35 4 7 11 3 0
667 1090 3 2 68 3 0
668 890 3 1 68 3 0
668 219 1 8 54 5 0
668 101 2 4 86 3 0
668 486 2 9 7 5 0
669 447 2 2 20 5 0
669 19 4 5 78 4 0
669 665 3 0 94 5 0
670 1052 0 2 68 4 0
670 619 2 4 92 4 0
670 498 2 3 5 4 0
670 855 1 1 25 4 0
670 418 4 7 44 4 0
670 1187 2 6 45 4 0
670 822 1 1 100 5 0
670 738 1 9 23 4 0
671 192 3 5 91 5 0
671 904 3 4 47 3 0
671 788 4 5 16 5 0
671 235 0 1 40 5 0
671 569 3 5 43 3 0
672 330 1 4 63 3 0
672 162 1 1 13 5 0
673 461 0 4 3 4 0
673 172 4 1 86 3 0
673 775 4 6 42 4 0
673 991 1 7 25 3 0
673 679 1 2 11 3 0
674 621 1 9 34 5 0
674 958 1 7 70 4 0
674 317 4 9 19 5 0
674 162 2 2 70 3 0
674 1066 4 0 73 5 0
674 692 0 3 62 4 0
674 1056 1 3 77 4 0
674 616 2 7 12 5 0
674 190 3 5 4 5 0
674 349 3 4 37 3 0
676 1095 2 9 81 4 0
676 45 2 7 41 3 0
676 1096 3 6 37 4 0
676 880 2 7 19 5 0
676 227 1 3 54 4 0
678 92 0 8 86 5 0
678 709 1 0 88 5 0
678 662 0 1 16 3 0
678 128 1 1 32 3 0
678 132 4 2 52 5 0
678 419 4 6 70 3 0
678 708 1 3 19 5 0
679 1034 2 7 76 5 0
679 227 0 9 54 3 0
679 983 4 4 75 3 0
679 141 2 0 6 3 0
679 671 2 2 56 5 0
680 251 0 3 80 4 0
680 976 4 1 95 3 0
680 149 3 1 55 4 0
680 1025 1 9 76 5 0
680 470 0 8 7 4 0
681 118 3 9 20 4 0
681 579 1 5 23 4 0
681 547 4 6 41 4 0
681 490 4 8 61 4 0
681 347 0 5 49 3 0
682 94 3 7 85 5 0
682 692 4 4 15 3 0
682 859 3 8 90 4 0
682 152 2 7 47 3 0
682 791 3 8 1 3 0
682 779 3 2 7 4 0
683 1106 2 9 64 4 0
683 859 3 6 14 3 0
683 832 3 1 45 4 0
683 106 4 3 71 5 0
683 830 1 4 22 4 0
684 431 4 1 37 5 0
684 1016 3 6 32 5 0
684 474 3 3 19 5 0
684 319 3 4 73 4 0
685 54 0 2 89 4 0
685 887 4 4 67 3 0
685 696 4 9 5 3 0
685 1042 2 2 2 3 0
685 366 4 4 8 5 0
685 398 3 7 84 3 0
686 964 2 7 14 4 0
686 992 0 3 40 3 0
686 292 1 2 26 4 0
686 128 2 3 9 4 0
686 135 1 5 25 3 0
687 437 4 3 71 3 0
687 347 2 2 59 5 0
687 747 1 4 61 3 0
688 948 4 7 70 3 0
688 1123 3 6 92 4 0
688 407 2 8 11 4 0
689 661 1 1 78 3 0
689 484 2 6 93 5 0
689 45 3 3 27 5 0
689 892 2 8 68 5 0
690 464 3 9 52 3 0
690 399 4 7 71 4 0
691 973 3 9 72 4 0
691 105 1 3 37 5 0
691 704 3 6 77 5 0
691 835 0 7 61 4 0
692 503 4 7 70 4 0
692 1131 1 7 69 4 0
692 540 3 1 4 4 0
692 734 0 7 92 3 0
693 997 2 5 9 4 0
693 451 3 0 63 3 0
694 141 3 6 49 5 0
694 1105 0 7 48 4 0
694 379 0 4 43 5 0
694 562 1 3 87 4 0
694 593 4 3 71 5 0
694 658 0 5 86 3 0
695 532 0 0 96 5 0
695 88 1 9 5 3 0
696 314 4 1 44 3 0
696 321 0 4 40 3 0
696 951 4 7 6 3 0
696 1120 1 3 100 4 0
696 257 0 2 100 5 0
696 277 1 1 16 4 0
696 231 2 3 7 5 0
697 1008 0 5 33 4 0
697 961 3 3 40 4 0
697 131 2 3 77 5 0
697 294 0 5 17 3 0
697 826 4 2 61 5 0
698 386 3 7 84 5 0
698 363 3 6 9 3 0
698 324 4 2 62 3 0
698 273 2 2 30 3 0
698 500 1 2 20 3 0
698 52 2 2 13 4 0
699 499 2 2 35 3 0
699 439 3 4 76 4 0
699 1129 4 4 80 5 0
699 323 0 9 31 3 0
699 842 2 4 11 4 0
701 1109 4 3 61 5 0
701 226 1 2 52 5 0
701 203 2 5 1 3 0
701 526 1 2 18 5 0
701 967 4 8 7 4 0
702 1139 2 8 60 3 0
702 970 1 9 95 3 0
702 78 1 9 4 5 0
702 1137 1 7 30 5 0
702 711 2 3 63 3 0
703 990 4 8 23 5 0
703 22 3 2 39 5 0
704 915 1 4 11 3 0
704 302 3 1 71 3 0
704 474 3 3 45 5 0
704 1091 3 2 30 3 0
705 665 1 8 97 4 0
705 385 4 2 22 5 0
705 1057 4 9 67 3 0
705 57 1 0 55 3 0
705 551 3 3 52 4 0
705 244 2 1 20 4 0
706 650 4 4 30 5 0
706 907 4 9 70 4 0
706 946 2 9 29 5 0
706 647 0 9 73 5 0
706 59 2 4 67 4 0
707 754 1 1 4 3 0
707 793 1 3 39 3 0
707 221 3 1 78 5 0
707 376 1 3 33 4 0
707 21 4 4 35 4 0
708 101 3 7 13 5 0
708 762 2 0 25 4 0
708 25 4 6 79 5 0
708 396 4 4 69 4 0
708 843 1 9 94 4 0
709 871 3 4 51 4 0
709 368 3 5 58 4 0
709 237 1 2 61 5 0
709 623 0 9 97 4 0
709 398 1 0 67 4 0
709 226 1 6 62 5 0
710 696 4 5 20 5 0
710 793 4 5 31 4 0
710 889 1 3 90 5 0
710 724 1 3 100 4 0
710 84 4 3 44 3 0
710 171 4 9 37 4 0
711 903 4 4 53 3 0
711 1144 1 2 68 3 0
711 212 0 5 68 5 0
711 557 3 5 47 4 0
711 1001 4 4 75 5 0
711 95 1 6 56 5 0
712 1036 0 1 98 3 0
712 168 4 1 27 5 0
712 988 2 3 95 5 0
712 622 2 4 45 4 0
713 744 4 3 73 3 0
713 451 0 8 79 5 0
713 781 3 5 37 4 0
713 991 1 1 12 4 0
713 226 1 7 32 3 0
713 853 0 6 9 4 0
714 219 0 0 86 4 0
714 1088 4 2 41 3 0
715 57 0 0 27 5 0
715 690 0 6 49 5 0
715 1105 1 0 33 4 0
715 362 1 4 84 4 0
717 37 4 5 89 3 0
717 552 3 1 58 5 0
717 666 3 8 54 5 0
718 412 2 4 7 3 0
718 1068 0 0 56 5 0
718 38 0 5 34 3 0
719 494 3 8 16 3 0
719 1056 0 7 23 3 0
719 202 3 3 83 3 0
720 463 4 1 9 5 0
720 305 4 6 59 4 0
720 1185 4 1 45 5 0
720 308 3 7 20 3 0
721 432 1 8 6 3 0
721 270 4 4 40 5 0
721 670 2 6 56 5 0
721 389 3 9 70 3 0
721 944 3 1 19 5 0
722 870 1 5 4 4 0
722 210 1 7 98 4 0
723 919 3 8 88 5 0
723 694 1 1 68 3 0
724 1064 4 4 84 5 0
724 345 2 1 70 3 0
724 707 2 4 20 5 0
725 174 2 3 16 4 0
725 106 4 2 26 5 0
725 532 0 6 42 4 0
725 209 0 3 99 3 0
725 738 4 3 35 4 0
726 570 0 9 94 5 0
726 699 0 9 14 3 0
726 643 1 5 43 4 0
727 887 3 1 97 4 0
727 840 3 1 84 3 0
727 860 4 8 85 5 0
728 531 0 1 6 5 0
728 378 2 2 97 4 0
730 108 1 0 14 3 0
730 718 0 7 82 5 0
730 776 0 5 60 4 0
730 858 3 4 60 5 0
730 729 3 2 2 3 0
730 1056 1 8 90 5 0
731 790 3 7 78 5 0
731 346 4 6 80 3 0
731 866 3 8 30 5 0
732 643 1 1 43 3 0
732 200 3 9 51 4 0
733 342 4 5 30 5 0
733 365 3 2 57 5 0
733 533 2 9 89 4 0
733 213 2 5 61 3 0
733 602 4 1 70 4 0
735 707 1 2 97 5 0
735 618 1 7 79 3 0
735 328 1 9 41 4 0
735 114 1 5 39 5 0
735 185 3 7 26 3 0
735 739 2 5 46 4 0
735 140 2 6 55 4 0
736 754 2 4 72 4 0
736 773 2 6 49 3 0
736 990 4 5 76 3 0
736 669 0 3 35 4 0
737 346 0 0 70 5 0
737 932 4 3 84 4 0
737 316 0 9 43 3 0
737 57 1 8 15 4 0
737 167 1 5 80 4 0
738 37 2 7 65 4 0
739 122 3 4 19 3 0
739 714 4 6 70 3 0
739 1076 0 0 32 3 0
739 776 1 5 57 5 0
740 239 4 2 13 4 0
740 38 1 9 64 3 0
740 935 4 4 62 5 0
740 1093 2 5 34 5 0
740 997 4 9 20 5 0
740 1167 3 8 32 3 0
740 885 1 1 52 5 0
741 634 0 5 13 5 0
741 688 3 5 53 5 0
742 129 3 4 55 5 0
742 1070 2 8 85 4 0
742 948 3 6 17 4 0
742 926 0 4 43 3 0
743 605 1 8 90 5 0
743 1148 4 8 55 3 0
743 127 3 5 2 4 0
743 63 0 7 64 5 0
744 573 2 4 58 5 0
744 79 2 4 33 3 0
745 416 2 3 12 4 0
745 410 1 5 11 5 0
745 387 1 5 65 3 0
746 329 1 7 9 5 0
746 296 4 1 92 3 0
746 641 1 5 98 4 0
746 365 4 8 63 3 0
746 1151 0 9 86 3 0
747 798 3 7 13 5 0
747 664 3 9 50 5 0
747 1018 1 3 78 3 0
748 317 3 0 85 3 0
748 326 1 4 17 4 0
749 789 4 2 44 3 0
750 385 4 1 19 4 0
750 699 0 2 74 3 0
750 631 3 2 91 5 0
750 988 0 5 87 4 0
751 342 1 8 62 5 0
751 684 3 0 74 5 0
751 617 0 9 25 4 0
751 316 2 2 99 3 0
752 1005 1 6 5 3 0
752 1098 3 6 92 4 0
752 139 0 7 53 4 0
752 1090 0 8 21 4 0
752 886 3 5 22 4 0
753 1185 4 1 46 5 0
753 422 2 4 13 5 0
753 110 4 7 31 5 0
754 625 2 2 32 4 0
754 300 4 8 81 4 0
755 472 1 6 86 4 0
755 518 0 5 58 4 0
755 386 1 3 82 5 0
755 539 1 9 42 4 0
756 904 4 1 37 3 0
756 502 3 2 57 4 0
756 1092 3 5 60 5 0
756 699 0 8 74 5 0
756 834 4 6 19 4 0
757 151 2 9 29 4 0
757 251 0 6 37 4 0
757 636 2 7 88 3 0
757 379 4 4 84 3 0
757 669 1 5 60 4 0
757 607 0 4 41 5 0
758 847 0 7 93 3 0
758 494 1 1 21 4 0
758 992 3 3 78 4 0
758 144 2 6 27 4 0
758 655 0 9 50 3 0
758 869 1 3 36 4 0
759 1187 0 2 37 3 0
759 255 2 3 2 3 0
760 425 2 0 27 4 0
761 729 3 0 47 3 0
761 1086 1 2 78 4 0
761 1193 2 9 57 4 0
761 385 4 9 90 5 0
762 280 1 6 1 4 0
762 345 0 2 54 4 0
762 995 4 0 41 3 0
763 946 3 0 41 4 0
763 842 4 6 26 5 0
763 1126 1 1 27 5 0
763 197 0 7 92 5 0
765 187 1 3 23 5 0
766 408 2 1 15 5 0
766 526 1 1 71 5 0
766 928 3 6 55 5 0
766 867 0 6 29 4 0
766 587 4 0 60 3 0
766 738 3 1 8 4 0
766 509 0 3 30 4 0
767 643 4 7 49 4 0
767 381 2 2 56 5 0
767 223 0 8 65 3 0
767 200 2 9 3 3 0
767 758 2 5 3 5 0
768 207 1 4 84 4 0
768 1094 3 4 31 3 0
768 916 1 4 100 4 0
768 173 4 5 37 4 0
768 272 0 7 82 4 0
768 1039 2 0 33 4 0
769 957 4 0 97 5 0
769 427 0 3 71 5 0
769 779 2 3 51 3 0
770 342 1 7 17 5 0
770 653 3 9 62 4 0
770 469 0 4 76 4 0
770 210 3 8 16 4 0
771 586 1 7 72 5 0
771 272 4 7 8 3 0
771 390 4 5 63 3 0
771 830 2 8 17 3 0
771 1126 3 5 45 5 0
771 147 0 2 59 5 0
771 327 3 0 47 5 0
771 793 4 7 25 5 0
771 1118 0 2 40 3 0
772 288 0 8 94 4 0
772 899 0 5 5 3 0
772 937 3 4 24 5 0
772 695 1 2 71 3 0
772 177 2 5 98 5 0
772 844 0 4 13 4 0
773 1197 3 6 27 5 0
773 644 0 2 3 5 0
773 262 4 5 32 4 0
774 1059 2 2 89 4 0
774 271 3 7 54 3 0
774 1183 2 8 87 4 0
775 386 0 7 74 3 0
775 592 2 6 92 5 0
776 633 0 7 30 4 0
776 193 1 0 74 4 0
776 1036 2 5 75 4 0
777 860 1 6 69 4 0
777 819 3 8 54 3 0
777 109 3 6 57 5 0
777 530 0 9 85 4 0
777 650 3 0 97 4 0
777 465 1 9 7 4 0
777 637 4 5 80 5 0
777 1132 3 7 75 3 0
778 1185 3 9 12 5 0
778 910 3 3 68 5 0
778 869 0 2 82 5 0
778 860 2 8 78 3 0
779 42 0 8 89 5 0
779 519 1 7 41 5 0
779 600 4 1 25 4 0
780 653 3 5 21 3 0
780 927 2 1 11 5 0
780 637 2 1 74 3 0
781 859 2 1 43 4 0
782 442 0 7 55 4 0
782 28 4 6 14 3 0
782 469 3 3 34 5 0
782 890 0 8 64 5 0
782 832 2 1 32 5 0
782 439 4 6 35 3 0
783 123 3 2 12 3 0
783 216 2 2 75 4 0
783 211 2 8 60 5 0
783 22 3 0 11 3 0
783 368 3 4 8 5 0
783 646 1 0 23 4 0
784 458 1 1 31 4 0
784 799 1 7 90 4 0
784 340 2 8 49 4 0
784 612 1 4 77 5 0
785 466 0 6 29 5 0
786 1131 4 3 97 5 0
786 638 3 0 23 4 0
786 951 4 0 9 3 0
786 519 4 1 51 3 0
786 320 0 4 60 3 0
786 109 3 9 92 3 0
787 25 0 4 62 4 0
788 548 2 7 57 3 0
788 71 0 2 3 5 0
788 791 2 9 78 3 0
789 305 1 9 5 4 0
789 1049 4 8 68 4 0
789 996 2 4 40 4 0
789 263 2 2 53 4 0
789 656 2 5 49 5 0
789 936 2 1 9 3 0
790 521 1 2 33 3 0
790 722 2 7 67 4 0
791 1027 4 9 5 5 0
791 206 3 6 14 4 0
791 940 2 2 19 3 0
792 1020 3 0 2 5 0
792 797 2 5 14 5 0
792 698 1 4 6 3 0
793 782 2 0 43 5 0
793 194 2 8 68 5 0
793 298 0 8 2 5 0
793 855 3 8 56 4 0
794 779 0 4 61 4 0
794 430 3 3 84 3 0
794 1035 1 1 13 3 0
794 379 0 7 33 4 0
794 930 2 2 22 4 0
794 571 1 9 21 5 0
795 431 0 2 37 3 0
795 436 1 6 36 4 0
795 531 3 9 15 4 0
795 949 0 1 28 4 0
796 920 3 2 14 5 0
796 1160 0 1 40 4 0
796 1199 2 3 18 5 0
796 1151 1 6 7 5 0
797 52 1 3 75 5 0
797 848 4 9 51 3 0
797 487 2 1 74 5 0
797 487 2 7 25 4 0
797 908 3 3 48 3 0
798 88 4 3 50 4 0
798 1004 2 9 8 5 0
798 623 3 2 26 5 0
798 624 4 4 92 3 0
799 1090 2 2 33 3 0
799 309 3 8 18 4 0
799 958 1 6 9 4 0
799 27 0 4 6 5 0
800 445 2 1 73 5 0
800 958 1 2 69 4 0
800 768 2 6 6 3 0
800 103 0 3 15 5 0
800 95 1 9 4 3 0
800 92 1 9 13 3 0
800 241 2 0 61 3 0
800 191 3 3 1 5 0
800 76 0 4 91 3 0
800 790 3 6 49 5 0
800 630 3 8 58 4 0
800 638 3 6 35 5 0
800 854 3 4 89 5 0
801 508 1 0 40 5 0
801 144 0 9 55 5 0
801 705 4 7 6 5 0
801 866 0 4 62 3 0
801 577 1 3 2 3 0
801 1110 4 7 64 5 0
802 878 2 5 46 5 0
802 284 4 7 67 5 0
802 503 4 5 99 3 0
803 683 4 9 84 3 0
803 910 1 3 76 3 0
803 1032 1 5 32 5 0
804 593 3 8 53 5 0
804 466 4 0 5 3 0
805 81 4 5 80 4 0
805 674 3 5 37 5 0
805 265 4 2 87 4 0
805 1029 4 9 24 5 0
805 479 2 1 55 3 0
805 935 0 2 22 5 0
805 466 1 0 66 3 0
806 1131 1 9 59 4 0
806 836 0 1 32 5 0
806 969 4 2 66 4 0
806 225 4 9 67 5 0
806 912 3 9 43 5 0
806 224 0 3 42 4 0
807 1171 2 0 48 5 0
807 198 0 8 86 3 0
807 674 0 1 98 5 0
807 759 1 1 61 3 0
807 307 0 2 8 5 0
807 545 1 8 46 5 0
807 547 3 7 31 4 0
808 315 1 8 39 3 0
808 259 4 7 42 3 0
809 1075 1 4 83 4 0
809 864 0 3 64 4 0
809 435 0 4 51 4 0
809 433 3 3 31 5 0
809 459 2 0 63 4 0
809 766 0 3 28 3 0
810 1032 0 5 46 5 0
810 945 0 8 5 5 0
810 838 4 9 60 5 0
811 856 0 5 7 4 0
811 344 1 7 13 3 0
811 1175 2 1 100 4 0
811 1036 2 0 77 4 0
811 183 0 6 20 4 0
811 1078 2 0 67 4 0
812 721 1 6 97 3 0
812 321 3 6 31 5 0
812 101 1 0 70 5 0
812 331 4 5 22 4 0
812 395 4 7 59 5 0
813 465 3 3 92 4 0
813 468 1 6 95 5 0
814 613 4 4 26 3 0
814 761 3 1 57 3 0
814 881 2 9 50 4 0
814 414 1 2 19 4 0
814 927 0 9 48 5 0
814 733 4 0 55 3 0
814 652 0 1 35 3 0
815 1139 1 3 92 3 0
815 966 4 5 80 5 0
815 1019 0 5 79 5 0
816 599 3 8 66 3 0
817 539 2 3 43 3 0
817 1178 4 7 74 4 0
817 6 0 1 4 4 0
817 34 3 7 40 3 0
817 448 1 9 65 4 0
818 599 3 4 31 5 0
818 568 2 3 57 3 0
819 559 2 5 32 3 0
819 329 4 9 54 3 0
819 32 4 3 78 5 0
819 469 0 1 78 5 0
820 891 1 7 27 5 0
820 1002 3 7 40 4 0
820 194 2 2 45 5 0
821 805 3 7 100 5 0
821 1183 2 9 74 5 0
821 781 4 0 77 4 0
821 971 4 7 100 4 0
822 1035 0 7 84 5 0
822 999 0 4 15 4 0
822 320 3 2 82 3 0
822 225 2 0 20 5 0
822 437 0 5 11 3 0
822 293 4 1 59 4 0
822 16 4 6 88 4 0
823 715 1 5 39 3 0
823 809 0 9 100 4 0
823 998 4 6 39 3 0
823 676 3 4 95 5 0
823 98 2 9 56 5 0
824 700 1 7 70 4 0
824 89 3 1 69 4 0
824 1162 0 1 7 3 0
825 798 4 5 7 3 0
825 1018 3 8 93 5 0
825 977 1 5 83 4 0
826 538 2 2 17 3 0
827 336 2 1 21 3 0
827 620 0 3 5 3 0
827 44 3 7 23 5 0
828 211 1 8 55 5 0
828 325 3 1 85 4 0
828 180 3 6 84 4 0
828 187 3 5 44 4 0
829 202 3 1 50 5 0
829 599 4 7 60 4 0
829 705 2 3 51 3 0
829 1004 0 0 66 5 0
829 216 2 6 28 3 0
829 800 4 0 63 5 0
829 700 0 2 94 5 0
830 65 3 8 60 4 0
830 411 0 8 35 5 0
830 690 3 8 44 5 0
830 736 3 4 52 5 0
831 1120 1 9 10 3 0
832 395 0 4 47 3 0
832 781 2 4 69 3 0
832 835 1 4 55 4 0
833 998 4 2 97 4 0
833 180 2 3 25 5 0
833 1171 4 4 97 3 0
834 952 2 1 69 5 0
834 847 3 9 50 3 0
834 450 3 5 66 4 0
834 1015 3 3 60 3 0
834 983 1 6 28 3 0
834 91 2 3 13 3 0
835 933 4 6 60 4 0
835 209 0 6 68 5 0
835 406 4 4 77 5 0
835 1122 4 9 69 5 0
835 1112 4 1 4 5 0
836 362 4 4 57 5 0
836 967 1 3 65 3 0
836 768 0 6 40 3 0
836 642 4 0 47 4 0
836 357 1 2 43 3 0
836 1103 2 1 12 5 0
836 1059 1 9 8 5 0
836 980 3 9 49 3 0
836 985 0 3 35 5 0
837 726 3 4 3 4 0
837 760 0 0 51 3 0
837 139 3 6 52 4 0
837 365 1 7 13 3 0
837 1044 1 2 80 5 0
838 168 3 5 64 4 0
839 286 3 0 67 5 0
839 500 0 0 29 3 0
839 424 1 5 82 4 0
840 596 1 5 89 5 0
840 1144 3 0 15 4 0
841 434 4 6 14 5 0
841 1065 3 6 4 5 0
841 377 4 7 26 5 0
841 932 1 7 82 5 0
841 317 0 5 75 3 0
842 125 0 2 82 5 0
842 622 1 9 13 4 0
842 894 1 1 46 5 0
842 1151 1 3 86 3 0
842 514 2 4 35 5 0
842 730 3 6 81 5 0
843 39 2 6 16 3 0
843 942 2 3 6 4 0
843 474 1 3 46 3 0
844 568 4 3 69 5 0
844 52 2 1 3 3 0
845 178 4 4 87 4 0
845 544 0 9 19 4 0
845 350 0 1 66 3 0
845 518 3 3 41 5 0
845 50 3 7 76 5 0
846 281 0 2 43 5 0
846 134 2 2 47 4 0
847 375 3 9 12 5 0
847 892 2 5 78 4 0
848 199 1 7 23 5 0
848 553 1 9 100 4 0
849 357 3 2 54 4 0
849 416 4 2 5 3 0
849 5 4 6 4 4 0
849 760 3 4 62 5 0
850 246 0 8 70 5 0
850 177 1 3 91 3 0
850 431 4 3 58 4 0
850 1100 2 1 31 3 0
850 76 3 9 3 3 0
851 306 0 4 38 5 0
852 132 0 2 15 4 0
852 1069 0 1 75 5 0
852 1054 4 7 74 4 0
852 316 2 2 78 4 0
852 250 2 3 71 5 0
852 311 1 8 86 3 0
853 589 1 4 87 3 0
853 1022 0 7 29 5 0
853 631 3 0 88 5 0
853 355 2 7 56 5 0
853 1175 3 5 82 5 0
854 146 4 3 43 5 0
854 941 3 2 59 5 0
854 88 2 5 2 4 0
854 325 3 2 44 5 0
855 50 1 2 26 5 0
855 124 4 8 19 3 0
855 325 3 0 1 5 0
855 861 3 9 88 4 0
855 555 2 1 53 4 0
856 1172 3 9 19 3 0
856 11 0 1 22 3 0
856 130 3 2 71 4 0
857 1087 2 6 52 5 0
857 719 0 4 65 3 0
857 971 3 9 63 3 0
857 164 2 3 38 5 0
858 916 1 7 37 4 0
858 576 2 5 62 4 0
858 85 4 5 74 3 0
858 165 4 0 94 4 0
858 1 1 9 64 5 0
858 68 2 5 39 5 0
858 892 2 4 40 5 0
858 61 4 2 72 5 0
858 872 2 6 26 3 0
859 535 3 5 46 4 0
859 44 2 8 48 5 0
859 857 0 0 99 5 0
859 284 3 2 48 4 0
859 242 2 5 20 3 0
860 312 2 6 25 5 0
860 604 1 6 90 5 0
860 51 3 3 69 4 0
861 1011 4 7 10 4 0
861 637 3 9 91 5 0
861 714 0 3 17 4 0
862 296 0 4 29 5 0
862 1072 0 9 8 4 0
863 820 1 9 29 3 0
863 861 4 3 48 3 0
863 131 1 2 40 4 0
863 837 1 6 1 3 0
863 444 1 4 95 3 0
864 849 1 7 63 4 0
864 755 1 3 86 4 0
864 785 3 7 89 3 0
864 19 2 0 14 4 0
864 1165 0 5 19 3 0
864 42 3 7 60 3 0
865 7 3 7 97 3 0
865 828 3 0 87 4 0
865 233 1 8 93 5 0
865 565 0 7 31 4 0
865 294 2 5 40 4 0
865 475 3 0 55 4 0
866 40 0 1 47 4 0
867 42 0 6 82 4 0
867 820 0 0 50 3 0
867 728 4 7 48 4 0
868 59 3 9 14 3 0
868 433 2 1 61 3 0
868 361 0 0 97 3 0
868 152 4 7 35 3 0
869 447 3 0 67 5 0
869 1090 1 6 1 4 0
869 1110 3 9 74 3 0
869 813 0 9 74 5 0
869 924 3 9 89 5 0
870 28 1 1 29 5 0
870 96 2 7 85 5 0
870 81 0 5 19 5 0
870 1022 4 2 99 3 0
870 1194 4 1 75 5 0
870 326 3 1 45 3 0
870 162 0 6 85 3 0
870 280 2 9 80 4 0
870 114 2 5 79 4 0
870 500 3 2 23 3 0
871 71 4 7 95 5 0
871 636 0 1 85 3 0
871 308 1 5 77 4 0
872 857 2 6 91 5 0
872 404 3 9 91 5 0
872 1152 4 6 42 4 0
873 344 1 1 61 5 0
874 22 0 2 37 4 0
874 1045 4 5 18 4 0
874 403 3 9 19 5 0
874 889 0 2 90 5 0
875 19 0 1 53 5 0
875 1062 2 1 49 5 0
875 908 3 0 80 3 0
875 1116 1 3 88 3 0
875 976 2 0 72 5 0
876 1096 1 6 64 4 0
876 1149 3 1 26 5 0
876 501 2 9 96 3 0
876 839 4 0 19 4 0
877 947 1 1 41 5 0
877 422 2 9 79 3 0
877 930 3 7 91 4 0
877 976 2 5 45 3 0
877 472 3 9 41 5 0
878 559 3 7 86 3 0
878 1014 1 9 42 4 0
878 663 4 6 91 5 0
879 21 2 2 72 4 0
879 1010 1 1 16 4 0
880 36 1 8 82 5 0
880 711 2 5 29 4 0
880 1196 2 7 58 3 0
880 961 2 0 26 4 0
881 1001 1 4 46 4 0
881 297 1 3 92 5 0
882 172 2 8 77 5 0
882 709 2 5 55 5 0
882 643 2 7 23 4 0
882 105 0 9 75 5 0
882 1094 1 2 22 3 0
883 129 4 3 53 4 0
883 655 0 3 8 4 0
884 78 0 3 29 5 0
884 255 2 9 7 5 0
884 580 3 1 7 5 0
884 520 1 3 55 3 0
884 4 2 4 79 5 0
884 206 1 0 65 3 0
884 930 2 5 50 4 0
885 947 4 8 54 5 0
885 559 4 0 64 4 0
885 865 1 7 76 5 0
885 492 4 2 93 3 0
886 498 2 3 70 3 0
886 886 0 5 81 4 0
887 1061 2 2 58 3 0
887 1144 1 5 8 3 0
887 676 0 9 20 4 0
887 711 4 4 25 4 0
888 488 3 9 74 3 0
888 736 4 1 16 5 0
888 101 0 1 13 3 0
888 343 1 4 96 4 0
888 12 4 1 38 4 0
889 925 1 5 6 5 0
889 846 2 2 99 4 0
889 1032 4 7 40 4 0
890 534 4 7 17 4 0
890 850 1 9 95 4 0
891 263 4 0 82 5 0
891 1027 4 8 40 3 0
891 608 3 4 81 5 0
891 827 2 6 51 4 0
891 626 1 1 28 4 0
891 1149 0 3 43 4 0
892 570 3 9 53 4 0
892 1113 4 4 54 4 0
892 58 1 7 49 5 0
892 66 2 9 35 4 0
892 177 3 8 65 3 0
892 490 2 6 63 5 0
892 618 3 4 5 4 0
893 497 4 5 26 5 0
893 579 2 9 95 3 0
893 568 4 6 67 4 0
893 707 1 3 78 5 0
893 574 3 3 71 4 0
893 1082 1 2 77 5 0
894 266 0 1 57 3 0
894 1059 3 2 50 5 0
894 179 4 1 16 4 0
894 1187 2 1 41 3 0
894 369 4 5 97 4 0
894 834 2 3 100 5 0
894 161 2 0 58 5 0
895 871 2 1 86 3 0
895 1047 2 5 12 5 0
895 704 4 3 26 4 0
895 243 0 7 95 4 0
895 163 3 8 32 5 0
896 22 1 8 86 5 0
896 194 2 6 9 5 0
896 388 3 9 42 5 0
896 1142 1 6 68 4 0
897 792 0 5 75 4 0
897 161 4 5 49 3 0
898 870 1 1 19 4 0
898 1151 0 0 58 5 0
898 842 1 3 5 3 0
898 615 1 8 36 3 0
898 797 0 8 22 5 0
898 341 4 6 26 4 0
898 274 3 0 16 4 0
899 691 1 6 28 3 0
899 1162 2 9 60 3 0
899 124 0 2 68 5 0
899 803 1 2 28 5 0
900 979 3 7 52 4 0
901 68 0 2 42 3 0
901 151 2 6 82 5 0
901 262 4 5 32 3 0
902 361 3 3 8 5 0
902 751 2 6 63 3 0
902 936 0 1 48 3 0
902 1083 3 4 79 3 0
902 60 3 9 19 5 0
902 588 4 7 67 3 0
903 338 3 6 90 4 0
903 226 1 5 34 4 0
903 381 3 4 86 5 0
904 62 0 5 77 4 0
904 1166 0 5 64 5 0
904 59 4 4 1 4 0
904 438 3 0 86 3 0
904 993 4 4 31 4 0
905 267 1 8 75 5 0
905 522 2 9 71 4 0
905 825 2 7 66 5 0
905 279 3 0 71 5 0
905 804 4 0 100 5 0
906 170 2 3 87 4 0
906 1169 4 0 75 3 0
906 136 2 6 8 5 0
906 1087 4 4 43 3 0
906 1097 4 1 46 3 0
906 491 3 0 51 5 0
906 897 2 1 69 5 0
907 578 2 3 8 4 0
907 899 1 5 81 5 0
908 1038 0 3 77 5 0
908 793 4 7 7 5 0
909 856 0 8 81 5 0
909 457 2 9 5 5 0
909 245 0 8 69 4 0
909 743 2 7 66 3 0
909 917 4 0 99 5 0
909 509 2 4 100 4 0
910 397 0 0 67 5 0
910 428 3 7 60 4 0
910 772 0 4 42 3 0
910 389 0 9 75 4 0
911 107 0 5 74 3 0
911 466 1 4 85 5 0
911 572 2 8 66 3 0
911 1168 2 8 64 3 0
912 940 1 3 5 5 0
912 1029 3 2 18 4 0
913 378 3 0 36 4 0
913 295 2 4 15 3 0
913 224 4 8 40 3 0
913 1172 1 8 30 3 0
914 100 0 2 75 3 0
914 919 3 3 85 3 0
914 798 3 5 46 3 0
915 1190 2 9 95 5 0
915 812 4 4 1 4 0
915 1167 4 3 3 5 0
916 697 3 1 19 4 0
916 623 4 1 35 5 0
916 97 2 0 8 5 0
916 493 2 2 2 3 0
917 800 1 1 65 4 0
917 531 1 9 63 3 0
917 718 1 5 95 4 0
917 840 0 6 29 5 0
917 793 3 8 56 4 0
917 1055 4 4 78 5 0
918 789 4 2 62 4 0
918 125 2 8 12 4 0
918 1196 1 5 5 5 0
918 889 1 2 72 5 0
918 274 3 0 79 5 0
919 654 4 8 85 4 0
919 64 2 1 96 3 0
919 105 4 1 52 4 0
919 500 2 5 22 3 0
920 1032 3 3 26 5 0
920 1052 4 7 69 4 0
920 135 1 7 5 3 0
921 1021 3 0 42 5 0
921 465 4 8 88 5 0
921 944 4 9 82 3 0
921 1112 0 4 15 5 0
922 1171 4 5 20 4 0
922 559 4 4 34 5 0
922 75 1 7 61 5 0
922 332 4 5 83 4 0
923 292 0 1 97 4 0
924 801 3 3 44 4 0
924 273 0 0 60 4 0
924 210 3 2 67 4 0
924 636 3 9 1 4 0
925 1121 0 4 86 3 0
925 1042 0 2 85 4 0
925 857 0 8 77 3 0
925 264 3 7 73 4 0
925 639 1 8 43 4 0
925 966 4 0 63 3 0
928 733 3 2 1 4 0
928 793 0 0 58 3 0
928 239 0 6 75 4 0
928 970 4 1 3 4 0
928 30 3 3 67 3 0
928 1052 0 1 47 3 0
929 780 0 6 4 3 0
929 289 0 9 54 4 0
929 311 2 9 76 4 0
930 1197 1 7 35 3 0
930 614 3 2 93 3 0
930 504 0 6 82 3 0
930 576 0 6 23 4 0
931 484 0 0 82 4 0
931 454 4 0 43 3 0
931 496 0 9 20 5 0
931 580 3 6 67 3 0
931 815 4 1 27 3 0
932 1137 3 9 15 3 0
932 919 0 0 42 5 0
932 120 0 5 73 4 0
932 270 2 6 49 4 0
932 885 1 0 50 3 0
932 223 4 1 39 4 0
932 161 0 5 91 5 0
932 914 2 3 34 4 0
932 1064 3 2 32 4 0
933 456 4 8 64 5 0
933 492 1 2 40 3 0
933 35 1 5 66 4 0
933 1044 3 4 14 5 0
935 538 4 2 49 4 0
936 60 4 8 56 3 0
936 496 3 1 59 3 0
936 465 4 4 71 3 0
936 238 4 1 41 3 0
936 747 0 0 95 3 0
936 36 3 2 8 4 0
936 291 4 8 37 4 0
937 264 1 5 66 5 0
937 542 4 1 40 5 0
937 728 3 8 51 3 0
937 218 3 6 39 5 0
938 224 4 2 54 3 0
938 1137 3 8 8 3 0
938 437 0 6 9 4 0
938 1134 3 8 58 5 0
938 3 4 4 37 5 0
938 935 0 3 67 5 0
939 496 1 1 81 5 0
939 567 0 5 72 5 0
940 814 3 3 30 4 0
940 123 2 9 78 5 0
940 608 2 8 66 4 0
940 811 4 0 14 5 0
940 204 1 8 47 5 0
941 975 3 7 5 4 0
941 713 2 4 16 3 0
941 1188 3 4 24 4 0
941 411 2 1 25 5 0
941 1173 3 6 18 5 0
941 1056 3 6 80 5 0
941 72 2 5 46 4 0
942 139 0 5 28 3 0
942 316 0 2 67 5 0
942 393 2 1 93 3 0
942 461 0 5 39 4 0
942 240 0 4 30 5 0
943 17 1 8 54 5 0
943 298 2 8 28 3 0
944 1054 3 2 58 4 0
944 935 2 9 99 3 0
945 617 1 4 74 4 0
945 282 0 6 17 4 0
945 692 1 2 79 5 0
945 934 1 3 99 3 0
946 968 0 8 86 5 0
946 826 4 2 98 4 0
946 823 1 6 10 4 0
946 988 1 8 81 4 0
947 502 2 8 61 5 0
947 668 1 9 51 5 0
947 843 0 1 15 3 0
947 514 0 4 46 5 0
948 113 1 5 69 3 0
948 72 0 9 21 3 0
948 500 0 8 20 3 0
948 546 0 9 66 5 0
949 1111 1 4 67 5 0
949 103 1 2 91 4 0
949 734 2 9 71 5 0
949 1083 4 7 10 5 0
949 591 1 2 98 5 0
949 775 4 0 18 5 0
949 413 0 9 57 5 0
949 343 2 0 88 4 0
950 699 3 4 28 4 0
950 1124 4 8 18 3 0
950 802 1 4 50 4 0
951 1058 2 9 51 4 0
951 930 2 8 34 5 0
951 691 1 2 81 5 0
951 769 3 8 58 3 0
952 1068 1 2 80 3 0
952 190 2 1 25 4 0
952 212 0 8 76 5 0
952 371 4 9 69 4 0
952 532 2 8 91 4 0
952 675 1 4 92 3 0
952 1075 2 6 43 3 0
953 457 3 4 89 4 0
953 700 4 0 87 5 0
953 1051 1 3 50 3 0
953 900 3 2 87 5 0
953 192 3 3 86 4 0
954 94 0 7 6 3 0
954 543 2 3 53 4 0
954 660 4 8 21 3 0
954 670 4 3 66 4 0
954 12 4 6 53 4 0
954 56 1 4 4 3 0
954 478 4 4 47 4 0
954 101 0 4 31 5 0
954 526 0 2 93 5 0
954 804 0 5 96 5 0
955 947 2 3 66 4 0
955 596 4 0 51 5 0
955 457 0 5 18 4 0
956 212 3 3 20 3 0
956 711 3 7 22 3 0
956 140 3 8 65 4 0
956 431 0 8 2 3 0
956 22 2 5 26 5 0
956 172 1 5 40 4 0
957 849 4 0 26 4 0
957 86 4 3 89 4 0
957 157 0 0 32 5 0
957 530 3 5 80 5 0
958 224 3 9 76 4 0
958 74 4 7 34 5 0
959 1168 3 5 95 3 0
959 1046 3 7 44 3 0
959 256 4 4 77 4 0
959 394 4 4 81 4 0
959 125 4 6 65 3 0
959 83 2 7 71 4 0
959 1187 1 4 60 5 0
960 995 3 7 100 3 0
960 279 1 3 63 5 0
960 708 4 4 96 4 0
961 140 4 6 30 5 0
961 1061 2 2 92 4 0
961 43 2 9 70 4 0
961 324 0 4 1 4 0
962 235 0 1 17 5 0
962 506 4 8 81 3 0
962 746 0 3 85 3 0
962 403 4 5 8 4 0
962 688 3 4 67 5 0
962 503 0 3 31 5 0
962 635 4 9 37 3 0
962 947 2 8 15 3 0
962 755 4 4 29 5 0
963 333 0 5 21 5 0
963 835 4 4 72 3 0
963 189 4 2 95 5 0
964 1051 2 6 36 3 0
964 764 3 6 68 3 0
964 149 4 1 15 5 0
964 311 4 6 27 4 0
964 1091 3 6 4 3 0
964 474 3 9 42 3 0
964 943 2 0 11 3 0
965 543 3 5 64 5 0
965 133 0 3 23 3 0
965 465 3 0 56 4 0
965 47 4 6 58 4 0
965 559 3 2 91 5 0
965 1161 0 8 30 5 0
965 1059 3 2 25 4 0
965 954 1 7 74 4 0
965 507 2 0 72 4 0
966 908 1 0 22 3 0
966 898 2 2 45 4 0
967 1006 4 8 60 3 0
968 955 2 5 44 3 0
968 33 1 1 5 4 0
968 980 2 6 96 4 0
968 571 4 9 57 4 0
969 997 0 9 82 4 0
969 471 4 9 10 3 0
969 1010 3 0 32 5 0
969 497 3 7 87 3 0
969 353 3 2 92 5 0
969 861 2 8 73 4 0
970 430 1 2 79 4 0
970 1128 2 1 22 4 0
970 969 4 3 23 4 0
970 1000 4 6 74 4 0
971 623 3 0 30 4 0
971 562 4 1 27 4 0
971 705 1 6 21 3 0
971 686 4 2 23 5 0
971 59 4 7 95 3 0
972 539 3 6 100 4 0
972 507 1 0 35 4 0
972 392 2 5 44 4 0
973 317 0 7 93 5 0
973 1179 1 4 5 5 0
974 729 2 9 2 3 0
974 277 1 2 25 5 0
974 919 4 9 20 4 0
975 1096 1 3 49 3 0
975 635 2 7 74 3 0
975 594 3 8 60 3 0
976 819 2 6 77 3 0
976 278 3 4 6 5 0
977 194 4 3 47 5 0
977 1094 3 4 59 3 0
977 1024 0 1 13 4 0
977 62 0 6 70 4 0
977 509 2 3 7 5 0
978 216 3 4 98 5 0
978 735 2 6 94 3 0
979 967 4 6 15 3 0
979 345 0 0 96 5 0
979 149 2 1 50 3 0
980 219 0 9 2 4 0
980 330 4 5 20 5 0
980 731 2 1 11 3 0
980 748 1 4 72 4 0
981 532 0 2 88 3 0
981 855 2 9 86 5 0
981 345 3 7 43 4 0
981 1142 0 8 44 3 0
981 1026 2 3 30 5 0
982 461 1 6 52 3 0
983 148 3 4 92 5 0
983 327 0 9 55 3 0
983 645 3 3 3 3 0
983 431 4 9 50 5 0
984 1159 0 6 57 4 0
984 112 3 7 86 3 0
985 371 2 5 83 4 0
985 393 3 0 86 5 0
986 163 1 8 29 3 0
986 473 2 5 24 5 0
986 404 0 6 15 4 0
987 924 3 9 27 4 0
987 652 0 9 6 3 0
987 350 4 5 67 5 0
987 828 1 6 65 5 0
987 269 3 4 20 3 0
987 868 3 7 86 3 0
987 607 0 5 44 4 0
988 957 4 3 13 3 0
988 1190 2 9 13 3 0
988 360 1 3 20 3 0
988 183 2 6 84 4 0
988 742 0 0 89 4 0
989 294 0 9 58 5 0
990 733 2 9 81 3 0
990 327 3 9 41 5 0
991 341 3 2 63 4 0
991 67 4 5 45 3 0
991 1094 1 8 27 3 0
991 871 3 6 43 5 0
992 822 1 8 56 3 0
992 423 2 8 22 4 0
992 918 0 7 71 4 0
992 1178 2 0 34 5 0
992 590 0 7 75 4 0
993 777 4 1 48 3 0
993 1062 4 8 73 5 0
993 1136 4 7 6 5 0
993 1102 0 8 46 4 0
993 238 4 0 98 5 0
993 592 3 8 55 5 0
994 490 3 6 97 3 0
994 261 3 6 62 5 0
994 939 2 5 95 5 0
994 1023 1 6 79 4 0
994 134 2 0 36 3 0
995 1000 3 1 85 5 0
995 4 2 8 96 3 0
995 62 1 1 9 5 0
995 319 0 3 56 5 0
995 781 3 8 93 5 0
996 191 0 3 63 3 0
997 577 0 5 15 3 0
997 738 1 2 34 4 0
997 431 4 9 63 3 0
997 486 0 7 7 5 0
997 791 2 9 25 3 0
998 29 4 7 30 5 0
998 132 0 4 93 3 0
999 671 1 3 25 3 0
999 18 3 8 24 3 0
999 1100 1 8 39 5 0
999 500 0 9 43 3 0
999 197 4 9 69 3 0
1000 247 1 8 7 5 0
1000 725 3 7 37 5 0
1000 493 3 0 43 4 0
1000 87 2 4 59 5 0
1000 709 3 5 99 5 0
1000 808 3 8 87 5 0
1000 199 4 9 80 3 0
1000 559 3 8 13 3 0
1001 1059 2 9 25 5 0
1001 514 0 2 77 4 0
1001 1156 4 1 9 5 0
1001 640 0 1 3 4 0
1001 618 2 7 44 5 0
1001 899 0 1 91 4 0
1001 123 0 9 14 4 0
1002 638 1 3 81 5 0
1002 1031 3 2 91 3 0
1002 101 2 4 48 4 0
1002 457 4 0 20 3 0
1002 218 3 0 96 5 0
1002 312 4 1 63 5 0
1002 738 2 6 43 3 0
1003 980 4 0 58 5 0
1003 418 3 7 25 5 0
1004 932 2 9 55 5 0
1004 455 4 0 75 5 0
1004 384 0 2 17 4 0
1005 907 4 6 51 3 0
1005 962 1 8 62 5 0
1005 1014 0 6 51 5 0
1006 73 3 2 36 5 0
1007 404 0 6 96 5 0
1007 212 1 6 14 4 0
1007 235 1 8 20 4 0
1007 486 3 2 42 3 0
1007 362 3 6 8 5 0
1008 641 1 2 44 5 0
1008 417 0 5 70 5 0
1008 964 3 1 3 4 0
1008 12 3 9 15 5 0
1009 679 2 0 7 3 0
1009 1064 1 0 21 3 0
1009 705 0 5 93 5 0
1009 1125 4 3 7 3 0
1009 38 1 8 4 3 0
1010 616 1 5 59 4 0
1011 230 2 1 64 5 0
1011 31 4 8 50 4 0
1011 668 4 3 73 4 0
1012 250 3 8 31 4 0
1013 832 4 1 88 3 0
1014 1077 3 6 27 4 0
1015 1082 0 4 53 3 0
1015 815 3 3 97 5 0
1015 1032 1 2 92 5 0
1015 129 2 0 34 4 0
1016 19 2 5 69 3 0
1016 858 0 6 72 3 0
1016 247 2 3 27 5 0
1016 679 0 1 8 3 0
1016 37 4 1 28 4 0
1016 848 0 2 60 4 0
1017 631 2 2 75 5 0
1017 629 1 4 74 3 0
1017 798 4 3 24 4 0
1017 1044 4 5 96 4 0
1017 353 2 6 75 4 0
1018 385 3 6 37 4 0
1018 293 3 1 36 5 0
1018 521 2 5 59 4 0
1018 49 1 1 80 5 0
1018 416 0 5 3 4 0
1018 1090 4 0 53 3 0
1019 1064 0 0 10 5 0
1019 590 3 7 49 3 0
1020 545 3 5 12 4 0
1020 733 1 9 94 5 0
1020 259 3 3 26 3 0
1020 366 2 3 30 4 0
1021 952 2 1 34 4 0
1021 166 1 8 97 3 0
1021 169 0 1 52 4 0
1021 618 4 0 90 5 0
1021 348 2 2 63 5 0
1021 361 3 1 89 4 0
1021 112 2 7 81 4 0
1022 444 4 5 64 4 0
1022 14 3 1 58 5 0
1022 450 0 0 90 3 0
1023 905 3 5 9 4 0
1023 226 0 9 58 3 0
1023 101 1 7 59 4 0
1023 989 2 6 15 3 0
1023 548 1 7 83 3 0
1024 746 4 9 6 3 0
1024 566 4 6 18 4 0
1024 187 2 7 61 4 0
1024 1030 2 5 60 4 0
1024 193 3 3 91 5 0
1025 824 1 2 95 4 0
1026 432 3 9 100 5 0
1026 715 0 0 68 4 0
1027 180 3 5 11 3 0
1027 27 4 3 73 5 0
1027 771 3 8 47 4 0
1027 229 0 1 71 5 0
1028 1065 3 8 63 4 0
1028 14 4 4 55 3 0
1029 841 0 7 54 3 0
1029 426 3 0 41 3 0
1029 569 2 4 76 4 0
1029 1110 0 7 21 3 0
1029 611 2 5 48 3 0
1030 872 3 4 6 5 0
1030 492 4 0 48 5 0
1030 1094 3 0 39 4 0
1030 299 3 9 36 5 0
1030 675 2 9 20 5 0
1031 754 3 2 34 4 0
1031 860 0 1 85 4 0
1031 652 0 0 22 3 0
1031 57 1 5 7 5 0
1031 436 2 7 80 4 0
1032 352 3 2 30 3 0
1032 352 0 4 77 5 0
1032 1061 3 0 63 3 0
1032 314 4 9 82 5 0
1033 689 1 8 87 5 0
1034 768 3 7 59 4 0
1034 1120 2 3 56 4 0
1034 452 3 8 80 3 0
1034 269 2 7 24 4 0
1034 27 4 2 82 5 0
1034 127 2 7 65 5 0
1034 215 1 2 72 5 0
1034 413 2 1 18 3 0
1034 810 4 4 94 5 0
1035 373 4 3 97 5 0
1035 1165 0 8 85 4 0
1035 559 2 5 19 5 0
1035 703 4 6 92 3 0
1035 622 2 8 50 4 0
1036 335 3 5 18 4 0
1036 791 2 1 40 4 0
1036 684 4 7 33 4 0
1037 679 3 4 80 4 0
1037 1081 1 5 4 5 0
1037 1003 3 0 10 4 0
1037 792 0 5 52 5 0
1037 101 4 9 88 3 0
1037 833 3 1 11 4 0
1038 430 4 3 32 3 0
1038 140 4 2 39 4 0
1038 919 2 6 90 3 0
1039 479 0 1 49 4 0
1039 1027 3 5 48 3 0
1040 288 4 1 100 5 0
1041 1015 3 6 10 4 0
1041 948 2 5 12 3 0
1041 1021 3 4 9 5 0
1041 1034 0 1 3 5 0
1042 938 4 4 35 5 0
1043 849 4 3 68 5 0
1043 957 3 6 20 3 0
1043 176 1 0 89 5 0
1043 500 3 0 92 3 0
1043 714 4 3 47 4 0
1044 150 1 1 99 5 0
1044 214 1 3 37 5 0
1044 1100 4 5 1 3 0
1044 619 0 0 4 3 0
1044 92 1 2 59 4 0
1044 139 4 8 71 3 0
1045 1074 0 4 20 4 0
1045 59 2 3 99 5 0
1045 416 2 7 39 3 0
1045 920 2 2 91 5 0
1045 256 0 1 70 3 0
1045 197 2 4 36 5 0
1045 533 1 5 99 5 0
1046 873 4 0 82 3 0
1046 1140 3 0 46 3 0
1046 1003 4 9 54 5 0
1046 334 4 2 76 3 0
1046 148 4 3 54 5 0
1047 658 1 8 94 3 0
1047 879 4 7 46 5 0
1048 687 4 6 37 5 0
1048 671 0 7 52 3 0
1048 1047 1 1 6 5 0
1049 933 1 9 70 5 0
1049 1010 0 7 31 4 0
1049 744 2 4 20 4 0
1049 674 0 8 94 4 0
1049 499 0 5 33 5 0
1049 343 3 5 97 3 0
1050 102 3 9 98 3 0
1050 395 3 1 38 4 0
1050 648 3 9 71 5 0
1050 806 3 5 77 3 0
1050 667 3 5 83 3 0
1051 1187 4 6 60 3 0
1051 839 1 3 30 5 0
1051 26 2 6 73 4 0
1052 159 3 4 5 5 0
1052 370 2 7 37 4 0
1052 514 1 0 33 3 0
1052 201 4 9 37 5 0
1053 45 3 9 78 5 0
1053 284 0 1 14 5 0
1053 309 0 1 42 3 0
1053 668 0 8 85 5 0
1053 1193 2 9 74 5 0
1053 1011 1 2 40 3 0
1053 481 4 5 99 3 0
1053 638 0 6 2 3 0
1053 733 0 9 31 5 0
1054 509 1 7 58 5 0
1054 16 0 4 65 5 0
1054 1042 4 8 45 4 0
1055 960 1 9 29 4 0
1055 481 2 7 59 4 0
1055 703 3 9 54 4 0
1055 98 3 0 96 3 0
1055 252 1 8 44 5 0
1055 1044 2 7 79 3 0
1056 1005 4 5 23 4 0
1056 1119 1 0 55 4 0
1056 584 0 1 51 4 0
1056 606 0 3 43 5 0
1056 978 2 2 42 5 0
1056 631 0 2 45 4 0
1056 797 2 9 12 3 0
1057 906 3 9 4 3 0
1057 348 0 8 72 5 0
1058 516 4 3 22 5 0
1058 513 1 1 5 4 0
1058 188 3 4 88 4 0
1058 93 2 5 84 3 0
1058 669 1 3 29 4 0
1058 55 0 4 10 5 0
1059 775 2 4 37 4 0
1059 277 4 6 66 5 0
1060 413 2 5 23 4 0
1060 579 0 8 10 4 0
1061 701 3 2 71 5 0
1061 63 3 0 24 5 0
1061 66 0 1 13 3 0
1062 73 0 3 43 4 0
1062 905 2 5 21 3 0
1063 349 1 1 64 4 0
1063 785 0 6 39 3 0
1063 416 0 7 21 3 0
1063 449 4 1 65 5 0
1063 1012 2 2 2 4 0
1064 565 1 2 91 3 0
1064 1093 0 5 97 4 0
1065 397 4 6 67 3 0
1065 179 2 5 71 5 0
1065 30 2 4 27 4 0
1065 307 4 6 86 4 0
1065 246 2 0 71 4 0
1066 226 3 3 18 5 0
1067 1174 0 1 82 4 0
1067 155 0 4 29 4 0
1067 70 1 3 88 4 0
1068 1119 0 0 62 4 0
1068 596 3 5 84 4 0
1069 696 3 0 87 5 0
1070 404 1 9 17 3 0
1070 255 3 6 43 5 0
1070 206 2 0 28 5 0
1070 1074 2 0 100 3 0
1070 1120 0 2 49 4 0
1071 274 1 1 36 5 0
1071 979 1 3 44 4 0
1071 627 1 6 55 4 0
1071 732 3 1 34 3 0
1072 494 3 4 58 4 0
1072 206 4 6 56 5 0
1072 72 2 1 85 3 0
1072 290 1 7 45 4 0
1072 479 1 8 46 3 0
1072 889 4 3 69 3 0
1072 223 1 8 77 3 0
1072 24 2 9 71 5 0
1072 411 3 2 54 4 0
1073 1154 2 7 4 5 0
1073 248 1 1 37 4 0
1073 360 3 3 27 5 0
1073 380 2 8 61 4 0
1074 394 0 0 61 5 0
1074 269 4 9 34 5 0
1075 898 4 3 100 4 0
1075 776 1 5 89 5 0
1075 184 3 5 98 3 0
1075 154 2 8 13 4 0
1076 967 3 3 42 5 0
1076 16 0 8 36 4 0
1077 313 4 5 21 3 0
1077 725 1 6 43 4 0
1077 611 3 7 73 5 0
1077 381 0 2 10 5 0
1078 15 2 9 99 5 0
1079 618 3 8 44 3 0
1079 1018 3 9 98 3 0
1079 165 1 2 6 3 0
1079 795 2 7 63 4 0
1079 1184 2 7 7 4 0
1079 635 2 8 100 3 0
1079 1020 2 3 16 5 0
1080 170 0 0 89 5 0
1080 1175 1 5 84 3 0
1080 1191 3 8 19 5 0
1081 660 0 1 87 4 0
1081 1189 0 5 66 5 0
1081 596 1 4 92 4 0
1081 199 0 2 51 5 0
1081 377 2 8 88 4 0
1082 701 3 1 79 4 0
1082 747 3 8 13 4 0
1082 918 1 7 47 5 0
1082 469 4 4 51 5 0
1082 390 4 1 83 3 0
1083 38 3 4 93 3 0
1083 128 2 6 25 3 0
1083 829 3 0 81 4 0
1083 749 4 7 47 4 0
1084 1125 2 4 4 3 0
1085 1157 3 1 76 3 0
1085 736 3 0 46 4 0
1085 1161 0 4 71 4 0
1085 1100 4 3 46 3 0
1085 251 2 9 67 5 0
1085 490 3 4 76 3 0
1086 378 0 5 69 4 0
1086 1147 0 6 4 4 0
1086 772 2 8 41 3 0
1086 212 0 1 47 4 0
1087 792 3 6 45 3 0
1087 623 3 4 65 4 0
1087 167 2 4 6 3 0
1087 644 0 1 84 4 0
1087 679 2 2 29 4 0
1087 104 2 2 45 3 0
1087 202 4 3 46 5 0
1087 736 4 5 60 3 0
1088 766 2 1 35 5 0
1088 981 3 0 5 4 0
1088 332 2 0 45 5 0
1089 56 0 8 52 4 0
1089 1030 1 8 37 4 0
1089 940 4 4 57 3 0
1089 116 2 6 40 5 0
1091 944 1 2 92 4 0
1091 884 1 3 45 5 0
1091 1 4 1 80 4 0
1091 734 3 0 7 5 0
1091 15 0 3 23 5 0
1092 1179 2 3 11 3 0
1093 874 0 0 64 4 0
1093 731 3 4 10 3 0
1093 86 0 6 42 5 0
1093 25 3 4 10 5 0
1094 353 2 8 27 5 0
1094 1190 2 2 39 4 0
1095 237 0 2 81 3 0
1095 543 2 1 46 3 0
1095 1119 3 5 85 3 0
1096 223 2 3 81 4 0
1096 69 4 1 44 4 0
1096 453 4 3 74 3 0
1096 848 2 4 6 4 0
1097 369 2 6 31 4 0
1097 986 0 6 18 3 0
1097 380 0 5 65 5 0
1098 746 0 9 34 4 0
1098 552 4 8 37 4 0
1098 1028 2 5 95 3 0
1098 880 4 5 20 3 0
1098 97 0 6 79 3 0
1098 418 0 2 20 4 0
1098 879 4 9 55 4 0
1099 1169 1 7 78 4 0
1100 570 1 7 70 4 0
1100 739 2 7 14 5 0
1100 310 4 2 78 5 0
1100 981 3 1 43 4 0
1100 630 2 0 8 4 0
1100 1069 0 8 15 5 0
1100 445 2 9 83 3 0
1101 985 0 0 1 3 0
1101 473 3 8 83 5 0
1101 107 2 6 30 5 0
1101 705 0 1 88 5 0
1101 919 2 7 80 3 0
1101 1135 1 7 7 3 0
1101 431 4 5 85 4 0
1101 687 2 6 6 5 0
1101 62 0 8 28 3 0
1101 1001 3 2 98 5 0
1102 89 1 4 33 4 0
1102 3 2 8 72 4 0
1102 534 1 4 91 4 0
1102 47 3 8 86 5 0
1103 207 1 6 15 3 0
1103 608 2 5 60 3 0
1103 713 2 2 62 3 0
1103 767 3 7 69 5 0
1104 919 2 5 94 4 0
1104 318 0 4 99 5 0
1105 636 4 3 45 4 0
1105 448 3 5 67 3 0
1105 996 2 6 75 4 0
1106 310 2 0 17 4 0
1106 886 2 5 44 4 0
1106 706 3 6 62 3 0
1106 1134 2 7 32 3 0
1106 327 3 6 91 5 0
1106 674 3 2 71 3 0
1106 1132 3 4 78 4 0
1107 1160 1 2 13 5 0
1107 1034 0 8 12 3 0
1107 617 3 2 58 5 0
1108 914 4 5 90 4 0
1108 317 2 3 34 5 0
1108 728 4 7 97 5 0
1109 654 4 3 83 5 0
1109 1113 3 5 100 3 0
1109 1068 0 9 46 4 0
1109 1174 0 1 92 3 0
1110 712 2 1 55 5 0
1110 1125 4 6 15 4 0
1110 1102 2 7 72 5 0
1110 945 1 6 70 3 0
1111 821 0 7 82 4 0
1111 934 4 0 2 5 0
1111 972 2 0 58 3 0
1111 101 1 7 84 5 0
1111 877 0 4 40 4 0
1112 38 0 5 52 3 0
1113 828 0 4 57 4 0
1113 529 1 5 33 3 0
1113 988 2 7 22 4 0
1113 43 1 5 15 5 0
1114 889 0 0 19 3 0
1114 868 0 5 31 3 0
1114 1141 1 9 93 4 0
1115 667 0 4 73 5 0
1115 328 3 3 92 3 0
1115 1178 2 1 30 3 0
1115 1077 0 0 32 4 0
1115 797 3 0 94 3 0
1115 751 2 0 54 4 0
1115 10 1 6 61 5 0
1116 26 3 0 6 5 0
1116 961 3 9 72 4 0
1116 968 1 2 28 3 0
1117 239 4 1 31 3 0
1117 701 2 1 48 3 0
1117 479 0 0 81 3 0
1117 851 0 2 17 5 0
1118 161 0 1 91 5 0
1118 252 4 2 5 5 0
1118 399 2 5 8 4 0
1119 278 4 0 38 4 0
1119 446 4 0 32 4 0
1119 277 2 9 44 3 0
1119 665 0 1 8 4 0
1119 339 1 3 55 4 0
1119 705 4 9 72 4 0
1120 545 1 0 96 5 0
1121 575 2 1 15 4 0
1121 690 3 4 39 5 0
1121 914 2 1 90 5 0
1121 683 1 6 74 5 0
1121 60 2 1 42 5 0
1121 523 4 6 16 5 0
1122 90 2 9 73 4 0
1122 1175 0 4 50 3 0
1122 350 4 3 5 4 0
1123 603 2 6 41 3 0
1123 578 0 6 81 5 0
1123 197 0 6 61 3 0
1124 1076 1 1 78 4 0
1124 1101 0 9 96 4 0
1124 97 3 0 13 5 0
1124 560 3 8 52 4 0
1125 389 1 4 68 4 0
1125 226 4 5 35 5 0
1125 438 1 0 6 5 0
1125 374 3 5 86 3 0
1126 755 1 6 95 4 0
1126 691 4 9 55 4 0
1126 1199 4 3 97 5 0
1126 407 0 7 91 5 0
1127 621 3 7 15 4 0
1127 508 2 7 57 4 0
1127 200 3 8 81 3 0
1127 820 3 3 89 4 0
1127 460 4 1 97 3 0
1127 763 4 1 17 3 0
1128 417 3 8 62 4 0
1128 838 2 8 60 3 0
1128 255 2 4 99 4 0
1129 934 0 6 94 3 0
1129 321 1 8 63 4 0
1129 628 3 6 96 5 0
1129 787 0 3 45 4 0
1129 497 4 1 90 4 0
1129 794 0 4 6 3 0
1129 1180 2 4 8 4 0
1130 905 4 0 7 3 0
1130 873 4 4 80 3 0
1130 335 1 8 30 3 0
1130 772 0 0 19 3 0
1130 643 2 3 7 5 0
1130 382 1 8 49 4 0
1131 1166 2 8 2 5 0
1131 713 0 7 75 4 0
1131 1003 1 0 73 4 0
1131 993 1 2 82 3 0
1131 549 3 4 47 5 0
1131 43 1 5 40 3 0
1131 494 3 0 98 5 0
1131 1002 3 0 74 3 0
1132 841 2 8 82 3 0
1132 1137 3 7 46 4 0
1133 495 0 9 3 5 0
1133 795 2 5 29 4 0
1133 455 4 0 5 3 0
1133 1021 0 0 72 5 0
1134 799 1 3 13 5 0
1134 293 1 8 10 3 0
1134 152 4 1 37 3 0
1135 50 3 8 79 4 0
1135 34 0 4 48 3 0
1135 351 0 2 10 3 0
1136 1175 2 9 27 4 0
1136 792 2 1 46 4 0
1136 555 3 4 69 4 0
1136 1195 1 8 45 3 0
1136 404 0 3 67 4 0
1137 484 2 4 2 5 0
1137 367 3 3 53 5 0
1137 364 1 5 14 5 0
1137 855 0 5 62 3 0
1137 17 4 0 77 3 0
1138 880 2 6 9 3 0
1138 432 2 1 98 3 0
1138 306 2 5 70 4 0
1138 44 1 5 67 5 0
1138 894 1 4 52 3 0
1138 155 1 2 17 5 0
1140 267 0 2 43 4 0
1140 540 3 9 30 4 0
1140 527 1 2 77 5 0
1140 286 0 6 67 3 0
1140 532 2 9 68 4 0
1140 825 4 6 4 3 0
1141 963 3 5 95 4 0
1141 339 2 5 91 5 0
1141 137 4 0 29 3 0
1141 1112 0 8 84 3 0
1142 402 2 9 80 5 0
1142 724 1 5 31 5 0
1142 335 1 7 66 5 0
1142 816 3 9 44 3 0
1143 308 2 8 73 3 0
1143 976 1 7 56 3 0
1143 1028 4 1 64 4 0
1143 516 4 6 92 5 0
1143 730 2 3 19 5 0
1143 1193 1 8 57 3 0
1144 734 0 1 75 3 0
1144 620 3 2 37 5 0
1145 323 0 8 91 5 0
1145 747 1 4 64 3 0
1146 791 3 6 33 3 0
1147 160 4 4 96 5 0
1147 1087 2 0 65 3 0
1147 21 2 0 50 4 0
1148 1058 4 0 70 4 0
1148 327 2 6 91 5 0
1148 1144 1 4 31 5 0
1148 333 3 1 57 5 0
1149 162 3 9 69 5 0
1149 185 4 9 98 3 0
1149 112 1 5 10 5 0
1149 890 2 6 11 5 0
1150 80 2 2 57 5 0
1150 223 0 9 2 4 0
1150 414 2 5 74 4 0
1150 868 0 8 31 3 0
1150 533 1 5 85 5 0
1150 1090 0 9 17 4 0
1150 659 4 7 39 3 0
1150 1138 4 9 67 5 0
1151 1170 0 4 81 3 0
1151 996 1 4 24 5 0
1151 912 1 8 68 4 0
1151 983 3 0 95 4 0
1151 588 4 0 100 3 0
1151 727 2 6 89 3 0
1151 1052 4 2 15 3 0
1151 131 0 5 26 5 0
1151 449 4 0 95 5 0
1151 596 0 8 63 3 0
1152 120 3 4 87 5 0
1152 1104 3 0 90 4 0
1152 562 1 5 16 4 0
1152 398 3 8 63 5 0
1152 68 4 0 95 4 0
1153 574 2 4 46 5 0
1153 240 3 7 40 3 0
1153 687 3 1 85 5 0
1153 1117 0 9 44 3 0
1153 1162 1 3 79 4 0
1155 1136 4 3 50 5 0
1155 517 1 2 24 4 0
1155 707 1 7 95 4 0
1155 452 1 1 40 3 0
1155 244 1 9 48 4 0
1155 572 1 3 7 5 0
1155 239 4 9 5 5 0
1155 992 3 2 51 3 0
1155 612 4 9 57 5 0
1156 297 0 5 74 4 0
1156 398 3 0 68 4 0
1156 656 2 7 20 4 0
1156 291 1 0 9 4 0
1156 868 4 8 27 4 0
1156 499 1 8 3 3 0
1157 849 2 0 7 4 0
1157 727 2 6 24 5 0
1157 416 2 0 93 3 0
1157 467 1 0 60 4 0
1157 275 2 3 99 3 0
1157 755 3 5 4 4 0
1158 1130 0 9 86 4 0
1158 649 0 1 60 4 0
1158 321 0 8 91 4 0
1158 428 3 3 87 3 0
1158 1123 3 2 91 4 0
1159 853 0 8 60 4 0
1159 728 2 7 67 4 0
1159 991 2 7 2 5 0
1159 1190 4 9 35 3 0
1160 641 0 0 76 5 0
1160 695 1 9 74 3 0
1160 927 0 3 28 3 0
1160 1083 4 1 39 5 0
1160 1072 0 5 89 3 0
1160 367 4 9 45 4 0
1160 684 0 5 10 5 0
1160 130 2 8 100 4 0
1161 189 1 5 99 4 0
1161 412 2 8 61 3 0
1161 962 4 5 31 3 0
1161 1023 4 2 26 5 0
1161 345 4 9 94 3 0
1162 817 4 1 1 5 0
1162 838 4 3 7 3 0
1162 94 0 4 45 5 0
1163 543 3 4 44 5 0
1163 521 3 9 66 3 0
1163 1034 2 9 72 4 0
1163 267 3 6 46 4 0
1163 853 4 8 2 3 0
1163 328 1 5 20 4 0
1164 721 4 9 100 3 0
1164 650 0 3 36 3 0
1164 158 4 2 95 3 0
1165 2 2 3 33 3 0
1166 521 0 4 65 5 0
1166 343 4 2 43 3 0
1166 832 1 3 89 3 0
1166 774 1 5 3 3 0
1167 874 0 5 6 4 0
1167 258 0 8 20 5 0
1168 1103 4 5 64 5 0
1168 607 1 8 65 5 0
1168 141 1 7 52 3 0
1169 1152 4 0 2 4 0
1169 499 0 4 37 3 0
1169 768 2 1 66 4 0
1169 302 2 3 58 4 0
1169 964 3 2 98 3 0
1169 954 4 4 71 3 0
1170 477 2 1 9 4 0
1170 1075 1 8 7 4 0
1170 230 3 1 86 4 0
1170 970 1 2 33 3 0
1170 1108 2 3 63 5 0
1171 428 1 5 96 5 0
1171 415 0 3 58 5 0
1171 1028 2 8 26 3 0
1171 27 2 9 63 3 0
1172 1163 3 6 89 5 0
1172 266 4 0 21 3 0
1172 592 1 0 87 4 0
1172 1058 1 9 24 3 0
1172 459 2 4 74 4 0
1173 439 3 2 77 4 0
1173 150 0 3 78 5 0
1173 515 1 0 2 3 0
1173 1011 4 2 15 4 0
1173 1198 0 8 36 5 0
1174 843 2 9 71 3 0
1174 887 4 1 5 3 0
1174 788 4 5 1 3 0
1174 779 3 8 30 3 0
1175 757 4 3 43 3 0
1175 423 1 7 32 4 0
1175 369 1 7 65 3 0
1175 758 4 2 19 4 0
1175 1119 0 3 38 4 0
1176 949 2 0 34 4 0
1176 389 3 0 82 4 0
1176 1142 0 0 19 5 0
1177 882 4 6 91 3 0
1177 386 2 8 87 4 0
1177 481 4 0 42 3 0
1177 976 0 4 30 3 0
1179 1080 2 9 75 3 0
1179 85 2 9 52 5 0
1179 503 1 8 5 5 0
1180 367 4 9 62 3 0
1180 314 3 6 66 3 0
1180 22 0 8 10 3 0
1180 925 0 3 48 4 0
1180 729 0 3 56 4 0
1181 274 1 2 40 4 0
1181 219 1 3 18 5 0
1181 345 4 7 95 3 0
1181 1112 3 0 94 4 0
1181 819 1 2 70 4 0
1181 1146 1 9 66 4 0
1181 4 3 1 75 4 0
1182 292 3 0 37 3 0
1182 792 0 0 64 4 0
1182 258 1 6 64 5 0
1182 1047 4 4 18 3 0
1182 61 4 0 51 4 0
1183 1078 2 1 50 3 0
1183 759 4 6 77 5 0
1184 110 0 2 89 4 0
1184 660 3 9 94 4 0
1184 1092 4 4 23 3 0
1185 716 0 2 4 4 0
1185 454 1 5 68 3 0
1185 603 3 2 29 3 0
1185 322 4 9 13 4 0
1185 203 3 6 15 3 0
1186 211 3 6 45 3 0
1186 864 3 5 87 5 0
1186 343 3 6 54 4 0
1187 328 3 8 8 5 0
1187 765 4 8 94 3 0
1187 16 1 9 64 3 0
1188 218 3 6 28 3 0
1188 998 0 9 40 5 0
1189 1139 2 8 32 3 0
1189 958 4 9 30 5 0
1190 1030 4 5 48 4 0
1190 433 2 6 56 5 0
1190 1060 3 6 15 5 0
1191 408 4 8 71 4 0
1191 924 2 7 51 4 0
1191 1006 4 3 29 5 0
1191 504 1 2 47 3 0
1192 830 2 8 5 4 0
1192 981 3 4 21 3 0
1192 352 2 4 72 3 0
1192 303 4 0 99 4 0
1192 746 4 0 78 3 0
1192 1078 0 1 8 5 0
1192 1179 0 6 79 4 0
1193 814 1 1 63 5 0
1193 398 3 8 74 5 0
1193 968 3 9 65 5 0
1193 1192 1 2 64 3 0
1193 114 4 8 64 4 0
1193 369 1 2 76 4 0
1193 922 2 3 3 5 0
1194 92 3 8 91 4 0
1195 363 1 5 6 5 0
1195 924 2 6 69 5 0
1195 339 0 8 60 3 0
1195 1086 0 3 40 5 0
1195 1085 0 2 52 4 0
1195 159 0 4 60 4 0
1195 710 0 3 85 4 0
1195 88 4 1 3 5 0
1196 418 1 6 56 3 0
1196 207 3 7 54 3 0
1196 648 4 5 1 3 0
1196 913 1 0 88 3 0
1196 556 3 4 68 4 0
1196 66 4 0 20 4 0
1197 283 1 5 34 5 0
1197 912 3 9 67 4 0
1197 509 0 6 95 3 0
1197 21 2 3 98 3 0
1198 1161 3 3 37 4 0
1198 228 2 1 27 3 0
1198 272 4 3 37 3 0
1198 962 1 4 80 5 0
1198 957 3 6 21 3 0
1198 588 4 9 3 4 0
1198 895 4 2 94 4 0
1198 112 3 9 79 4 0
1198 709 3 0 54 5 0
1198 12 3 9 85 5 0
1199 267 0 1 93 3 0

