10

5
0 20 20 20 20 20 20 20 20 20 20
1 20 20 20 20 20 20 20 20 20 20
2 20 20 20 20 20 20 20 20 20 20
3 20 20 20 20 20 20 20 20 20 20
4 20 20 20 20 20 20 20 20 20 20

25
309 532 100000 6 1
0 126 2 2
1 108 6 8
2 137 8 7
5 113 4 6
6 140 6 6
9 127 2 9
1007 829 100000 6 0
0 139 2 1
1 117 4 4
2 136 4 1
3 100 10 5
4 117 3 6
9 138 8 3
560 1138 100000 6 1
1 107 10 1
2 133 4 7
3 111 3 2
5 107 5 1
6 141 6 7
9 129 9 1
336 240 100000 6 0
0 147 2 2
1 121 5 2
5 142 5 1
7 150 1 4
8 114 9 9
9 144 1 3
48 1079 100000 6 3
1 124 3 2
2 128 8 1
3 111 4 5
4 125 2 5
6 113 6 10
8 119 3 2
9 565 100000 6 4
0 104 10 8
1 113 1 9
4 104 9 10
5 121 1 3
6 117 5 10
7 106 1 1
432 423 100000 6 2
1 103 3 10
4 124 9 7
5 125 5 1
6 149 8 2
7 137 8 6
9 114 4 5
922 689 100000 6 1
0 105 6 1
2 148 2 8
3 115 9 3
5 118 1 3
6 143 6 6
9 133 3 1
470 886 100000 6 1
3 141 5 10
4 148 2 8
6 117 6 3
7 129 4 8
8 108 6 6
9 140 9 3
1103 252 100000 6 4
0 113 9 9
3 145 5 8
4 140 3 3
5 108 5 1
6 136 2 3
8 121 5 4
650 174 100000 6 0
0 102 8 8
1 125 9 2
2 141 3 5
4 132 9 7
7 110 8 8
8 143 9 8
313 365 100000 6 3
1 107 4 4
3 146 5 4
4 132 5 7
6 130 2 6
7 133 4 3
8 135 10 6
598 308 100000 6 1
0 146 3 9
2 104 3 10
4 132 9 1
5 107 5 7
6 136 2 9
8 112 10 8
910 834 100000 6 4
0 110 4 5
1 114 2 2
2 135 9 10
4 128 7 6
7 150 4 9
9 146 3 9
114 924 100000 6 4
0 140 2 6
1 100 1 10
4 147 3 3
5 114 2 8
6 126 1 1
8 138 4 7
1106 1149 100000 6 0
1 109 10 2
3 147 1 6
4 111 4 3
5 114 5 1
7 107 1 4
8 127 9 10
775 565 100000 6 0
0 132 9 9
1 130 3 3
2 113 9 6
5 108 3 5
8 150 2 3
9 135 5 8
416 173 100000 6 2
0 119 6 1
1 116 1 8
2 100 6 5
5 144 8 8
8 150 5 1
9 101 1 2
41 1043 100000 6 3
0 125 1 5
1 147 1 9
4 137 2 1
6 120 2 8
7 127 2 6
9 133 1 1
240 1154 100000 6 3
0 104 9 2
3 145 2 4
5 116 10 8
7 129 8 1
8 102 8 2
9 111 3 10
1069 443 100000 6 4
0 122 10 10
2 129 6 8
3 131 1 5
4 138 2 6
8 147 4 5
9 149 3 10
1193 1172 100000 6 2
0 112 2 8
1 129 9 5
2 114 1 7
3 115 5 6
4 119 4 6
8 131 7 2
419 417 100000 6 3
2 104 1 3
3 130 4 10
5 137 9 1
6 130 5 1
7 106 9 8
8 102 4 2
34 275 100000 6 2
0 113 5 9
1 117 6 4
3 145 4 7
5 103 5 9
6 139 1 9
8 115 8 6
862 670 100000 6 2
1 117 3 2
2 144 3 1
5 108 4 2
6 137 1 4
7 105 6 4
9 102 8 4

500
3 478 4 7 43 3 0
5 623 0 5 32 3 0
9 586 1 0 57 4 0
10 997 3 8 46 3 0
12 1169 3 4 82 5 0
13 790 2 1 37 5 0
14 1032 1 4 24 4 0
16 299 0 8 74 5 0
21 507 1 8 35 4 0
24 737 2 0 78 5 0
25 347 3 7 96 3 0
26 163 4 2 84 4 0
28 880 4 6 42 5 0
32 1065 2 1 80 3 0
36 322 2 5 79 5 0
39 651 1 3 81 4 0
44 391 4 8 25 4 0
45 55 4 3 50 3 0
46 183 0 6 49 5 0
48 529 4 2 40 4 0
49 233 3 2 50 4 0
51 936 1 4 96 3 0
54 533 1 4 59 3 0
55 1121 4 3 97 4 0
56 302 0 0 18 5 0
57 28 2 4 4 5 0
61 965 1 4 86 3 0
62 987 3 2 47 3 0
63 462 0 8 78 5 0
64 58 2 0 31 3 0
65 572 0 4 15 3 0
70 170 4 2 62 5 0
71 455 4 6 62 3 0
72 965 4 1 73 3 0
76 448 1 3 91 3 0
79 75 4 8 49 3 0
80 992 2 8 25 4 0
81 981 3 1 46 4 0
82 383 0 8 87 5 0
84 858 2 5 85 4 0
86 510 3 5 54 3 0
88 100 4 8 45 3 0
90 117 2 1 65 5 0
91 46 2 9 16 5 0
93 932 0 5 64 4 0
96 938 2 9 71 5 0
102 651 3 4 65 4 0
103 940 4 3 79 5 0
105 583 0 1 96 3 0
106 984 3 8 60 4 0
107 282 4 0 68 4 0
108 5 0 1 80 4 0
111 766 3 5 40 3 0
112 227 3 9 20 3 0
114 370 3 7 53 4 0
116 158 2 3 90 5 0
118 41 1 2 98 3 0
120 1008 0 8 39 4 0
122 171 0 5 1 5 0
125 187 1 2 77 3 0
126 1174 3 6 62 3 0
129 1022 3 7 88 3 0
132 241 0 7 54 5 0
136 504 3 8 63 4 0
138 236 4 2 97 3 0
140 295 3 3 92 5 0
144 903 0 4 64 3 0
151 464 0 5 87 3 0
152 1173 4 7 42 3 0
154 53 1 2 97 3 0
158 892 1 8 20 5 0
160 639 0 0 77 3 0
161 130 2 2 36 3 0
162 223 4 1 36 3 0
164 338 3 0 85 4 0
166 907 1 2 10 3 0
167 1093 1 8 56 3 0
169 434 4 4 45 5 0
170 1072 0 0 92 3 0
171 737 4 2 46 5 0
172 614 2 2 34 5 0
173 467 1 2 81 5 0
175 994 1 6 89 5 0
177 1084 2 0 92 3 0
180 1115 4 6 46 4 0
185 679 1 3 18 5 0
187 115 1 4 37 3 0
188 370 3 9 37 4 0
189 836 1 1 46 4 0
195 2 0 2 19 4 0
200 359 4 7 26 4 0
201 215 0 6 15 4 0
204 904 3 1 91 4 0
206 415 3 9 42 5 0
207 252 4 6 8 3 0
209 892 1 6 75 5 0
214 562 4 6 6 4 0
219 540 0 5 92 4 0
220 524 0 8 53 4 0
221 338 3 7 6 3 0
222 789 3 0 67 3 0
223 33 0 8 54 3 0
224 642 1 3 50 3 0
226 758 0 9 74 4 0
227 922 3 7 35 3 0
228 587 3 3 35 3 0
229 1085 2 5 55 5 0
235 357 4 7 9 5 0
236 996 0 3 15 4 0
238 5 4 4 80 5 0
239 9 0 9 66 3 0
240 645 1 6 72 3 0
241 396 1 1 90 5 0
242 379 1 0 57 5 0
243 295 3 2 87 4 0
245 71 3 0 53 3 0
251 707 2 2 23 4 0
254 957 4 1 92 3 0
259 208 0 2 42 4 0
260 1015 2 1 60 5 0
263 965 2 8 85 5 0
264 647 3 1 29 4 0
267 49 4 4 21 4 0
270 9 2 1 44 4 0
271 1045 2 0 96 4 0
272 393 1 4 15 4 0
274 1107 0 5 21 3 0
275 602 1 3 6 4 0
276 94 3 0 7 4 0
279 514 3 2 83 3 0
280 48 4 9 41 3 0
281 894 1 6 35 3 0
284 298 1 9 85 4 0
286 117 4 9 72 4 0
287 1151 2 0 41 5 0
290 315 2 2 14 3 0
291 49 2 0 94 3 0
296 232 3 4 67 4 0
299 959 3 3 75 3 0
301 473 2 0 3 4 0
304 359 2 0 84 4 0
307 384 1 9 34 3 0
310 987 1 9 30 5 0
315 556 2 5 29 5 0
317 519 3 4 39 5 0
318 14 0 9 5 4 0
319 633 1 8 24 3 0
321 395 0 6 31 5 0
322 441 3 1 22 3 0
323 797 1 1 49 4 0
324 794 1 4 47 5 0
327 332 3 7 33 4 0
328 992 1 6 28 4 0
334 318 1 2 8 3 0
336 451 0 6 2 5 0
339 547 1 1 37 3 0
340 479 0 1 64 5 0
341 710 1 1 4 5 0
344 908 4 9 48 3 0
345 205 1 8 42 4 0
347 428 4 8 54 5 0
348 800 1 4 32 4 0
357 1150 3 5 43 4 0
360 582 3 7 43 5 0
362 1168 1 8 85 3 0
364 522 1 4 87 3 0
365 135 0 9 72 3 0
366 796 4 7 41 5 0
367 534 1 5 77 4 0
369 1127 3 5 65 4 0
370 857 4 7 40 3 0
376 301 3 0 18 4 0
379 254 3 2 8 5 0
380 541 4 9 15 5 0
384 723 0 0 82 5 0
385 50 0 9 42 3 0
387 1079 4 2 67 4 0
395 1009 2 5 23 3 0
396 558 4 5 64 4 0
401 1165 2 0 22 3 0
403 575 0 7 3 5 0
414 399 1 0 83 3 0
416 531 3 2 9 4 0
419 205 2 0 68 3 0
420 766 2 1 66 4 0
425 409 4 9 10 5 0
428 449 3 7 6 5 0
430 185 1 8 49 3 0
431 339 0 0 69 5 0
434 736 4 5 50 5 0
435 111 1 1 3 5 0
437 654 4 6 71 3 0
440 975 3 2 85 3 0
441 836 2 4 33 3 0
442 544 2 5 4 3 0
443 13 1 0 55 3 0
444 512 3 5 2 4 0
446 488 4 9 3 5 0
447 146 3 0 16 4 0
449 13 1 3 62 4 0
450 771 1 6 89 4 0
452 30 2 7 48 3 0
453 108 1 7 68 5 0
454 953 3 9 9 3 0
457 1181 1 9 75 3 0
459 103 4 7 30 4 0
460 8 0 8 3 4 0
464 564 2 7 74 4 0
468 1126 2 4 69 5 0
469 343 1 8 3 5 0
472 356 3 7 4 3 0
473 269 3 3 1 3 0
475 737 1 8 94 4 0
477 270 2 0 13 4 0
478 23 0 7 30 3 0
479 318 0 6 7 4 0
480 932 2 3 82 4 0
493 547 0 4 98 4 0
494 302 0 4 96 3 0
495 1198 0 7 91 5 0
498 297 2 0 35 3 0
499 121 0 7 49 5 0
503 631 0 0 43 3 0
504 1080 2 7 19 4 0
506 683 3 0 67 4 0
508 1062 3 4 16 3 0
511 1018 3 6 78 4 0
513 605 3 1 65 4 0
516 983 3 9 49 3 0
517 633 2 9 65 4 0
519 248 4 0 92 4 0
523 1082 3 9 29 4 0
528 894 1 4 19 4 0
529 711 1 5 83 3 0
532 525 0 9 44 3 0
533 159 4 7 5 5 0
534 1035 4 6 59 3 0
537 396 3 0 74 3 0
541 1076 3 0 43 3 0
543 540 1 3 20 3 0
557 260 2 9 80 5 0
559 1083 0 6 2 4 0
561 120 4 0 94 5 0
562 1060 1 5 18 5 0
564 1184 3 7 71 3 0
566 814 0 6 15 4 0
569 584 4 8 60 5 0
570 191 1 9 19 5 0
575 411 2 3 49 4 0
577 662 1 0 60 4 0
578 893 4 5 29 3 0
579 697 0 5 41 4 0
582 1053 4 8 32 3 0
583 103 4 7 89 5 0
586 645 3 1 26 5 0
587 207 1 1 46 3 0
588 698 1 2 51 3 0
590 809 3 9 8 3 0
591 922 3 7 35 3 0
592 1136 1 4 33 4 0
594 701 0 0 12 3 0
595 587 3 1 52 5 0
604 1157 3 7 51 4 0
607 595 2 7 82 5 0
609 928 1 1 6 3 0
611 1193 4 6 31 3 0
612 603 1 8 52 3 0
614 1038 2 3 14 3 0
617 1050 3 5 44 5 0
618 199 4 1 75 3 0
619 396 3 6 13 3 0
621 285 3 6 2 3 0
625 56 0 7 23 4 0
626 465 3 2 86 5 0
630 1104 4 0 63 5 0
632 479 4 5 98 4 0
635 336 3 8 55 5 0
639 830 0 3 62 4 0
642 1116 1 6 73 5 0
646 350 0 0 88 3 0
648 122 0 6 16 5 0
649 137 2 9 56 3 0
653 1156 3 3 26 5 0
654 479 2 3 16 3 0
655 104 0 1 4 4 0
659 272 0 2 61 3 0
664 397 2 9 3 4 0
666 1045 1 8 2 5 0
670 151 2 1 84 4 0
671 594 4 3 41 5 0
673 1113 1 1 80 3 0
674 454 2 4 31 3 0
678 777 0 7 67 4 0
680 795 1 7 91 4 0
683 453 0 6 53 3 0
685 881 3 7 18 5 0
688 212 3 8 47 4 0
691 255 4 7 81 3 0
694 826 2 2 19 3 0
696 415 2 5 35 3 0
697 765 1 2 25 5 0
702 50 3 4 89 5 0
706 556 0 5 31 5 0
707 1018 3 3 84 3 0
710 85 0 0 84 4 0
715 174 3 5 87 4 0
717 253 2 7 49 3 0
718 732 1 7 14 3 0
721 830 4 9 49 4 0
723 79 3 7 10 3 0
725 269 3 8 86 4 0
728 941 1 5 67 4 0
733 1023 3 3 20 3 0
735 580 4 7 56 5 0
737 411 4 6 34 3 0
740 660 0 7 81 4 0
741 757 2 4 48 4 0
746 1029 0 4 34 4 0
750 386 1 7 12 3 0
752 134 0 8 4 4 0
755 965 1 3 23 4 0
757 781 1 5 73 4 0
758 657 3 9 56 5 0
762 1169 3 3 88 4 0
766 1016 4 6 18 5 0
768 270 2 7 94 5 0
769 111 2 7 52 4 0
770 173 2 7 58 4 0
771 576 4 0 8 5 0
775 45 2 7 65 4 0
777 767 4 5 32 4 0
780 265 2 1 51 5 0
784 1158 4 9 64 3 0
785 354 2 2 98 3 0
786 552 0 1 9 5 0
791 551 0 8 51 4 0
796 1000 1 9 53 4 0
797 124 2 9 85 5 0
799 682 3 5 59 4 0
800 875 1 3 80 3 0
804 311 4 6 49 4 0
805 218 0 2 100 5 0
806 771 3 0 55 4 0
807 1054 2 1 25 4 0
811 615 4 5 98 3 0
812 177 3 3 59 3 0
814 279 4 5 41 5 0
817 1091 0 8 28 3 0
818 154 3 6 79 3 0
821 1194 4 5 27 5 0
824 217 3 6 9 4 0
825 930 0 8 48 3 0
829 936 0 8 10 3 0
834 470 4 4 87 3 0
835 83 4 9 94 5 0
836 458 0 6 40 3 0
837 143 4 4 71 4 0
839 1155 2 6 14 3 0
852 28 0 8 45 3 0
854 906 3 5 13 3 0
855 444 2 0 58 3 0
856 791 0 9 77 5 0
857 593 4 5 74 5 0
858 994 0 1 79 4 0
864 437 0 6 38 4 0
865 799 1 2 76 5 0
867 343 1 1 33 5 0
869 144 4 0 15 3 0
870 863 2 3 77 3 0
871 869 1 5 10 4 0
872 780 1 7 58 5 0
874 808 1 1 28 3 0
875 706 1 4 2 4 0
876 806 0 4 98 4 0
878 1044 3 8 25 5 0
880 369 3 0 26 3 0
883 959 4 7 27 5 0
884 123 2 1 83 5 0
891 792 0 1 59 4 0
893 51 0 0 73 3 0
896 499 3 8 45 4 0
898 217 3 4 31 4 0
899 1013 0 0 51 4 0
903 1125 2 7 22 4 0
905 954 3 3 98 3 0
906 913 3 8 4 3 0
907 390 0 5 89 4 0
909 1151 1 7 42 3 0
910 824 4 0 87 5 0
911 3 0 7 81 4 0
917 519 3 5 11 4 0
918 1138 0 3 17 4 0
922 186 1 2 60 4 0
928 941 4 7 2 4 0
929 566 3 0 61 5 0
932 645 2 4 97 5 0
933 351 4 9 63 4 0
935 539 1 3 57 4 0
936 322 1 8 69 3 0
939 248 2 0 23 4 0
941 182 3 1 10 5 0
949 772 0 8 12 4 0
950 1153 4 7 36 4 0
952 1158 0 0 3 3 0
953 1098 0 0 23 4 0
954 1075 1 7 63 4 0
955 473 3 6 72 3 0
957 693 0 5 35 3 0
959 1012 2 3 83 4 0
961 32 4 3 33 5 0
962 1097 0 1 88 5 0
964 247 0 8 44 3 0
965 233 3 0 60 5 0
968 817 1 3 89 4 0
969 109 0 6 2 5 0
974 131 1 8 14 5 0
976 103 2 8 44 3 0
977 1046 3 2 91 5 0
978 965 3 4 74 4 0
987 1026 3 8 28 5 0
990 184 4 4 9 3 0
991 438 2 2 82 5 0
992 130 4 5 83 5 0
995 1026 0 0 11 3 0
997 283 1 6 15 5 0
998 1132 0 6 47 4 0
1000 1094 2 2 43 5 0
1002 423 0 0 95 5 0
1009 58 4 3 40 4 0
1010 247 0 4 98 3 0
1016 60 1 9 10 4 0
1020 1002 4 3 16 3 0
1021 668 4 2 77 5 0
1022 1110 3 7 59 4 0
1023 886 0 6 75 3 0
1024 425 2 4 56 4 0
1028 1119 3 2 45 4 0
1029 1111 3 7 84 3 0
1030 686 3 0 100 3 0
1032 218 3 2 66 4 0
1034 407 2 1 18 4 0
1035 1056 1 1 33 4 0
1039 181 2 5 27 5 0
1040 149 2 5 7 4 0
1046 709 1 5 80 3 0
1048 156 1 4 71 5 0
1050 289 1 6 80 4 0
1053 283 2 6 81 5 0
1055 56 3 9 60 4 0
1056 792 4 0 70 4 0
1058 329 1 5 39 5 0
1061 825 4 4 57 3 0
1063 532 1 8 28 4 0
1070 794 0 9 77 4 0
1072 710 1 6 34 5 0
1075 170 3 5 40 4 0
1077 106 3 4 66 3 0
1078 241 1 7 94 4 0
1085 903 2 3 94 4 0
1088 1109 4 3 2 4 0
1089 1018 1 1 18 5 0
1091 682 4 9 46 3 0
1101 466 3 3 24 5 0
1105 370 2 7 32 4 0
1106 419 0 8 94 3 0
1109 334 3 9 76 4 0
1114 1064 3 7 27 4 0
1115 801 2 0 98 3 0
1124 32 4 0 53 3 0
1127 590 4 5 62 4 0
1128 233 2 4 76 3 0
1129 999 3 9 79 3 0
1130 954 2 6 33 4 0
1131 1175 2 2 69 3 0
1135 855 4 1 12 4 0
1137 925 1 6 82 5 0
1138 346 4 5 94 3 0
1140 507 4 9 45 5 0
1149 143 0 4 95 5 0
1150 1176 1 5 83 3 0
1151 501 0 3 81 4 0
1152 415 4 9 1 3 0
1153 274 2 3 36 4 0
1155 951 4 8 4 5 0
1162 221 1 0 71 5 0
1166 973 2 1 81 3 0
1168 1102 3 8 29 4 0
1169 167 3 1 35 3 0
1171 649 2 5 78 3 0
1177 317 1 5 29 5 0
1179 203 2 0 57 4 0
1180 556 4 0 32 5 0
1182 1182 0 9 11 3 0
1185 488 4 8 13 3 0
1191 647 3 3 1 3 0
1192 408 2 5 4 4 0
1193 674 2 9 73 4 0
1195 350 1 1 73 3 0
1197 169 0 5 80 5 0
1198 1172 3 7 53 3 0

