10

5
0 20 20 20 20 20 20 20 20 20 20
1 20 20 20 20 20 20 20 20 20 20
2 20 20 20 20 20 20 20 20 20 20
3 20 20 20 20 20 20 20 20 20 20
4 20 20 20 20 20 20 20 20 20 20

25
309 532 100000 6 1
0 126 2 2
1 108 6 8
2 137 8 7
5 113 4 6
6 140 6 6
9 127 2 9
1007 829 100000 6 0
0 139 2 1
1 117 4 4
2 136 4 1
3 100 10 5
4 117 3 6
9 138 8 3
560 1138 100000 6 1
1 107 10 1
2 133 4 7
3 111 3 2
5 107 5 1
6 141 6 7
9 129 9 1
336 240 100000 6 0
0 147 2 2
1 121 5 2
5 142 5 1
7 150 1 4
8 114 9 9
9 144 1 3
48 1079 100000 6 3
1 124 3 2
2 128 8 1
3 111 4 5
4 125 2 5
6 113 6 10
8 119 3 2
9 565 100000 6 4
0 104 10 8
1 113 1 9
4 104 9 10
5 121 1 3
6 117 5 10
7 106 1 1
432 423 100000 6 2
1 103 3 10
4 124 9 7
5 125 5 1
6 149 8 2
7 137 8 6
9 114 4 5
922 689 100000 6 1
0 105 6 1
2 148 2 8
3 115 9 3
5 118 1 3
6 143 6 6
9 133 3 1
470 886 100000 6 1
3 141 5 10
4 148 2 8
6 117 6 3
7 129 4 8
8 108 6 6
9 140 9 3
1103 252 100000 6 4
0 113 9 9
3 145 5 8
4 140 3 3
5 108 5 1
6 136 2 3
8 121 5 4
650 174 100000 6 0
0 102 8 8
1 125 9 2
2 141 3 5
4 132 9 7
7 110 8 8
8 143 9 8
313 365 100000 6 3
1 107 4 4
3 146 5 4
4 132 5 7
6 130 2 6
7 133 4 3
8 135 10 6
598 308 100000 6 1
0 146 3 9
2 104 3 10
4 132 9 1
5 107 5 7
6 136 2 9
8 112 10 8
910 834 100000 6 4
0 110 4 5
1 114 2 2
2 135 9 10
4 128 7 6
7 150 4 9
9 146 3 9
114 924 100000 6 4
0 140 2 6
1 100 1 10
4 147 3 3
5 114 2 8
6 126 1 1
8 138 4 7
1106 1149 100000 6 0
1 109 10 2
3 147 1 6
4 111 4 3
5 114 5 1
7 107 1 4
8 127 9 10
775 565 100000 6 0
0 132 9 9
1 130 3 3
2 113 9 6
5 108 3 5
8 150 2 3
9 135 5 8
416 173 100000 6 2
0 119 6 1
1 116 1 8
2 100 6 5
5 144 8 8
8 150 5 1
9 101 1 2
41 1043 100000 6 3
0 125 1 5
1 147 1 9
4 137 2 1
6 120 2 8
7 127 2 6
9 133 1 1
240 1154 100000 6 3
0 104 9 2
3 145 2 4
5 116 10 8
7 129 8 1
8 102 8 2
9 111 3 10
1069 443 100000 6 4
0 122 10 10
2 129 6 8
3 131 1 5
4 138 2 6
8 147 4 5
9 149 3 10
1193 1172 100000 6 2
0 112 2 8
1 129 9 5
2 114 1 7
3 115 5 6
4 119 4 6
8 131 7 2
419 417 100000 6 3
2 104 1 3
3 130 4 10
5 137 9 1
6 130 5 1
7 106 9 8
8 102 4 2
34 275 100000 6 2
0 113 5 9
1 117 6 4
3 145 4 7
5 103 5 9
6 139 1 9
8 115 8 6
862 670 100000 6 2
1 117 3 2
2 144 3 1
5 108 4 2
6 137 1 4
7 105 6 4
9 102 8 4

700
0 789 3 0 67 3 0
2 33 0 8 54 3 0
3 642 1 3 50 3 0
5 758 0 9 74 4 0
9 922 3 7 35 3 0
10 587 3 3 35 3 0
12 1085 2 5 55 5 0
13 357 4 7 9 5 0
14 996 0 3 15 4 0
16 5 4 4 80 5 0
19 9 0 9 66 3 0
21 645 1 6 72 3 0
24 396 1 1 90 5 0
25 379 1 0 57 5 0
26 295 3 2 87 4 0
28 71 3 0 53 3 0
32 707 2 2 23 4 0
34 957 4 1 92 3 0
35 208 0 2 42 4 0
36 1015 2 1 60 5 0
39 965 2 8 85 5 0
41 647 3 1 29 4 0
44 49 4 4 21 4 0
45 9 2 1 44 4 0
46 1045 2 0 96 4 0
48 393 1 4 15 4 0
49 1107 0 5 21 3 0
51 602 1 3 6 4 0
53 94 3 0 7 4 0
54 514 3 2 83 3 0
55 48 4 9 41 3 0
56 894 1 6 35 3 0
57 298 1 9 85 4 0
58 117 4 9 72 4 0
61 1151 2 0 41 5 0
62 315 2 2 14 3 0
63 49 2 0 94 3 0
64 232 3 4 67 4 0
65 959 3 3 75 3 0
68 473 2 0 3 4 0
70 359 2 0 84 4 0
71 384 1 9 34 3 0
72 987 1 9 30 5 0
75 556 2 5 29 5 0
76 519 3 4 39 5 0
79 14 0 9 5 4 0
80 633 1 8 24 3 0
81 395 0 6 31 5 0
82 441 3 1 22 3 0
84 797 1 1 49 4 0
85 794 1 4 47 5 0
86 332 3 7 33 4 0
88 992 1 6 28 4 0
90 318 1 2 8 3 0
91 451 0 6 2 5 0
92 547 1 1 37 3 0
93 479 0 1 64 5 0
94 710 1 1 4 5 0
96 908 4 9 48 3 0
99 205 1 8 42 4 0
100 428 4 8 54 5 0
102 800 1 4 32 4 0
103 1150 3 5 43 4 0
104 582 3 7 43 5 0
105 1168 1 8 85 3 0
106 522 1 4 87 3 0
107 135 0 9 72 3 0
108 796 4 7 41 5 0
111 534 1 5 77 4 0
112 1127 3 5 65 4 0
113 857 4 7 40 3 0
114 301 3 0 18 4 0
115 254 3 2 8 5 0
116 541 4 9 15 5 0
117 723 0 0 82 5 0
118 50 0 9 42 3 0
120 1079 4 2 67 4 0
122 1009 2 5 23 3 0
125 558 4 5 64 4 0
126 1165 2 0 22 3 0
129 575 0 7 3 5 0
130 399 1 0 83 3 0
132 531 3 2 9 4 0
136 205 2 0 68 3 0
138 766 2 1 66 4 0
140 409 4 9 10 5 0
143 449 3 7 6 5 0
144 185 1 8 49 3 0
146 339 0 0 69 5 0
150 736 4 5 50 5 0
151 111 1 1 3 5 0
152 654 4 6 71 3 0
153 975 3 2 85 3 0
154 836 2 4 33 3 0
158 544 2 5 4 3 0
160 13 1 0 55 3 0
161 512 3 5 2 4 0
162 488 4 9 3 5 0
163 146 3 0 16 4 0
164 13 1 3 62 4 0
166 771 1 6 89 4 0
167 30 2 7 48 3 0
169 108 1 7 68 5 0
170 953 3 9 9 3 0
171 1181 1 9 75 3 0
172 103 4 7 30 4 0
173 8 0 8 3 4 0
175 564 2 7 74 4 0
177 1126 2 4 69 5 0
180 343 1 8 3 5 0
183 356 3 7 4 3 0
185 269 3 3 1 3 0
187 737 1 8 94 4 0
188 270 2 0 13 4 0
189 23 0 7 30 3 0
193 318 0 6 7 4 0
195 932 2 3 82 4 0
196 547 0 4 98 4 0
200 302 0 4 96 3 0
201 1198 0 7 91 5 0
202 297 2 0 35 3 0
203 121 0 7 49 5 0
204 631 0 0 43 3 0
206 1080 2 7 19 4 0
207 683 3 0 67 4 0
209 1062 3 4 16 3 0
212 1018 3 6 78 4 0
213 605 3 1 65 4 0
214 983 3 9 49 3 0
215 633 2 9 65 4 0
217 248 4 0 92 4 0
219 1082 3 9 29 4 0
220 894 1 4 19 4 0
221 711 1 5 83 3 0
222 525 0 9 44 3 0
223 159 4 7 5 5 0
224 1035 4 6 59 3 0
226 396 3 0 74 3 0
227 1076 3 0 43 3 0
228 540 1 3 20 3 0
229 260 2 9 80 5 0
231 1083 0 6 2 4 0
232 120 4 0 94 5 0
233 1060 1 5 18 5 0
235 1184 3 7 71 3 0
236 814 0 6 15 4 0
238 584 4 8 60 5 0
239 191 1 9 19 5 0
240 411 2 3 49 4 0
241 662 1 0 60 4 0
242 893 4 5 29 3 0
243 697 0 5 41 4 0
244 1053 4 8 32 3 0
245 103 4 7 89 5 0
247 645 3 1 26 5 0
251 207 1 1 46 3 0
252 698 1 2 51 3 0
254 809 3 9 8 3 0
257 922 3 7 35 3 0
258 1136 1 4 33 4 0
259 701 0 0 12 3 0
260 587 3 1 52 5 0
261 1157 3 7 51 4 0
263 595 2 7 82 5 0
264 928 1 1 6 3 0
267 1193 4 6 31 3 0
268 603 1 8 52 3 0
270 1038 2 3 14 3 0
271 1050 3 5 44 5 0
272 199 4 1 75 3 0
274 396 3 6 13 3 0
275 285 3 6 2 3 0
276 56 0 7 23 4 0
279 465 3 2 86 5 0
280 1104 4 0 63 5 0
281 479 4 5 98 4 0
282 336 3 8 55 5 0
284 830 0 3 62 4 0
285 1116 1 6 73 5 0
286 350 0 0 88 3 0
287 122 0 6 16 5 0
289 137 2 9 56 3 0
290 1156 3 3 26 5 0
291 479 2 3 16 3 0
293 104 0 1 4 4 0
294 272 0 2 61 3 0
295 397 2 9 3 4 0
296 1045 1 8 2 5 0
297 151 2 1 84 4 0
299 594 4 3 41 5 0
301 1113 1 1 80 3 0
302 454 2 4 31 3 0
304 777 0 7 67 4 0
305 795 1 7 91 4 0
306 453 0 6 53 3 0
307 881 3 7 18 5 0
309 212 3 8 47 4 0
310 255 4 7 81 3 0
312 826 2 2 19 3 0
315 415 2 5 35 3 0
317 765 1 2 25 5 0
318 50 3 4 89 5 0
319 556 0 5 31 5 0
321 1018 3 3 84 3 0
322 85 0 0 84 4 0
323 174 3 5 87 4 0
324 253 2 7 49 3 0
327 732 1 7 14 3 0
328 830 4 9 49 4 0
332 79 3 7 10 3 0
334 269 3 8 86 4 0
335 941 1 5 67 4 0
336 1023 3 3 20 3 0
338 580 4 7 56 5 0
339 411 4 6 34 3 0
340 660 0 7 81 4 0
341 757 2 4 48 4 0
342 1029 0 4 34 4 0
344 386 1 7 12 3 0
345 134 0 8 4 4 0
347 965 1 3 23 4 0
348 781 1 5 73 4 0
349 657 3 9 56 5 0
353 1169 3 3 88 4 0
357 1016 4 6 18 5 0
359 270 2 7 94 5 0
360 111 2 7 52 4 0
362 173 2 7 58 4 0
364 576 4 0 8 5 0
365 45 2 7 65 4 0
366 767 4 5 32 4 0
367 265 2 1 51 5 0
368 1158 4 9 64 3 0
369 354 2 2 98 3 0
370 552 0 1 9 5 0
376 551 0 8 51 4 0
377 1000 1 9 53 4 0
379 124 2 9 85 5 0
380 682 3 5 59 4 0
381 875 1 3 80 3 0
383 311 4 6 49 4 0
384 218 0 2 100 5 0
385 771 3 0 55 4 0
386 1054 2 1 25 4 0
387 615 4 5 98 3 0
391 177 3 3 59 3 0
393 279 4 5 41 5 0
394 1091 0 8 28 3 0
395 154 3 6 79 3 0
396 1194 4 5 27 5 0
399 217 3 6 9 4 0
401 930 0 8 48 3 0
403 936 0 8 10 3 0
404 470 4 4 87 3 0
410 83 4 9 94 5 0
414 458 0 6 40 3 0
415 143 4 4 71 4 0
416 1155 2 6 14 3 0
419 28 0 8 45 3 0
420 906 3 5 13 3 0
425 444 2 0 58 3 0
428 791 0 9 77 5 0
429 593 4 5 74 5 0
430 994 0 1 79 4 0
431 437 0 6 38 4 0
433 799 1 2 76 5 0
434 343 1 1 33 5 0
435 144 4 0 15 3 0
436 863 2 3 77 3 0
437 869 1 5 10 4 0
440 780 1 7 58 5 0
441 808 1 1 28 3 0
442 706 1 4 2 4 0
443 806 0 4 98 4 0
444 1044 3 8 25 5 0
445 369 3 0 26 3 0
446 959 4 7 27 5 0
447 123 2 1 83 5 0
448 792 0 1 59 4 0
449 51 0 0 73 3 0
450 499 3 8 45 4 0
452 217 3 4 31 4 0
453 1013 0 0 51 4 0
454 1125 2 7 22 4 0
455 954 3 3 98 3 0
457 913 3 8 4 3 0
459 390 0 5 89 4 0
460 1151 1 7 42 3 0
462 824 4 0 87 5 0
464 3 0 7 81 4 0
467 519 3 5 11 4 0
468 1138 0 3 17 4 0
469 186 1 2 60 4 0
471 941 4 7 2 4 0
472 566 3 0 61 5 0
473 645 2 4 97 5 0
475 351 4 9 63 4 0
477 539 1 3 57 4 0
478 322 1 8 69 3 0
479 248 2 0 23 4 0
480 182 3 1 10 5 0
485 772 0 8 12 4 0
488 1153 4 7 36 4 0
493 1158 0 0 3 3 0
494 1098 0 0 23 4 0
495 1075 1 7 63 4 0
496 473 3 6 72 3 0
498 693 0 5 35 3 0
499 1012 2 3 83 4 0
503 32 4 3 33 5 0
504 1097 0 1 88 5 0
506 247 0 8 44 3 0
507 233 3 0 60 5 0
508 817 1 3 89 4 0
510 109 0 6 2 5 0
511 131 1 8 14 5 0
513 103 2 8 44 3 0
516 1046 3 2 91 5 0
517 965 3 4 74 4 0
519 1026 3 8 28 5 0
522 184 4 4 9 3 0
523 438 2 2 82 5 0
524 130 4 5 83 5 0
528 1026 0 0 11 3 0
529 283 1 6 15 5 0
532 1132 0 6 47 4 0
533 1094 2 2 43 5 0
534 423 0 0 95 5 0
535 58 4 3 40 4 0
536 247 0 4 98 3 0
537 60 1 9 10 4 0
540 1002 4 3 16 3 0
541 668 4 2 77 5 0
542 1110 3 7 59 4 0
543 886 0 6 75 3 0
546 425 2 4 56 4 0
548 1119 3 2 45 4 0
549 1111 3 7 84 3 0
552 686 3 0 100 3 0
555 218 3 2 66 4 0
557 407 2 1 18 4 0
559 1056 1 1 33 4 0
561 181 2 5 27 5 0
562 149 2 5 7 4 0
563 709 1 5 80 3 0
564 156 1 4 71 5 0
566 289 1 6 80 4 0
568 283 2 6 81 5 0
569 56 3 9 60 4 0
570 792 4 0 70 4 0
571 329 1 5 39 5 0
572 825 4 4 57 3 0
575 532 1 8 28 4 0
577 794 0 9 77 4 0
578 710 1 6 34 5 0
579 170 3 5 40 4 0
582 106 3 4 66 3 0
583 241 1 7 94 4 0
585 903 2 3 94 4 0
586 1109 4 3 2 4 0
587 1018 1 1 18 5 0
588 682 4 9 46 3 0
590 466 3 3 24 5 0
591 370 2 7 32 4 0
592 419 0 8 94 3 0
594 334 3 9 76 4 0
595 1064 3 7 27 4 0
597 801 2 0 98 3 0
601 32 4 0 53 3 0
604 590 4 5 62 4 0
605 233 2 4 76 3 0
607 999 3 9 79 3 0
608 954 2 6 33 4 0
609 1175 2 2 69 3 0
611 855 4 1 12 4 0
612 925 1 6 82 5 0
614 346 4 5 94 3 0
617 507 4 9 45 5 0
618 143 0 4 95 5 0
619 1176 1 5 83 3 0
621 501 0 3 81 4 0
623 415 4 9 1 3 0
625 274 2 3 36 4 0
626 951 4 8 4 5 0
630 221 1 0 71 5 0
632 973 2 1 81 3 0
635 1102 3 8 29 4 0
639 167 3 1 35 3 0
642 649 2 5 78 3 0
644 317 1 5 29 5 0
646 203 2 0 57 4 0
647 556 4 0 32 5 0
648 1182 0 9 11 3 0
649 488 4 8 13 3 0
651 647 3 3 1 3 0
652 408 2 5 4 4 0
653 674 2 9 73 4 0
654 350 1 1 73 3 0
655 169 0 5 80 5 0
658 1172 3 7 53 3 0
659 963 0 1 49 4 0
661 924 0 8 1 4 0
663 251 2 9 7 5 0
664 123 3 5 43 5 0
666 376 3 8 37 5 0
668 561 3 8 88 5 0
670 763 3 2 68 4 0
671 157 3 6 27 4 0
673 318 0 1 38 3 0
674 111 1 3 91 3 0
676 471 2 8 98 5 0
678 864 4 1 90 4 0
679 645 4 2 93 3 0
680 120 1 3 76 4 0
681 207 0 0 49 4 0
683 993 2 1 81 5 0
685 371 4 2 55 4 0
688 423 3 0 25 4 0
691 579 2 9 18 5 0
694 608 2 7 81 4 0
696 636 4 5 31 5 0
697 730 1 6 70 5 0
702 948 1 9 15 3 0
704 999 0 7 69 4 0
706 1000 1 9 14 5 0
707 551 4 5 90 5 0
708 325 0 6 94 5 0
709 850 1 7 96 5 0
710 54 0 7 58 3 0
715 875 0 5 95 5 0
717 319 1 2 42 3 0
718 612 4 0 22 3 0
721 20 0 7 16 5 0
723 23 4 6 44 3 0
725 1034 2 9 45 4 0
726 624 2 1 43 5 0
727 75 0 4 30 5 0
728 136 0 4 92 5 0
731 740 0 2 7 4 0
732 601 3 8 96 5 0
733 460 3 3 8 5 0
735 581 4 4 43 3 0
736 663 3 6 73 5 0
737 491 3 8 60 3 0
740 55 2 1 92 5 0
741 1113 1 9 33 3 0
743 751 4 2 50 4 0
745 451 0 8 7 3 0
746 208 3 5 3 5 0
749 139 0 1 59 3 0
750 530 2 2 38 4 0
752 186 3 2 32 5 0
755 1081 2 9 84 3 0
757 1017 2 9 26 4 0
758 373 4 3 40 5 0
762 594 2 1 36 5 0
766 23 0 6 45 3 0
768 809 0 0 79 4 0
769 596 0 2 82 4 0
770 921 3 3 62 5 0
771 778 0 5 45 5 0
774 134 2 2 70 4 0
775 633 0 3 11 5 0
776 783 3 1 21 5 0
777 242 0 0 20 4 0
779 540 3 8 60 3 0
780 443 1 1 71 4 0
784 904 3 3 21 5 0
785 891 2 4 45 4 0
786 132 4 2 87 3 0
788 795 0 3 66 5 0
790 1030 3 3 33 4 0
791 1011 3 0 74 5 0
793 57 2 6 27 5 0
796 129 0 6 88 5 0
797 1121 2 2 67 3 0
798 457 0 7 43 4 0
799 631 1 1 67 3 0
800 348 3 9 63 3 0
804 533 2 7 12 4 0
805 1015 3 6 96 3 0
806 315 3 6 100 4 0
807 876 0 2 63 3 0
808 634 0 4 39 4 0
809 710 1 1 39 4 0
811 666 1 2 77 5 0
812 682 2 8 51 4 0
813 711 4 3 27 5 0
814 1098 4 6 32 5 0
817 578 1 2 4 3 0
818 1130 4 3 37 4 0
821 524 2 8 83 3 0
824 693 4 7 50 5 0
825 397 1 5 46 3 0
829 372 3 1 65 5 0
832 958 1 7 81 4 0
834 467 1 0 10 5 0
835 533 4 0 69 4 0
836 277 1 0 44 5 0
837 437 3 8 37 5 0
839 452 4 9 44 5 0
846 692 1 2 6 4 0
848 1076 2 7 16 4 0
852 468 4 5 83 5 0
854 536 1 7 56 5 0
855 274 4 1 95 4 0
856 863 2 4 98 4 0
857 673 4 6 44 4 0
858 1136 4 0 6 3 0
859 994 0 2 44 5 0
860 636 4 5 45 4 0
862 26 3 9 54 4 0
864 1198 1 4 82 4 0
865 323 3 6 53 3 0
867 1190 0 6 77 4 0
868 736 1 8 84 5 0
869 565 4 8 11 3 0
870 988 2 8 44 4 0
871 232 0 2 72 4 0
872 279 3 9 79 4 0
874 147 0 4 78 5 0
875 724 3 3 56 4 0
876 582 3 4 56 3 0
877 458 3 6 10 4 0
878 355 2 1 10 5 0
880 332 0 3 14 4 0
883 425 1 8 67 4 0
884 948 2 9 51 3 0
885 341 2 1 85 4 0
888 822 3 2 35 5 0
891 238 4 4 28 4 0
892 238 0 3 93 5 0
893 97 0 1 80 3 0
894 932 3 2 22 5 0
896 289 0 0 17 4 0
898 188 1 6 52 4 0
899 84 4 1 93 3 0
902 459 1 6 7 5 0
903 949 2 2 44 3 0
904 110 3 0 52 5 0
905 43 4 5 43 4 0
906 697 4 3 13 4 0
907 543 4 5 79 4 0
909 663 3 0 40 4 0
910 981 2 2 93 3 0
911 193 2 8 7 3 0
917 712 1 8 1 3 0
918 405 2 4 94 5 0
919 854 0 0 100 3 0
920 494 1 6 43 3 0
922 304 2 1 28 4 0
928 163 4 9 31 4 0
929 1100 4 5 60 5 0
932 1153 1 5 27 5 0
933 692 1 9 99 5 0
935 639 4 9 67 3 0
936 1119 0 2 100 5 0
938 1025 3 8 70 4 0
939 653 2 9 10 4 0
940 553 1 9 66 3 0
941 234 1 1 47 5 0
942 410 4 2 8 5 0
949 782 0 8 26 5 0
950 318 4 8 50 4 0
952 843 2 6 70 3 0
953 1155 1 2 37 3 0
954 639 3 9 91 4 0
955 1155 0 1 55 4 0
956 610 3 2 4 3 0
957 165 3 4 50 4 0
959 126 2 3 67 3 0
961 170 0 8 20 3 0
962 489 0 8 57 5 0
964 1195 1 5 96 3 0
965 1126 4 9 31 5 0
968 168 4 3 51 5 0
969 442 2 4 64 3 0
972 347 2 8 91 5 0
974 319 3 3 40 5 0
976 872 0 4 58 5 0
977 186 4 9 94 4 0
978 521 4 0 66 4 0
979 913 3 7 9 5 0
981 1003 1 2 13 3 0
984 887 4 1 99 5 0
987 1047 3 3 77 5 0
990 348 3 8 15 3 0
991 576 2 8 49 5 0
992 103 1 0 18 3 0
993 311 2 6 81 4 0
994 137 0 7 43 5 0
995 505 2 4 84 5 0
997 647 1 8 7 5 0
998 74 3 3 66 4 0
1000 284 3 6 49 5 0
1001 1157 3 3 29 4 0
1002 336 2 3 85 5 0
1003 747 4 1 79 3 0
1005 552 4 2 9 5 0
1007 718 4 6 69 4 0
1008 245 2 2 53 4 0
1009 505 0 7 8 3 0
1010 1096 2 5 75 4 0
1016 447 4 2 57 5 0
1020 467 0 4 73 4 0
1021 346 2 6 66 4 0
1022 730 0 6 92 3 0
1023 842 2 2 81 3 0
1024 143 4 2 89 5 0
1028 714 1 3 44 4 0
1029 346 3 8 17 4 0
1030 1196 2 2 72 3 0
1031 555 1 7 54 3 0
1032 777 2 8 69 4 0
1034 1009 0 2 22 4 0
1035 15 3 1 90 3 0
1036 686 1 3 93 3 0
1037 593 4 4 17 3 0
1039 240 3 7 72 5 0
1040 968 0 7 12 5 0
1045 334 3 5 74 5 0
1046 944 2 1 17 3 0
1048 1160 3 2 46 4 0
1049 1174 2 0 33 5 0
1050 841 1 1 59 3 0
1053 913 2 9 93 3 0
1055 884 2 6 96 3 0
1056 38 2 4 42 5 0
1058 393 1 5 32 5 0
1061 742 1 8 77 4 0
1062 1109 3 8 48 5 0
1063 855 3 2 22 5 0
1065 595 2 9 54 3 0
1070 1087 0 1 48 4 0
1071 911 3 1 43 4 0
1072 1110 2 1 91 4 0
1075 59 3 5 47 3 0
1077 658 4 2 52 3 0
1078 507 4 1 25 5 0
1084 956 0 8 19 5 0
1085 948 1 4 7 3 0
1088 1061 4 3 31 3 0
1089 291 2 4 6 5 0
1091 87 0 6 69 3 0
1092 956 1 0 77 5 0
1093 186 0 7 15 3 0
1101 590 3 5 43 3 0
1103 1105 3 4 70 4 0
1105 970 4 1 23 4 0
1106 707 4 2 2 3 0
1109 863 1 1 45 3 0
1114 666 3 8 30 3 0
1115 3 1 4 15 3 0
1121 787 1 2 58 3 0
1124 918 0 9 9 4 0
1125 616 2 2 14 3 0
1127 662 4 1 16 4 0
1128 1100 3 2 59 5 0
1129 306 0 6 93 5 0
1130 236 4 2 52 5 0
1131 626 1 6 72 4 0
1134 5 4 3 23 5 0
1135 986 1 1 42 3 0
1137 549 1 1 91 4 0
1138 446 4 7 89 3 0
1140 298 1 9 94 3 0
1143 628 0 0 33 5 0
1148 750 4 3 90 5 0
1149 856 0 4 94 4 0
1150 534 0 0 20 4 0
1151 250 1 9 20 4 0
1152 919 1 2 59 4 0
1153 365 1 8 2 5 0
1155 747 2 0 44 3 0
1156 82 1 4 86 5 0
1160 86 4 8 83 4 0
1162 823 1 6 89 4 0
1166 842 4 2 57 4 0
1167 294 2 2 67 3 0
1168 418 4 7 42 4 0
1169 240 0 9 41 4 0
1170 845 1 0 8 3 0
1171 210 2 9 88 3 0
1172 1101 1 7 88 3 0
1173 355 1 4 2 4 0
1174 1197 1 2 59 4 0
1177 1063 0 4 33 3 0
1179 914 4 0 8 4 0
1180 78 0 3 73 3 0
1181 604 2 3 48 3 0
1182 431 1 6 28 3 0
1185 46 2 6 4 4 0
1186 614 4 8 22 5 0
1190 845 0 9 63 3 0
1191 1113 0 0 66 5 0
1192 805 4 4 21 5 0
1193 895 4 6 57 5 0
1195 27 4 9 16 3 0
1197 741 4 4 13 5 0
1198 724 4 2 28 5 0

