10

5
0 20 20 20 20 20 20 20 20 20 20
1 20 20 20 20 20 20 20 20 20 20
2 20 20 20 20 20 20 20 20 20 20
3 20 20 20 20 20 20 20 20 20 20
4 20 20 20 20 20 20 20 20 20 20

25
900 600 100000 6 2
0 126 7 2
1 106 3 6
2 130 10 8
4 126 4 4
5 120 6 6
9 127 2 9
600 300 100000 6 2
0 112 2 2
1 112 5 5
3 119 5 3
6 139 2 1
7 117 4 4
9 136 4 1
300 600 100000 6 3
0 109 5 9
2 127 3 3
4 125 2 3
5 149 10 7
7 122 4 2
9 138 1 9
300 1200 100000 6 4
0 141 6 7
1 129 9 1
2 142 3 2
3 129 9 6
4 100 2 10
6 147 2 2
0 0 100000 6 0
0 132 1 3
1 101 9 3
3 119 3 7
4 117 2 7
5 106 4 4
8 112 4 2
900 300 100000 6 1
1 131 1 3
2 112 5 7
4 106 5 4
6 123 10 5
7 109 2 1
8 117 1 7
0 1200 100000 6 4
1 130 4 1
4 144 9 2
5 148 9 10
6 121 1 3
7 117 5 10
9 106 1 1
600 0 100000 6 1
1 128 1 3
3 139 7 9
4 125 7 5
5 100 8 2
6 137 8 6
9 114 4 5
0 900 100000 6 4
0 122 3 2
3 147 6 1
5 148 2 8
6 115 9 3
7 118 1 3
9 143 6 6
0 300 100000 6 3
0 115 7 7
2 144 9 5
3 132 10 5
6 139 2 8
7 117 6 3
8 129 4 8
0 600 100000 6 1
0 133 4 6
1 125 4 9
2 132 5 8
4 140 3 3
5 108 5 1
8 136 2 3
1200 300 100000 6 2
1 102 9 1
2 130 8 7
3 145 9 2
4 141 3 5
5 132 9 7
7 110 8 8
600 900 100000 6 2
1 112 8 7
2 129 2 5
3 140 9 2
4 113 4 5
7 113 9 5
8 127 8 2
1200 1200 100000 6 3
2 109 1 6
3 124 3 5
4 132 3 9
5 104 3 10
8 132 9 1
9 107 5 7
900 1200 100000 6 1
1 145 1 3
3 111 2 8
6 145 10 10
7 147 5 3
8 115 5 4
9 107 2 9
600 1200 100000 6 0
3 134 3 9
5 103 8 2
6 132 1 5
7 101 5 6
8 116 5 9
9 125 2 6
900 900 100000 6 2
0 126 1 1
1 138 4 7
2 134 9 8
3 105 5 8
7 144 9 5
9 121 2 8
300 300 100000 6 0
0 111 4 3
1 114 5 1
2 107 1 4
3 127 9 10
5 124 5 10
9 121 10 9
1200 900 100000 6 3
0 111 3 4
1 135 6 3
2 109 5 2
5 110 9 5
7 129 4 2
8 107 3 1
900 0 100000 6 4
0 116 1 8
2 100 6 5
4 144 8 8
5 150 5 1
8 101 1 2
9 101 9 5
1200 0 100000 6 0
0 125 1 5
1 147 1 9
4 137 2 1
6 120 2 8
7 127 2 6
9 133 1 1
300 900 100000 6 3
0 123 9 2
1 145 9 2
3 145 2 4
5 116 10 8
7 129 8 1
9 102 8 2
600 600 100000 6 4
0 108 6 10
2 147 10 8
3 146 6 8
4 131 1 5
8 138 2 6
9 147 4 5
1200 600 100000 6 1
0 111 9 1
2 149 9 1
3 140 2 4
4 106 8 8
8 133 5 4
9 103 7 4
300 0 100000 6 0
1 113 4 4
3 146 8 8
4 141 6 3
5 129 9 7
6 104 1 3
7 130 4 10

700
0 342 1 2 65 3 0
3 285 2 4 100 3 0
4 370 3 9 37 4 0
5 836 1 1 46 4 0
9 2 0 2 19 4 0
10 359 4 7 26 4 0
12 215 0 6 15 4 0
13 904 3 1 91 4 0
14 415 3 9 42 5 0
16 252 4 6 8 3 0
19 892 1 6 75 5 0
21 562 4 6 6 4 0
22 540 0 5 92 4 0
24 524 0 8 53 4 0
25 338 3 7 6 3 0
26 789 3 0 67 3 0
28 33 0 8 54 3 0
32 642 1 3 50 3 0
34 758 0 9 74 4 0
35 922 3 7 35 3 0
36 587 3 3 35 3 0
39 1085 2 5 55 5 0
41 357 4 7 9 5 0
44 996 0 3 15 4 0
45 5 4 4 80 5 0
46 9 0 9 66 3 0
48 645 1 6 72 3 0
49 396 1 1 90 5 0
51 379 1 0 57 5 0
53 295 3 2 87 4 0
54 71 3 0 53 3 0
55 707 2 2 23 4 0
56 957 4 1 92 3 0
57 208 0 2 42 4 0
58 1015 2 1 60 5 0
59 965 2 8 85 5 0
61 647 3 1 29 4 0
62 49 4 4 21 4 0
63 9 2 1 44 4 0
64 1045 2 0 96 4 0
65 393 1 4 15 4 0
68 1107 0 5 21 3 0
70 602 1 3 6 4 0
71 94 3 0 7 4 0
72 514 3 2 83 3 0
75 48 4 9 41 3 0
76 894 1 6 35 3 0
79 298 1 9 85 4 0
80 117 4 9 72 4 0
81 1151 2 0 41 5 0
82 315 2 2 14 3 0
83 49 2 0 94 3 0
84 232 3 4 67 4 0
86 959 3 3 75 3 0
88 473 2 0 3 4 0
90 359 2 0 84 4 0
91 384 1 9 34 3 0
92 987 1 9 30 5 0
93 556 2 5 29 5 0
96 519 3 4 39 5 0
97 14 0 9 5 4 0
98 633 1 8 24 3 0
99 395 0 6 31 5 0
100 441 3 1 22 3 0
102 797 1 1 49 4 0
103 794 1 4 47 5 0
104 332 3 7 33 4 0
105 992 1 6 28 4 0
106 318 1 2 8 3 0
107 451 0 6 2 5 0
108 547 1 1 37 3 0
111 479 0 1 64 5 0
112 710 1 1 4 5 0
114 908 4 9 48 3 0
116 205 1 8 42 4 0
117 428 4 8 54 5 0
118 800 1 4 32 4 0
120 1150 3 5 43 4 0
122 582 3 7 43 5 0
125 1168 1 8 85 3 0
126 522 1 4 87 3 0
129 135 0 9 72 3 0
130 796 4 7 41 5 0
132 534 1 5 77 4 0
136 1127 3 5 65 4 0
138 857 4 7 40 3 0
140 301 3 0 18 4 0
143 254 3 2 8 5 0
144 541 4 9 15 5 0
148 723 0 0 82 5 0
150 50 0 9 42 3 0
151 1079 4 2 67 4 0
152 1009 2 5 23 3 0
153 558 4 5 64 4 0
154 1165 2 0 22 3 0
158 575 0 7 3 5 0
160 399 1 0 83 3 0
161 531 3 2 9 4 0
162 205 2 0 68 3 0
163 766 2 1 66 4 0
164 409 4 9 10 5 0
165 449 3 7 6 5 0
166 185 1 8 49 3 0
167 339 0 0 69 5 0
169 736 4 5 50 5 0
170 111 1 1 3 5 0
171 654 4 6 71 3 0
172 975 3 2 85 3 0
173 836 2 4 33 3 0
175 544 2 5 4 3 0
177 13 1 0 55 3 0
180 512 3 5 2 4 0
183 488 4 9 3 5 0
185 146 3 0 16 4 0
186 13 1 3 62 4 0
187 771 1 6 89 4 0
188 30 2 7 48 3 0
189 108 1 7 68 5 0
193 953 3 9 9 3 0
195 1181 1 9 75 3 0
196 103 4 7 30 4 0
200 8 0 8 3 4 0
201 564 2 7 74 4 0
202 1126 2 4 69 5 0
203 343 1 8 3 5 0
204 356 3 7 4 3 0
206 269 3 3 1 3 0
207 737 1 8 94 4 0
209 270 2 0 13 4 0
212 23 0 7 30 3 0
213 318 0 6 7 4 0
214 932 2 3 82 4 0
217 547 0 4 98 4 0
219 302 0 4 96 3 0
220 1198 0 7 91 5 0
221 297 2 0 35 3 0
222 121 0 7 49 5 0
223 631 0 0 43 3 0
224 1080 2 7 19 4 0
226 683 3 0 67 4 0
227 1062 3 4 16 3 0
228 1018 3 6 78 4 0
229 605 3 1 65 4 0
232 983 3 9 49 3 0
233 633 2 9 65 4 0
235 248 4 0 92 4 0
236 1082 3 9 29 4 0
238 894 1 4 19 4 0
239 711 1 5 83 3 0
240 525 0 9 44 3 0
241 159 4 7 5 5 0
242 1035 4 6 59 3 0
243 396 3 0 74 3 0
244 1076 3 0 43 3 0
245 540 1 3 20 3 0
247 260 2 9 80 5 0
251 1083 0 6 2 4 0
252 120 4 0 94 5 0
254 1060 1 5 18 5 0
256 1184 3 7 71 3 0
258 814 0 6 15 4 0
259 584 4 8 60 5 0
260 191 1 9 19 5 0
261 411 2 3 49 4 0
263 662 1 0 60 4 0
264 893 4 5 29 3 0
267 697 0 5 41 4 0
270 1053 4 8 32 3 0
271 103 4 7 89 5 0
272 645 3 1 26 5 0
274 207 1 1 46 3 0
275 698 1 2 51 3 0
276 809 3 9 8 3 0
279 922 3 7 35 3 0
280 1136 1 4 33 4 0
281 701 0 0 12 3 0
282 587 3 1 52 5 0
284 1157 3 7 51 4 0
286 595 2 7 82 5 0
287 928 1 1 6 3 0
289 1193 4 6 31 3 0
290 603 1 8 52 3 0
291 1038 2 3 14 3 0
293 1050 3 5 44 5 0
295 199 4 1 75 3 0
296 396 3 6 13 3 0
297 285 3 6 2 3 0
299 56 0 7 23 4 0
301 465 3 2 86 5 0
302 1104 4 0 63 5 0
304 479 4 5 98 4 0
305 336 3 8 55 5 0
306 830 0 3 62 4 0
307 1116 1 6 73 5 0
309 350 0 0 88 3 0
310 122 0 6 16 5 0
312 137 2 9 56 3 0
315 1156 3 3 26 5 0
317 479 2 3 16 3 0
318 104 0 1 4 4 0
319 272 0 2 61 3 0
321 397 2 9 3 4 0
322 1045 1 8 2 5 0
323 151 2 1 84 4 0
324 594 4 3 41 5 0
327 1113 1 1 80 3 0
328 454 2 4 31 3 0
332 777 0 7 67 4 0
334 795 1 7 91 4 0
335 453 0 6 53 3 0
336 881 3 7 18 5 0
338 212 3 8 47 4 0
339 255 4 7 81 3 0
340 826 2 2 19 3 0
341 415 2 5 35 3 0
342 765 1 2 25 5 0
344 50 3 4 89 5 0
345 556 0 5 31 5 0
347 1018 3 3 84 3 0
348 85 0 0 84 4 0
349 174 3 5 87 4 0
357 253 2 7 49 3 0
359 732 1 7 14 3 0
360 830 4 9 49 4 0
362 79 3 7 10 3 0
364 269 3 8 86 4 0
365 941 1 5 67 4 0
366 1023 3 3 20 3 0
367 580 4 7 56 5 0
368 411 4 6 34 3 0
369 660 0 7 81 4 0
370 757 2 4 48 4 0
376 1029 0 4 34 4 0
377 386 1 7 12 3 0
379 134 0 8 4 4 0
380 965 1 3 23 4 0
381 781 1 5 73 4 0
383 657 3 9 56 5 0
384 1169 3 3 88 4 0
385 1016 4 6 18 5 0
386 270 2 7 94 5 0
387 111 2 7 52 4 0
391 173 2 7 58 4 0
394 576 4 0 8 5 0
395 45 2 7 65 4 0
396 767 4 5 32 4 0
401 265 2 1 51 5 0
403 1158 4 9 64 3 0
410 354 2 2 98 3 0
414 552 0 1 9 5 0
415 551 0 8 51 4 0
416 1000 1 9 53 4 0
419 124 2 9 85 5 0
420 682 3 5 59 4 0
425 875 1 3 80 3 0
428 311 4 6 49 4 0
429 218 0 2 100 5 0
430 771 3 0 55 4 0
431 1054 2 1 25 4 0
432 615 4 5 98 3 0
433 177 3 3 59 3 0
434 279 4 5 41 5 0
435 1091 0 8 28 3 0
436 154 3 6 79 3 0
437 1194 4 5 27 5 0
440 217 3 6 9 4 0
441 930 0 8 48 3 0
442 936 0 8 10 3 0
443 470 4 4 87 3 0
444 83 4 9 94 5 0
445 458 0 6 40 3 0
446 143 4 4 71 4 0
447 1155 2 6 14 3 0
448 28 0 8 45 3 0
449 906 3 5 13 3 0
450 444 2 0 58 3 0
452 791 0 9 77 5 0
453 593 4 5 74 5 0
454 994 0 1 79 4 0
455 437 0 6 38 4 0
457 799 1 2 76 5 0
458 343 1 1 33 5 0
459 144 4 0 15 3 0
460 863 2 3 77 3 0
461 869 1 5 10 4 0
462 780 1 7 58 5 0
464 808 1 1 28 3 0
466 706 1 4 2 4 0
467 806 0 4 98 4 0
468 1044 3 8 25 5 0
469 369 3 0 26 3 0
471 959 4 7 27 5 0
472 123 2 1 83 5 0
473 792 0 1 59 4 0
475 51 0 0 73 3 0
477 499 3 8 45 4 0
478 217 3 4 31 4 0
479 1013 0 0 51 4 0
480 1125 2 7 22 4 0
485 954 3 3 98 3 0
488 913 3 8 4 3 0
490 390 0 5 89 4 0
493 1151 1 7 42 3 0
494 824 4 0 87 5 0
495 3 0 7 81 4 0
496 519 3 5 11 4 0
498 1138 0 3 17 4 0
499 186 1 2 60 4 0
503 941 4 7 2 4 0
504 566 3 0 61 5 0
506 645 2 4 97 5 0
507 351 4 9 63 4 0
508 539 1 3 57 4 0
510 322 1 8 69 3 0
511 248 2 0 23 4 0
513 182 3 1 10 5 0
516 772 0 8 12 4 0
517 1153 4 7 36 4 0
518 1158 0 0 3 3 0
519 1098 0 0 23 4 0
522 1075 1 7 63 4 0
523 473 3 6 72 3 0
526 693 0 5 35 3 0
528 1012 2 3 83 4 0
529 32 4 3 33 5 0
532 1097 0 1 88 5 0
533 247 0 8 44 3 0
534 233 3 0 60 5 0
535 817 1 3 89 4 0
536 109 0 6 2 5 0
537 131 1 8 14 5 0
541 103 2 8 44 3 0
542 1046 3 2 91 5 0
543 965 3 4 74 4 0
546 1026 3 8 28 5 0
548 184 4 4 9 3 0
549 438 2 2 82 5 0
550 130 4 5 83 5 0
552 1026 0 0 11 3 0
557 283 1 6 15 5 0
559 1132 0 6 47 4 0
561 1094 2 2 43 5 0
562 423 0 0 95 5 0
563 58 4 3 40 4 0
564 247 0 4 98 3 0
566 60 1 9 10 4 0
568 1002 4 3 16 3 0
569 668 4 2 77 5 0
570 1110 3 7 59 4 0
571 886 0 6 75 3 0
572 425 2 4 56 4 0
575 1119 3 2 45 4 0
577 1111 3 7 84 3 0
578 686 3 0 100 3 0
579 218 3 2 66 4 0
582 407 2 1 18 4 0
583 1056 1 1 33 4 0
585 181 2 5 27 5 0
586 149 2 5 7 4 0
587 709 1 5 80 3 0
588 156 1 4 71 5 0
590 289 1 6 80 4 0
591 283 2 6 81 5 0
592 56 3 9 60 4 0
594 792 4 0 70 4 0
595 329 1 5 39 5 0
601 825 4 4 57 3 0
604 532 1 8 28 4 0
605 794 0 9 77 4 0
607 710 1 6 34 5 0
608 170 3 5 40 4 0
609 106 3 4 66 3 0
611 241 1 7 94 4 0
612 903 2 3 94 4 0
614 1109 4 3 2 4 0
617 1018 1 1 18 5 0
618 682 4 9 46 3 0
619 466 3 3 24 5 0
621 370 2 7 32 4 0
623 419 0 8 94 3 0
625 334 3 9 76 4 0
626 1064 3 7 27 4 0
630 801 2 0 98 3 0
632 32 4 0 53 3 0
635 590 4 5 62 4 0
639 233 2 4 76 3 0
641 999 3 9 79 3 0
642 954 2 6 33 4 0
644 1175 2 2 69 3 0
646 855 4 1 12 4 0
647 925 1 6 82 5 0
648 346 4 5 94 3 0
649 507 4 9 45 5 0
651 143 0 4 95 5 0
652 1176 1 5 83 3 0
653 501 0 3 81 4 0
654 415 4 9 1 3 0
655 274 2 3 36 4 0
658 951 4 8 4 5 0
659 221 1 0 71 5 0
661 973 2 1 81 3 0
663 1102 3 8 29 4 0
664 167 3 1 35 3 0
666 649 2 5 78 3 0
670 317 1 5 29 5 0
671 203 2 0 57 4 0
673 556 4 0 32 5 0
674 1182 0 9 11 3 0
676 488 4 8 13 3 0
678 647 3 3 1 3 0
679 408 2 5 4 4 0
680 674 2 9 73 4 0
681 350 1 1 73 3 0
683 169 0 5 80 5 0
685 1172 3 7 53 3 0
688 963 0 1 49 4 0
691 924 0 8 1 4 0
694 251 2 9 7 5 0
696 123 3 5 43 5 0
697 376 3 8 37 5 0
702 561 3 8 88 5 0
704 763 3 2 68 4 0
706 157 3 6 27 4 0
707 318 0 1 38 3 0
708 111 1 3 91 3 0
709 471 2 8 98 5 0
710 864 4 1 90 4 0
715 645 4 2 93 3 0
717 120 1 3 76 4 0
718 207 0 0 49 4 0
721 993 2 1 81 5 0
723 371 4 2 55 4 0
725 423 3 0 25 4 0
726 579 2 9 18 5 0
727 608 2 7 81 4 0
728 636 4 5 31 5 0
732 730 1 6 70 5 0
733 948 1 9 15 3 0
735 999 0 7 69 4 0
736 1000 1 9 14 5 0
737 551 4 5 90 5 0
740 325 0 6 94 5 0
741 850 1 7 96 5 0
743 54 0 7 58 3 0
745 875 0 5 95 5 0
746 319 1 2 42 3 0
749 612 4 0 22 3 0
750 20 0 7 16 5 0
752 23 4 6 44 3 0
755 1034 2 9 45 4 0
757 624 2 1 43 5 0
758 75 0 4 30 5 0
762 136 0 4 92 5 0
766 740 0 2 7 4 0
768 601 3 8 96 5 0
769 460 3 3 8 5 0
770 581 4 4 43 3 0
771 663 3 6 73 5 0
774 491 3 8 60 3 0
775 55 2 1 92 5 0
776 1113 1 9 33 3 0
777 751 4 2 50 4 0
779 451 0 8 7 3 0
780 208 3 5 3 5 0
784 139 0 1 59 3 0
785 530 2 2 38 4 0
786 186 3 2 32 5 0
788 1081 2 9 84 3 0
790 1017 2 9 26 4 0
791 373 4 3 40 5 0
793 594 2 1 36 5 0
794 23 0 6 45 3 0
796 809 0 0 79 4 0
797 596 0 2 82 4 0
798 921 3 3 62 5 0
799 778 0 5 45 5 0
800 134 2 2 70 4 0
804 633 0 3 11 5 0
805 783 3 1 21 5 0
806 242 0 0 20 4 0
807 540 3 8 60 3 0
808 443 1 1 71 4 0
809 904 3 3 21 5 0
810 891 2 4 45 4 0
811 132 4 2 87 3 0
812 795 0 3 66 5 0
814 1030 3 3 33 4 0
817 1011 3 0 74 5 0
818 57 2 6 27 5 0
821 129 0 6 88 5 0
824 1121 2 2 67 3 0
825 457 0 7 43 4 0
829 631 1 1 67 3 0
834 348 3 9 63 3 0
835 533 2 7 12 4 0
836 1015 3 6 96 3 0
837 315 3 6 100 4 0
839 876 0 2 63 3 0
846 634 0 4 39 4 0
848 710 1 1 39 4 0
852 666 1 2 77 5 0
854 682 2 8 51 4 0
855 711 4 3 27 5 0
856 1098 4 6 32 5 0
857 578 1 2 4 3 0
858 1130 4 3 37 4 0
859 524 2 8 83 3 0
860 693 4 7 50 5 0
862 397 1 5 46 3 0
864 372 3 1 65 5 0
865 958 1 7 81 4 0
867 467 1 0 10 5 0
868 533 4 0 69 4 0
869 277 1 0 44 5 0
870 437 3 8 37 5 0
871 452 4 9 44 5 0
872 692 1 2 6 4 0
874 1076 2 7 16 4 0
875 468 4 5 83 5 0
876 536 1 7 56 5 0
877 274 4 1 95 4 0
878 863 2 4 98 4 0
880 673 4 6 44 4 0
883 1136 4 0 6 3 0
884 994 0 2 44 5 0
885 636 4 5 45 4 0
888 26 3 9 54 4 0
891 1198 1 4 82 4 0
892 323 3 6 53 3 0
893 1190 0 6 77 4 0
894 736 1 8 84 5 0
896 565 4 8 11 3 0
898 988 2 8 44 4 0
899 232 0 2 72 4 0
902 279 3 9 79 4 0
903 147 0 4 78 5 0
905 724 3 3 56 4 0
906 582 3 4 56 3 0
907 458 3 6 10 4 0
909 355 2 1 10 5 0
910 332 0 3 14 4 0
911 425 1 8 67 4 0
917 948 2 9 51 3 0
918 341 2 1 85 4 0
919 822 3 2 35 5 0
920 238 4 4 28 4 0
922 238 0 3 93 5 0
928 97 0 1 80 3 0
929 932 3 2 22 5 0
932 289 0 0 17 4 0
933 188 1 6 52 4 0
935 84 4 1 93 3 0
936 459 1 6 7 5 0
938 949 2 2 44 3 0
939 110 3 0 52 5 0
940 43 4 5 43 4 0
941 697 4 3 13 4 0
942 543 4 5 79 4 0
946 663 3 0 40 4 0
949 981 2 2 93 3 0
950 193 2 8 7 3 0
952 712 1 8 1 3 0
953 405 2 4 94 5 0
954 854 0 0 100 3 0
955 494 1 6 43 3 0
956 304 2 1 28 4 0
957 163 4 9 31 4 0
959 1100 4 5 60 5 0
961 1153 1 5 27 5 0
962 692 1 9 99 5 0
964 639 4 9 67 3 0
965 1119 0 2 100 5 0
968 1025 3 8 70 4 0
969 653 2 9 10 4 0
971 553 1 9 66 3 0
972 234 1 1 47 5 0
974 410 4 2 8 5 0
976 782 0 8 26 5 0
977 318 4 8 50 4 0
978 843 2 6 70 3 0
979 1155 1 2 37 3 0
981 639 3 9 91 4 0
984 1155 0 1 55 4 0
987 610 3 2 4 3 0
989 165 3 4 50 4 0
990 126 2 3 67 3 0
991 170 0 8 20 3 0
992 489 0 8 57 5 0
993 1195 1 5 96 3 0
994 1126 4 9 31 5 0
995 168 4 3 51 5 0
997 442 2 4 64 3 0
998 347 2 8 91 5 0
999 319 3 3 40 5 0
1000 872 0 4 58 5 0
1001 186 4 9 94 4 0
1002 521 4 0 66 4 0
1003 913 3 7 9 5 0
1005 1003 1 2 13 3 0
1007 887 4 1 99 5 0
1008 1047 3 3 77 5 0
1009 348 3 8 15 3 0
1010 576 2 8 49 5 0
1016 103 1 0 18 3 0
1020 311 2 6 81 4 0
1021 137 0 7 43 5 0
1022 505 2 4 84 5 0
1023 647 1 8 7 5 0
1024 74 3 3 66 4 0
1028 284 3 6 49 5 0
1029 1157 3 3 29 4 0
1030 336 2 3 85 5 0
1032 747 4 1 79 3 0
1034 552 4 2 9 5 0
1035 718 4 6 69 4 0
1037 245 2 2 53 4 0
1039 505 0 7 8 3 0
1040 1096 2 5 75 4 0
1045 447 4 2 57 5 0
1046 467 0 4 73 4 0
1047 346 2 6 66 4 0
1048 730 0 6 92 3 0
1049 842 2 2 81 3 0
1050 143 4 2 89 5 0
1053 714 1 3 44 4 0
1055 346 3 8 17 4 0
1056 1196 2 2 72 3 0
1058 555 1 7 54 3 0
1061 777 2 8 69 4 0
1062 1009 0 2 22 4 0
1063 15 3 1 90 3 0
1065 686 1 3 93 3 0
1070 593 4 4 17 3 0
1071 240 3 7 72 5 0
1072 968 0 7 12 5 0
1073 334 3 5 74 5 0
1075 944 2 1 17 3 0
1077 1160 3 2 46 4 0
1078 1174 2 0 33 5 0
1084 841 1 1 59 3 0
1085 913 2 9 93 3 0
1088 884 2 6 96 3 0
1089 38 2 4 42 5 0
1091 393 1 5 32 5 0
1092 742 1 8 77 4 0
1093 1109 3 8 48 5 0
1101 855 3 2 22 5 0
1103 595 2 9 54 3 0
1105 1087 0 1 48 4 0
1106 911 3 1 43 4 0
1109 1110 2 1 91 4 0
1114 59 3 5 47 3 0
1115 658 4 2 52 3 0
1121 507 4 1 25 5 0
1124 956 0 8 19 5 0
1125 948 1 4 7 3 0
1127 1061 4 3 31 3 0
1128 291 2 4 6 5 0
1129 87 0 6 69 3 0
1130 956 1 0 77 5 0
1131 186 0 7 15 3 0
1134 590 3 5 43 3 0
1135 1105 3 4 70 4 0
1137 970 4 1 23 4 0
1138 707 4 2 2 3 0
1140 863 1 1 45 3 0
1143 666 3 8 30 3 0
1148 3 1 4 15 3 0
1149 787 1 2 58 3 0
1150 918 0 9 9 4 0
1151 616 2 2 14 3 0
1152 662 4 1 16 4 0
1153 1100 3 2 59 5 0
1155 306 0 6 93 5 0
1156 236 4 2 52 5 0
1160 626 1 6 72 4 0
1162 5 4 3 23 5 0
1166 986 1 1 42 3 0
1167 549 1 1 91 4 0
1168 446 4 7 89 3 0
1169 298 1 9 94 3 0
1170 628 0 0 33 5 0
1171 750 4 3 90 5 0
1172 856 0 4 94 4 0
1173 534 0 0 20 4 0
1174 250 1 9 20 4 0
1177 919 1 2 59 4 0
1179 365 1 8 2 5 0
1180 747 2 0 44 3 0
1181 82 1 4 86 5 0
1182 86 4 8 83 4 0
1185 823 1 6 89 4 0
1186 842 4 2 57 4 0
1190 294 2 2 67 3 0
1191 418 4 7 42 4 0
1192 240 0 9 41 4 0
1193 845 1 0 8 3 0
1195 210 2 9 88 3 0
1197 1101 1 7 88 3 0
1198 355 1 4 2 4 0

