10

5
0 20 20 20 20 20 20 20 20 20 20
1 20 20 20 20 20 20 20 20 20 20
2 20 20 20 20 20 20 20 20 20 20
3 20 20 20 20 20 20 20 20 20 20
4 20 20 20 20 20 20 20 20 20 20

25
309 532 100000 6 1
0 126 2 2
1 108 6 8
2 137 8 7
5 113 4 6
6 140 6 6
9 127 2 9
1007 829 100000 6 0
0 139 2 1
1 117 4 4
2 136 4 1
3 100 10 5
4 117 3 6
9 138 8 3
560 1138 100000 6 1
1 107 10 1
2 133 4 7
3 111 3 2
5 107 5 1
6 141 6 7
9 129 9 1
336 240 100000 6 0
0 147 2 2
1 121 5 2
5 142 5 1
7 150 1 4
8 114 9 9
9 144 1 3
48 1079 100000 6 3
1 124 3 2
2 128 8 1
3 111 4 5
4 125 2 5
6 113 6 10
8 119 3 2
9 565 100000 6 4
0 104 10 8
1 113 1 9
4 104 9 10
5 121 1 3
6 117 5 10
7 106 1 1
432 423 100000 6 2
1 103 3 10
4 124 9 7
5 125 5 1
6 149 8 2
7 137 8 6
9 114 4 5
922 689 100000 6 1
0 105 6 1
2 148 2 8
3 115 9 3
5 118 1 3
6 143 6 6
9 133 3 1
470 886 100000 6 1
3 141 5 10
4 148 2 8
6 117 6 3
7 129 4 8
8 108 6 6
9 140 9 3
1103 252 100000 6 4
0 113 9 9
3 145 5 8
4 140 3 3
5 108 5 1
6 136 2 3
8 121 5 4
650 174 100000 6 0
0 102 8 8
1 125 9 2
2 141 3 5
4 132 9 7
7 110 8 8
8 143 9 8
313 365 100000 6 3
1 107 4 4
3 146 5 4
4 132 5 7
6 130 2 6
7 133 4 3
8 135 10 6
598 308 100000 6 1
0 146 3 9
2 104 3 10
4 132 9 1
5 107 5 7
6 136 2 9
8 112 10 8
910 834 100000 6 4
0 110 4 5
1 114 2 2
2 135 9 10
4 128 7 6
7 150 4 9
9 146 3 9
114 924 100000 6 4
0 140 2 6
1 100 1 10
4 147 3 3
5 114 2 8
6 126 1 1
8 138 4 7
1106 1149 100000 6 0
1 109 10 2
3 147 1 6
4 111 4 3
5 114 5 1
7 107 1 4
8 127 9 10
775 565 100000 6 0
0 132 9 9
1 130 3 3
2 113 9 6
5 108 3 5
8 150 2 3
9 135 5 8
416 173 100000 6 2
0 119 6 1
1 116 1 8
2 100 6 5
5 144 8 8
8 150 5 1
9 101 1 2
41 1043 100000 6 3
0 125 1 5
1 147 1 9
4 137 2 1
6 120 2 8
7 127 2 6
9 133 1 1
240 1154 100000 6 3
0 104 9 2
3 145 2 4
5 116 10 8
7 129 8 1
8 102 8 2
9 111 3 10
1069 443 100000 6 4
0 122 10 10
2 129 6 8
3 131 1 5
4 138 2 6
8 147 4 5
9 149 3 10
1193 1172 100000 6 2
0 112 2 8
1 129 9 5
2 114 1 7
3 115 5 6
4 119 4 6
8 131 7 2
419 417 100000 6 3
2 104 1 3
3 130 4 10
5 137 9 1
6 130 5 1
7 106 9 8
8 102 4 2
34 275 100000 6 2
0 113 5 9
1 117 6 4
3 145 4 7
5 103 5 9
6 139 1 9
8 115 8 6
862 670 100000 6 2
1 117 3 2
2 144 3 1
5 108 4 2
6 137 1 4
7 105 6 4
9 102 8 4

400
9 102 4 4 57 4 0
10 26 3 1 60 5 0
12 270 3 5 65 3 0
14 220 2 5 67 5 0
16 618 2 7 74 4 0
21 998 1 6 64 4 0
24 591 0 1 4 3 0
25 1088 0 5 55 5 0
28 755 0 1 27 5 0
32 825 1 6 82 3 0
36 528 1 4 45 3 0
39 493 2 9 28 5 0
44 428 4 6 82 4 0
45 1053 3 6 55 3 0
46 362 3 1 7 3 0
49 480 1 9 51 5 0
51 495 1 9 87 5 0
54 1039 1 3 52 3 0
56 1182 1 4 1 5 0
61 460 0 4 84 4 0
62 307 2 2 56 3 0
63 84 4 0 44 5 0
64 1002 2 2 63 5 0
65 158 3 5 1 3 0
70 136 2 8 80 5 0
71 221 2 3 28 4 0
76 107 0 3 21 3 0
79 1131 2 6 32 5 0
80 872 2 6 18 3 0
81 632 0 1 100 5 0
82 728 0 1 89 3 0
84 775 3 4 10 3 0
86 1085 4 7 80 4 0
88 771 4 2 21 5 0
90 347 1 3 60 4 0
91 587 3 6 5 4 0
102 200 3 1 16 5 0
103 1075 0 3 31 3 0
105 796 2 0 51 3 0
108 478 4 7 43 3 0
111 623 0 5 32 3 0
112 586 1 0 57 4 0
114 997 3 8 46 3 0
116 1169 3 4 82 5 0
118 790 2 1 37 5 0
120 1032 1 4 24 4 0
122 299 0 8 74 5 0
125 507 1 8 35 4 0
126 737 2 0 78 5 0
129 347 3 7 96 3 0
132 163 4 2 84 4 0
136 880 4 6 42 5 0
138 1065 2 1 80 3 0
140 322 2 5 79 5 0
144 651 1 3 81 4 0
151 391 4 8 25 4 0
152 55 4 3 50 3 0
160 183 0 6 49 5 0
161 529 4 2 40 4 0
162 233 3 2 50 4 0
164 936 1 4 96 3 0
166 533 1 4 59 3 0
169 1121 4 3 97 4 0
170 302 0 0 18 5 0
171 28 2 4 4 5 0
173 965 1 4 86 3 0
177 987 3 2 47 3 0
180 462 0 8 78 5 0
185 58 2 0 31 3 0
187 572 0 4 15 3 0
188 170 4 2 62 5 0
189 455 4 6 62 3 0
195 965 4 1 73 3 0
200 448 1 3 91 3 0
201 75 4 8 49 3 0
204 992 2 8 25 4 0
206 981 3 1 46 4 0
207 383 0 8 87 5 0
209 858 2 5 85 4 0
214 510 3 5 54 3 0
219 100 4 8 45 3 0
221 117 2 1 65 5 0
223 46 2 9 16 5 0
224 932 0 5 64 4 0
226 938 2 9 71 5 0
229 651 3 4 65 4 0
236 940 4 3 79 5 0
238 583 0 1 96 3 0
239 984 3 8 60 4 0
240 282 4 0 68 4 0
241 5 0 1 80 4 0
242 766 3 5 40 3 0
243 227 3 9 20 3 0
254 370 3 7 53 4 0
259 158 2 3 90 5 0
260 41 1 2 98 3 0
263 1008 0 8 39 4 0
264 171 0 5 1 5 0
267 187 1 2 77 3 0
271 1174 3 6 62 3 0
272 1022 3 7 88 3 0
274 241 0 7 54 5 0
275 504 3 8 63 4 0
276 236 4 2 97 3 0
279 295 3 3 92 5 0
280 903 0 4 64 3 0
281 464 0 5 87 3 0
286 1173 4 7 42 3 0
287 53 1 2 97 3 0
290 892 1 8 20 5 0
296 639 0 0 77 3 0
299 130 2 2 36 3 0
301 223 4 1 36 3 0
304 338 3 0 85 4 0
310 907 1 2 10 3 0
315 1093 1 8 56 3 0
317 434 4 4 45 5 0
319 1072 0 0 92 3 0
322 737 4 2 46 5 0
323 614 2 2 34 5 0
324 467 1 2 81 5 0
327 994 1 6 89 5 0
328 1084 2 0 92 3 0
334 1115 4 6 46 4 0
339 679 1 3 18 5 0
340 115 1 4 37 3 0
344 370 3 9 37 4 0
345 836 1 1 46 4 0
348 2 0 2 19 4 0
357 359 4 7 26 4 0
360 215 0 6 15 4 0
364 904 3 1 91 4 0
366 415 3 9 42 5 0
367 252 4 6 8 3 0
369 892 1 6 75 5 0
379 562 4 6 6 4 0
380 540 0 5 92 4 0
385 524 0 8 53 4 0
387 338 3 7 6 3 0
395 789 3 0 67 3 0
401 33 0 8 54 3 0
403 642 1 3 50 3 0
414 758 0 9 74 4 0
416 922 3 7 35 3 0
420 587 3 3 35 3 0
425 1085 2 5 55 5 0
428 357 4 7 9 5 0
430 996 0 3 15 4 0
431 5 4 4 80 5 0
437 9 0 9 66 3 0
441 645 1 6 72 3 0
442 396 1 1 90 5 0
443 379 1 0 57 5 0
444 295 3 2 87 4 0
446 71 3 0 53 3 0
447 707 2 2 23 4 0
450 957 4 1 92 3 0
453 208 0 2 42 4 0
454 1015 2 1 60 5 0
457 965 2 8 85 5 0
468 647 3 1 29 4 0
472 49 4 4 21 4 0
473 9 2 1 44 4 0
475 1045 2 0 96 4 0
477 393 1 4 15 4 0
478 1107 0 5 21 3 0
479 602 1 3 6 4 0
493 94 3 0 7 4 0
494 514 3 2 83 3 0
495 48 4 9 41 3 0
498 894 1 6 35 3 0
499 298 1 9 85 4 0
503 117 4 9 72 4 0
504 1151 2 0 41 5 0
506 315 2 2 14 3 0
511 49 2 0 94 3 0
513 232 3 4 67 4 0
516 959 3 3 75 3 0
517 473 2 0 3 4 0
519 359 2 0 84 4 0
523 384 1 9 34 3 0
529 987 1 9 30 5 0
532 556 2 5 29 5 0
533 519 3 4 39 5 0
534 14 0 9 5 4 0
537 633 1 8 24 3 0
541 395 0 6 31 5 0
557 441 3 1 22 3 0
559 797 1 1 49 4 0
561 794 1 4 47 5 0
562 332 3 7 33 4 0
564 992 1 6 28 4 0
566 318 1 2 8 3 0
569 451 0 6 2 5 0
570 547 1 1 37 3 0
575 479 0 1 64 5 0
577 710 1 1 4 5 0
578 908 4 9 48 3 0
579 205 1 8 42 4 0
582 428 4 8 54 5 0
583 800 1 4 32 4 0
587 1150 3 5 43 4 0
590 582 3 7 43 5 0
594 1168 1 8 85 3 0
604 522 1 4 87 3 0
607 135 0 9 72 3 0
609 796 4 7 41 5 0
611 534 1 5 77 4 0
612 1127 3 5 65 4 0
614 857 4 7 40 3 0
617 301 3 0 18 4 0
619 254 3 2 8 5 0
621 541 4 9 15 5 0
625 723 0 0 82 5 0
626 50 0 9 42 3 0
630 1079 4 2 67 4 0
632 1009 2 5 23 3 0
635 558 4 5 64 4 0
639 1165 2 0 22 3 0
642 575 0 7 3 5 0
646 399 1 0 83 3 0
648 531 3 2 9 4 0
649 205 2 0 68 3 0
653 766 2 1 66 4 0
654 409 4 9 10 5 0
655 449 3 7 6 5 0
659 185 1 8 49 3 0
664 339 0 0 69 5 0
666 736 4 5 50 5 0
670 111 1 1 3 5 0
671 654 4 6 71 3 0
673 975 3 2 85 3 0
674 836 2 4 33 3 0
678 544 2 5 4 3 0
680 13 1 0 55 3 0
683 512 3 5 2 4 0
685 488 4 9 3 5 0
688 146 3 0 16 4 0
691 13 1 3 62 4 0
694 771 1 6 89 4 0
696 30 2 7 48 3 0
702 108 1 7 68 5 0
707 953 3 9 9 3 0
710 1181 1 9 75 3 0
715 103 4 7 30 4 0
717 8 0 8 3 4 0
718 564 2 7 74 4 0
721 1126 2 4 69 5 0
723 343 1 8 3 5 0
725 356 3 7 4 3 0
733 269 3 3 1 3 0
735 737 1 8 94 4 0
740 270 2 0 13 4 0
741 23 0 7 30 3 0
746 318 0 6 7 4 0
750 932 2 3 82 4 0
752 547 0 4 98 4 0
757 302 0 4 96 3 0
758 1198 0 7 91 5 0
762 297 2 0 35 3 0
766 121 0 7 49 5 0
768 631 0 0 43 3 0
769 1080 2 7 19 4 0
777 683 3 0 67 4 0
780 1062 3 4 16 3 0
785 1018 3 6 78 4 0
786 605 3 1 65 4 0
791 983 3 9 49 3 0
797 633 2 9 65 4 0
799 248 4 0 92 4 0
800 1082 3 9 29 4 0
804 894 1 4 19 4 0
805 711 1 5 83 3 0
806 525 0 9 44 3 0
807 159 4 7 5 5 0
811 1035 4 6 59 3 0
817 396 3 0 74 3 0
818 1076 3 0 43 3 0
821 540 1 3 20 3 0
824 260 2 9 80 5 0
834 1083 0 6 2 4 0
835 120 4 0 94 5 0
836 1060 1 5 18 5 0
837 1184 3 7 71 3 0
852 814 0 6 15 4 0
854 584 4 8 60 5 0
855 191 1 9 19 5 0
858 411 2 3 49 4 0
865 662 1 0 60 4 0
867 893 4 5 29 3 0
869 697 0 5 41 4 0
870 1053 4 8 32 3 0
871 103 4 7 89 5 0
875 645 3 1 26 5 0
876 207 1 1 46 3 0
878 698 1 2 51 3 0
880 809 3 9 8 3 0
883 922 3 7 35 3 0
884 1136 1 4 33 4 0
893 701 0 0 12 3 0
896 587 3 1 52 5 0
898 1157 3 7 51 4 0
903 595 2 7 82 5 0
905 928 1 1 6 3 0
906 1193 4 6 31 3 0
907 603 1 8 52 3 0
909 1038 2 3 14 3 0
910 1050 3 5 44 5 0
911 199 4 1 75 3 0
917 396 3 6 13 3 0
918 285 3 6 2 3 0
922 56 0 7 23 4 0
928 465 3 2 86 5 0
929 1104 4 0 63 5 0
932 479 4 5 98 4 0
933 336 3 8 55 5 0
935 830 0 3 62 4 0
936 1116 1 6 73 5 0
939 350 0 0 88 3 0
941 122 0 6 16 5 0
949 137 2 9 56 3 0
954 1156 3 3 26 5 0
957 479 2 3 16 3 0
959 104 0 1 4 4 0
961 272 0 2 61 3 0
962 397 2 9 3 4 0
964 1045 1 8 2 5 0
965 151 2 1 84 4 0
968 594 4 3 41 5 0
969 1113 1 1 80 3 0
974 454 2 4 31 3 0
976 777 0 7 67 4 0
977 795 1 7 91 4 0
978 453 0 6 53 3 0
987 881 3 7 18 5 0
991 212 3 8 47 4 0
995 255 4 7 81 3 0
997 826 2 2 19 3 0
1000 415 2 5 35 3 0
1002 765 1 2 25 5 0
1009 50 3 4 89 5 0
1010 556 0 5 31 5 0
1016 1018 3 3 84 3 0
1020 85 0 0 84 4 0
1021 174 3 5 87 4 0
1022 253 2 7 49 3 0
1024 732 1 7 14 3 0
1028 830 4 9 49 4 0
1029 79 3 7 10 3 0
1030 269 3 8 86 4 0
1032 941 1 5 67 4 0
1034 1023 3 3 20 3 0
1040 580 4 7 56 5 0
1046 411 4 6 34 3 0
1050 660 0 7 81 4 0
1055 757 2 4 48 4 0
1056 1029 0 4 34 4 0
1058 386 1 7 12 3 0
1061 134 0 8 4 4 0
1063 965 1 3 23 4 0
1070 781 1 5 73 4 0
1072 657 3 9 56 5 0
1077 1169 3 3 88 4 0
1078 1016 4 6 18 5 0
1089 270 2 7 94 5 0
1091 111 2 7 52 4 0
1101 173 2 7 58 4 0
1105 576 4 0 8 5 0
1106 45 2 7 65 4 0
1109 767 4 5 32 4 0
1114 265 2 1 51 5 0
1115 1158 4 9 64 3 0
1124 354 2 2 98 3 0
1128 552 0 1 9 5 0
1129 551 0 8 51 4 0
1130 1000 1 9 53 4 0
1135 124 2 9 85 5 0
1137 682 3 5 59 4 0
1138 875 1 3 80 3 0
1140 311 4 6 49 4 0
1149 218 0 2 100 5 0
1150 771 3 0 55 4 0
1151 1054 2 1 25 4 0
1152 615 4 5 98 3 0
1153 177 3 3 59 3 0
1155 279 4 5 41 5 0
1162 1091 0 8 28 3 0
1166 154 3 6 79 3 0
1168 1194 4 5 27 5 0
1169 217 3 6 9 4 0
1171 930 0 8 48 3 0
1177 936 0 8 10 3 0
1179 470 4 4 87 3 0
1180 83 4 9 94 5 0
1185 458 0 6 40 3 0
1191 143 4 4 71 4 0
1192 1155 2 6 14 3 0
1193 28 0 8 45 3 0
1195 906 3 5 13 3 0
1198 444 2 0 58 3 0

