10

5
0 20 20 20 20 20 20 20 20 20 20
1 20 20 20 20 20 20 20 20 20 20
2 20 20 20 20 20 20 20 20 20 20
3 20 20 20 20 20 20 20 20 20 20
4 20 20 20 20 20 20 20 20 20 20

25
309 532 100000 6 1
0 126 2 2
1 108 6 8
2 137 8 7
5 113 4 6
6 140 6 6
9 127 2 9
1007 829 100000 6 0
0 139 2 1
1 117 4 4
2 136 4 1
3 100 10 5
4 117 3 6
9 138 8 3
560 1138 100000 6 1
1 107 10 1
2 133 4 7
3 111 3 2
5 107 5 1
6 141 6 7
9 129 9 1
336 240 100000 6 0
0 147 2 2
1 121 5 2
5 142 5 1
7 150 1 4
8 114 9 9
9 144 1 3
48 1079 100000 6 3
1 124 3 2
2 128 8 1
3 111 4 5
4 125 2 5
6 113 6 10
8 119 3 2
9 565 100000 6 4
0 104 10 8
1 113 1 9
4 104 9 10
5 121 1 3
6 117 5 10
7 106 1 1
432 423 100000 6 2
1 103 3 10
4 124 9 7
5 125 5 1
6 149 8 2
7 137 8 6
9 114 4 5
922 689 100000 6 1
0 105 6 1
2 148 2 8
3 115 9 3
5 118 1 3
6 143 6 6
9 133 3 1
470 886 100000 6 1
3 141 5 10
4 148 2 8
6 117 6 3
7 129 4 8
8 108 6 6
9 140 9 3
1103 252 100000 6 4
0 113 9 9
3 145 5 8
4 140 3 3
5 108 5 1
6 136 2 3
8 121 5 4
650 174 100000 6 0
0 102 8 8
1 125 9 2
2 141 3 5
4 132 9 7
7 110 8 8
8 143 9 8
313 365 100000 6 3
1 107 4 4
3 146 5 4
4 132 5 7
6 130 2 6
7 133 4 3
8 135 10 6
598 308 100000 6 1
0 146 3 9
2 104 3 10
4 132 9 1
5 107 5 7
6 136 2 9
8 112 10 8
910 834 100000 6 4
0 110 4 5
1 114 2 2
2 135 9 10
4 128 7 6
7 150 4 9
9 146 3 9
114 924 100000 6 4
0 140 2 6
1 100 1 10
4 147 3 3
5 114 2 8
6 126 1 1
8 138 4 7
1106 1149 100000 6 0
1 109 10 2
3 147 1 6
4 111 4 3
5 114 5 1
7 107 1 4
8 127 9 10
775 565 100000 6 0
0 132 9 9
1 130 3 3
2 113 9 6
5 108 3 5
8 150 2 3
9 135 5 8
416 173 100000 6 2
0 119 6 1
1 116 1 8
2 100 6 5
5 144 8 8
8 150 5 1
9 101 1 2
41 1043 100000 6 3
0 125 1 5
1 147 1 9
4 137 2 1
6 120 2 8
7 127 2 6
9 133 1 1
240 1154 100000 6 3
0 104 9 2
3 145 2 4
5 116 10 8
7 129 8 1
8 102 8 2
9 111 3 10
1069 443 100000 6 4
0 122 10 10
2 129 6 8
3 131 1 5
4 138 2 6
8 147 4 5
9 149 3 10
1193 1172 100000 6 2
0 112 2 8
1 129 9 5
2 114 1 7
3 115 5 6
4 119 4 6
8 131 7 2
419 417 100000 6 3
2 104 1 3
3 130 4 10
5 137 9 1
6 130 5 1
7 106 9 8
8 102 4 2
34 275 100000 6 2
0 113 5 9
1 117 6 4
3 145 4 7
5 103 5 9
6 139 1 9
8 115 8 6
862 670 100000 6 2
1 117 3 2
2 144 3 1
5 108 4 2
6 137 1 4
7 105 6 4
9 102 8 4

600
0 196 4 9 3 4 0
3 252 4 7 3 5 0
5 647 3 4 59 4 0
9 1169 4 5 56 4 0
10 1034 2 7 77 3 0
12 583 0 1 96 3 0
13 984 3 8 60 4 0
14 282 4 0 68 4 0
16 5 0 1 80 4 0
19 766 3 5 40 3 0
21 227 3 9 20 3 0
24 370 3 7 53 4 0
25 158 2 3 90 5 0
26 41 1 2 98 3 0
28 1008 0 8 39 4 0
32 171 0 5 1 5 0
36 187 1 2 77 3 0
39 1174 3 6 62 3 0
44 1022 3 7 88 3 0
45 241 0 7 54 5 0
46 504 3 8 63 4 0
48 236 4 2 97 3 0
49 295 3 3 92 5 0
51 903 0 4 64 3 0
53 464 0 5 87 3 0
54 1173 4 7 42 3 0
55 53 1 2 97 3 0
56 892 1 8 20 5 0
57 639 0 0 77 3 0
58 130 2 2 36 3 0
61 223 4 1 36 3 0
62 338 3 0 85 4 0
63 907 1 2 10 3 0
64 1093 1 8 56 3 0
65 434 4 4 45 5 0
68 1072 0 0 92 3 0
70 737 4 2 46 5 0
71 614 2 2 34 5 0
72 467 1 2 81 5 0
75 994 1 6 89 5 0
76 1084 2 0 92 3 0
79 1115 4 6 46 4 0
80 679 1 3 18 5 0
81 115 1 4 37 3 0
82 370 3 9 37 4 0
84 836 1 1 46 4 0
86 2 0 2 19 4 0
88 359 4 7 26 4 0
90 215 0 6 15 4 0
91 904 3 1 91 4 0
92 415 3 9 42 5 0
93 252 4 6 8 3 0
96 892 1 6 75 5 0
99 562 4 6 6 4 0
100 540 0 5 92 4 0
102 524 0 8 53 4 0
103 338 3 7 6 3 0
105 789 3 0 67 3 0
106 33 0 8 54 3 0
107 642 1 3 50 3 0
108 758 0 9 74 4 0
111 922 3 7 35 3 0
112 587 3 3 35 3 0
114 1085 2 5 55 5 0
116 357 4 7 9 5 0
117 996 0 3 15 4 0
118 5 4 4 80 5 0
120 9 0 9 66 3 0
122 645 1 6 72 3 0
125 396 1 1 90 5 0
126 379 1 0 57 5 0
129 295 3 2 87 4 0
132 71 3 0 53 3 0
136 707 2 2 23 4 0
138 957 4 1 92 3 0
140 208 0 2 42 4 0
143 1015 2 1 60 5 0
144 965 2 8 85 5 0
151 647 3 1 29 4 0
152 49 4 4 21 4 0
154 9 2 1 44 4 0
158 1045 2 0 96 4 0
160 393 1 4 15 4 0
161 1107 0 5 21 3 0
162 602 1 3 6 4 0
163 94 3 0 7 4 0
164 514 3 2 83 3 0
166 48 4 9 41 3 0
167 894 1 6 35 3 0
169 298 1 9 85 4 0
170 117 4 9 72 4 0
171 1151 2 0 41 5 0
172 315 2 2 14 3 0
173 49 2 0 94 3 0
175 232 3 4 67 4 0
177 959 3 3 75 3 0
180 473 2 0 3 4 0
183 359 2 0 84 4 0
185 384 1 9 34 3 0
187 987 1 9 30 5 0
188 556 2 5 29 5 0
189 519 3 4 39 5 0
193 14 0 9 5 4 0
195 633 1 8 24 3 0
200 395 0 6 31 5 0
201 441 3 1 22 3 0
203 797 1 1 49 4 0
204 794 1 4 47 5 0
206 332 3 7 33 4 0
207 992 1 6 28 4 0
209 318 1 2 8 3 0
212 451 0 6 2 5 0
213 547 1 1 37 3 0
214 479 0 1 64 5 0
217 710 1 1 4 5 0
219 908 4 9 48 3 0
220 205 1 8 42 4 0
221 428 4 8 54 5 0
222 800 1 4 32 4 0
223 1150 3 5 43 4 0
224 582 3 7 43 5 0
226 1168 1 8 85 3 0
227 522 1 4 87 3 0
228 135 0 9 72 3 0
229 796 4 7 41 5 0
233 534 1 5 77 4 0
235 1127 3 5 65 4 0
236 857 4 7 40 3 0
238 301 3 0 18 4 0
239 254 3 2 8 5 0
240 541 4 9 15 5 0
241 723 0 0 82 5 0
242 50 0 9 42 3 0
243 1079 4 2 67 4 0
245 1009 2 5 23 3 0
247 558 4 5 64 4 0
251 1165 2 0 22 3 0
254 575 0 7 3 5 0
258 399 1 0 83 3 0
259 531 3 2 9 4 0
260 205 2 0 68 3 0
261 766 2 1 66 4 0
263 409 4 9 10 5 0
264 449 3 7 6 5 0
267 185 1 8 49 3 0
270 339 0 0 69 5 0
271 736 4 5 50 5 0
272 111 1 1 3 5 0
274 654 4 6 71 3 0
275 975 3 2 85 3 0
276 836 2 4 33 3 0
279 544 2 5 4 3 0
280 13 1 0 55 3 0
281 512 3 5 2 4 0
284 488 4 9 3 5 0
286 146 3 0 16 4 0
287 13 1 3 62 4 0
290 771 1 6 89 4 0
291 30 2 7 48 3 0
296 108 1 7 68 5 0
297 953 3 9 9 3 0
299 1181 1 9 75 3 0
301 103 4 7 30 4 0
302 8 0 8 3 4 0
304 564 2 7 74 4 0
307 1126 2 4 69 5 0
310 343 1 8 3 5 0
315 356 3 7 4 3 0
317 269 3 3 1 3 0
318 737 1 8 94 4 0
319 270 2 0 13 4 0
321 23 0 7 30 3 0
322 318 0 6 7 4 0
323 932 2 3 82 4 0
324 547 0 4 98 4 0
327 302 0 4 96 3 0
328 1198 0 7 91 5 0
332 297 2 0 35 3 0
334 121 0 7 49 5 0
336 631 0 0 43 3 0
339 1080 2 7 19 4 0
340 683 3 0 67 4 0
341 1062 3 4 16 3 0
342 1018 3 6 78 4 0
344 605 3 1 65 4 0
345 983 3 9 49 3 0
347 633 2 9 65 4 0
348 248 4 0 92 4 0
357 1082 3 9 29 4 0
359 894 1 4 19 4 0
360 711 1 5 83 3 0
362 525 0 9 44 3 0
364 159 4 7 5 5 0
365 1035 4 6 59 3 0
366 396 3 0 74 3 0
367 1076 3 0 43 3 0
369 540 1 3 20 3 0
370 260 2 9 80 5 0
376 1083 0 6 2 4 0
377 120 4 0 94 5 0
379 1060 1 5 18 5 0
380 1184 3 7 71 3 0
383 814 0 6 15 4 0
384 584 4 8 60 5 0
385 191 1 9 19 5 0
387 411 2 3 49 4 0
391 662 1 0 60 4 0
394 893 4 5 29 3 0
395 697 0 5 41 4 0
396 1053 4 8 32 3 0
401 103 4 7 89 5 0
403 645 3 1 26 5 0
414 207 1 1 46 3 0
415 698 1 2 51 3 0
416 809 3 9 8 3 0
419 922 3 7 35 3 0
420 1136 1 4 33 4 0
425 701 0 0 12 3 0
428 587 3 1 52 5 0
429 1157 3 7 51 4 0
430 595 2 7 82 5 0
431 928 1 1 6 3 0
433 1193 4 6 31 3 0
434 603 1 8 52 3 0
435 1038 2 3 14 3 0
437 1050 3 5 44 5 0
440 199 4 1 75 3 0
441 396 3 6 13 3 0
442 285 3 6 2 3 0
443 56 0 7 23 4 0
444 465 3 2 86 5 0
445 1104 4 0 63 5 0
446 479 4 5 98 4 0
447 336 3 8 55 5 0
448 830 0 3 62 4 0
449 1116 1 6 73 5 0
450 350 0 0 88 3 0
452 122 0 6 16 5 0
453 137 2 9 56 3 0
454 1156 3 3 26 5 0
455 479 2 3 16 3 0
457 104 0 1 4 4 0
459 272 0 2 61 3 0
460 397 2 9 3 4 0
462 1045 1 8 2 5 0
464 151 2 1 84 4 0
467 594 4 3 41 5 0
468 1113 1 1 80 3 0
469 454 2 4 31 3 0
472 777 0 7 67 4 0
473 795 1 7 91 4 0
475 453 0 6 53 3 0
477 881 3 7 18 5 0
478 212 3 8 47 4 0
479 255 4 7 81 3 0
480 826 2 2 19 3 0
493 415 2 5 35 3 0
494 765 1 2 25 5 0
495 50 3 4 89 5 0
496 556 0 5 31 5 0
498 1018 3 3 84 3 0
499 85 0 0 84 4 0
503 174 3 5 87 4 0
504 253 2 7 49 3 0
506 732 1 7 14 3 0
507 830 4 9 49 4 0
508 79 3 7 10 3 0
510 269 3 8 86 4 0
511 941 1 5 67 4 0
513 1023 3 3 20 3 0
516 580 4 7 56 5 0
517 411 4 6 34 3 0
519 660 0 7 81 4 0
522 757 2 4 48 4 0
523 1029 0 4 34 4 0
528 386 1 7 12 3 0
529 134 0 8 4 4 0
532 965 1 3 23 4 0
533 781 1 5 73 4 0
534 657 3 9 56 5 0
535 1169 3 3 88 4 0
537 1016 4 6 18 5 0
541 270 2 7 94 5 0
542 111 2 7 52 4 0
543 173 2 7 58 4 0
548 576 4 0 8 5 0
552 45 2 7 65 4 0
557 767 4 5 32 4 0
559 265 2 1 51 5 0
561 1158 4 9 64 3 0
562 354 2 2 98 3 0
563 552 0 1 9 5 0
564 551 0 8 51 4 0
566 1000 1 9 53 4 0
569 124 2 9 85 5 0
570 682 3 5 59 4 0
572 875 1 3 80 3 0
575 311 4 6 49 4 0
577 218 0 2 100 5 0
578 771 3 0 55 4 0
579 1054 2 1 25 4 0
582 615 4 5 98 3 0
583 177 3 3 59 3 0
586 279 4 5 41 5 0
587 1091 0 8 28 3 0
588 154 3 6 79 3 0
590 1194 4 5 27 5 0
591 217 3 6 9 4 0
592 930 0 8 48 3 0
594 936 0 8 10 3 0
595 470 4 4 87 3 0
601 83 4 9 94 5 0
604 458 0 6 40 3 0
607 143 4 4 71 4 0
609 1155 2 6 14 3 0
611 28 0 8 45 3 0
612 906 3 5 13 3 0
614 444 2 0 58 3 0
617 791 0 9 77 5 0
618 593 4 5 74 5 0
619 994 0 1 79 4 0
621 437 0 6 38 4 0
623 799 1 2 76 5 0
625 343 1 1 33 5 0
626 144 4 0 15 3 0
630 863 2 3 77 3 0
632 869 1 5 10 4 0
635 780 1 7 58 5 0
639 808 1 1 28 3 0
642 706 1 4 2 4 0
646 806 0 4 98 4 0
648 1044 3 8 25 5 0
649 369 3 0 26 3 0
651 959 4 7 27 5 0
652 123 2 1 83 5 0
653 792 0 1 59 4 0
654 51 0 0 73 3 0
655 499 3 8 45 4 0
658 217 3 4 31 4 0
659 1013 0 0 51 4 0
664 1125 2 7 22 4 0
666 954 3 3 98 3 0
670 913 3 8 4 3 0
671 390 0 5 89 4 0
673 1151 1 7 42 3 0
674 824 4 0 87 5 0
678 3 0 7 81 4 0
680 519 3 5 11 4 0
681 1138 0 3 17 4 0
683 186 1 2 60 4 0
685 941 4 7 2 4 0
688 566 3 0 61 5 0
691 645 2 4 97 5 0
694 351 4 9 63 4 0
696 539 1 3 57 4 0
697 322 1 8 69 3 0
702 248 2 0 23 4 0
704 182 3 1 10 5 0
706 772 0 8 12 4 0
707 1153 4 7 36 4 0
708 1158 0 0 3 3 0
709 1098 0 0 23 4 0
710 1075 1 7 63 4 0
715 473 3 6 72 3 0
717 693 0 5 35 3 0
718 1012 2 3 83 4 0
721 32 4 3 33 5 0
723 1097 0 1 88 5 0
725 247 0 8 44 3 0
727 233 3 0 60 5 0
728 817 1 3 89 4 0
732 109 0 6 2 5 0
733 131 1 8 14 5 0
735 103 2 8 44 3 0
736 1046 3 2 91 5 0
737 965 3 4 74 4 0
740 1026 3 8 28 5 0
741 184 4 4 9 3 0
745 438 2 2 82 5 0
746 130 4 5 83 5 0
749 1026 0 0 11 3 0
750 283 1 6 15 5 0
752 1132 0 6 47 4 0
755 1094 2 2 43 5 0
757 423 0 0 95 5 0
758 58 4 3 40 4 0
762 247 0 4 98 3 0
766 60 1 9 10 4 0
768 1002 4 3 16 3 0
769 668 4 2 77 5 0
770 1110 3 7 59 4 0
771 886 0 6 75 3 0
774 425 2 4 56 4 0
775 1119 3 2 45 4 0
776 1111 3 7 84 3 0
777 686 3 0 100 3 0
779 218 3 2 66 4 0
780 407 2 1 18 4 0
784 1056 1 1 33 4 0
785 181 2 5 27 5 0
786 149 2 5 7 4 0
788 709 1 5 80 3 0
790 156 1 4 71 5 0
791 289 1 6 80 4 0
796 283 2 6 81 5 0
797 56 3 9 60 4 0
798 792 4 0 70 4 0
799 329 1 5 39 5 0
800 825 4 4 57 3 0
804 532 1 8 28 4 0
805 794 0 9 77 4 0
806 710 1 6 34 5 0
807 170 3 5 40 4 0
809 106 3 4 66 3 0
811 241 1 7 94 4 0
812 903 2 3 94 4 0
814 1109 4 3 2 4 0
817 1018 1 1 18 5 0
818 682 4 9 46 3 0
821 466 3 3 24 5 0
824 370 2 7 32 4 0
825 419 0 8 94 3 0
829 334 3 9 76 4 0
834 1064 3 7 27 4 0
835 801 2 0 98 3 0
836 32 4 0 53 3 0
837 590 4 5 62 4 0
839 233 2 4 76 3 0
852 999 3 9 79 3 0
854 954 2 6 33 4 0
855 1175 2 2 69 3 0
856 855 4 1 12 4 0
857 925 1 6 82 5 0
858 346 4 5 94 3 0
860 507 4 9 45 5 0
864 143 0 4 95 5 0
865 1176 1 5 83 3 0
867 501 0 3 81 4 0
868 415 4 9 1 3 0
869 274 2 3 36 4 0
870 951 4 8 4 5 0
871 221 1 0 71 5 0
872 973 2 1 81 3 0
874 1102 3 8 29 4 0
875 167 3 1 35 3 0
876 649 2 5 78 3 0
877 317 1 5 29 5 0
878 203 2 0 57 4 0
880 556 4 0 32 5 0
883 1182 0 9 11 3 0
884 488 4 8 13 3 0
888 647 3 3 1 3 0
891 408 2 5 4 4 0
893 674 2 9 73 4 0
894 350 1 1 73 3 0
896 169 0 5 80 5 0
898 1172 3 7 53 3 0
899 963 0 1 49 4 0
902 924 0 8 1 4 0
903 251 2 9 7 5 0
905 123 3 5 43 5 0
906 376 3 8 37 5 0
907 561 3 8 88 5 0
909 763 3 2 68 4 0
910 157 3 6 27 4 0
911 318 0 1 38 3 0
917 111 1 3 91 3 0
918 471 2 8 98 5 0
919 864 4 1 90 4 0
920 645 4 2 93 3 0
922 120 1 3 76 4 0
928 207 0 0 49 4 0
929 993 2 1 81 5 0
932 371 4 2 55 4 0
933 423 3 0 25 4 0
935 579 2 9 18 5 0
936 608 2 7 81 4 0
939 636 4 5 31 5 0
941 730 1 6 70 5 0
942 948 1 9 15 3 0
949 999 0 7 69 4 0
950 1000 1 9 14 5 0
952 551 4 5 90 5 0
953 325 0 6 94 5 0
954 850 1 7 96 5 0
955 54 0 7 58 3 0
957 875 0 5 95 5 0
959 319 1 2 42 3 0
961 612 4 0 22 3 0
962 20 0 7 16 5 0
964 23 4 6 44 3 0
965 1034 2 9 45 4 0
968 624 2 1 43 5 0
969 75 0 4 30 5 0
972 136 0 4 92 5 0
974 740 0 2 7 4 0
976 601 3 8 96 5 0
977 460 3 3 8 5 0
978 581 4 4 43 3 0
979 663 3 6 73 5 0
981 491 3 8 60 3 0
987 55 2 1 92 5 0
990 1113 1 9 33 3 0
991 751 4 2 50 4 0
992 451 0 8 7 3 0
995 208 3 5 3 5 0
997 139 0 1 59 3 0
998 530 2 2 38 4 0
1000 186 3 2 32 5 0
1001 1081 2 9 84 3 0
1002 1017 2 9 26 4 0
1009 373 4 3 40 5 0
1010 594 2 1 36 5 0
1016 23 0 6 45 3 0
1020 809 0 0 79 4 0
1021 596 0 2 82 4 0
1022 921 3 3 62 5 0
1023 778 0 5 45 5 0
1024 134 2 2 70 4 0
1028 633 0 3 11 5 0
1029 783 3 1 21 5 0
1030 242 0 0 20 4 0
1032 540 3 8 60 3 0
1034 443 1 1 71 4 0
1035 904 3 3 21 5 0
1037 891 2 4 45 4 0
1039 132 4 2 87 3 0
1040 795 0 3 66 5 0
1045 1030 3 3 33 4 0
1046 1011 3 0 74 5 0
1048 57 2 6 27 5 0
1049 129 0 6 88 5 0
1050 1121 2 2 67 3 0
1053 457 0 7 43 4 0
1055 631 1 1 67 3 0
1056 348 3 9 63 3 0
1058 533 2 7 12 4 0
1061 1015 3 6 96 3 0
1062 315 3 6 100 4 0
1063 876 0 2 63 3 0
1065 634 0 4 39 4 0
1070 710 1 1 39 4 0
1071 666 1 2 77 5 0
1072 682 2 8 51 4 0
1075 711 4 3 27 5 0
1077 1098 4 6 32 5 0
1078 578 1 2 4 3 0
1085 1130 4 3 37 4 0
1088 524 2 8 83 3 0
1089 693 4 7 50 5 0
1091 397 1 5 46 3 0
1092 372 3 1 65 5 0
1101 958 1 7 81 4 0
1103 467 1 0 10 5 0
1105 533 4 0 69 4 0
1106 277 1 0 44 5 0
1109 437 3 8 37 5 0
1114 452 4 9 44 5 0
1115 692 1 2 6 4 0
1121 1076 2 7 16 4 0
1124 468 4 5 83 5 0
1125 536 1 7 56 5 0
1127 274 4 1 95 4 0
1128 863 2 4 98 4 0
1129 673 4 6 44 4 0
1130 1136 4 0 6 3 0
1131 994 0 2 44 5 0
1134 636 4 5 45 4 0
1135 26 3 9 54 4 0
1137 1198 1 4 82 4 0
1138 323 3 6 53 3 0
1140 1190 0 6 77 4 0
1148 736 1 8 84 5 0
1149 565 4 8 11 3 0
1150 988 2 8 44 4 0
1151 232 0 2 72 4 0
1152 279 3 9 79 4 0
1153 147 0 4 78 5 0
1155 724 3 3 56 4 0
1156 582 3 4 56 3 0
1160 458 3 6 10 4 0
1162 355 2 1 10 5 0
1166 332 0 3 14 4 0
1167 425 1 8 67 4 0
1168 948 2 9 51 3 0
1169 341 2 1 85 4 0
1170 822 3 2 35 5 0
1171 238 4 4 28 4 0
1177 238 0 3 93 5 0
1179 97 0 1 80 3 0
1180 932 3 2 22 5 0
1181 289 0 0 17 4 0
1182 188 1 6 52 4 0
1185 84 4 1 93 3 0
1191 459 1 6 7 5 0
1192 949 2 2 44 3 0
1193 110 3 0 52 5 0
1195 43 4 5 43 4 0
1197 697 4 3 13 4 0
1198 543 4 5 79 4 0

