10

5
0 20 20 20 20 20 20 20 20 20 20
1 20 20 20 20 20 20 20 20 20 20
2 20 20 20 20 20 20 20 20 20 20
3 20 20 20 20 20 20 20 20 20 20
4 20 20 20 20 20 20 20 20 20 20

25
1200 600 100000 6 3
0 126 7 2
1 106 3 6
2 130 10 8
4 126 4 4
5 120 6 6
9 127 2 9
900 0 100000 6 0
0 112 2 2
1 112 5 5
3 119 5 3
6 139 2 1
7 117 4 4
9 136 4 1
0 600 100000 6 4
0 109 5 9
2 127 3 3
4 125 2 3
5 149 10 7
7 122 4 2
9 138 1 9
900 600 100000 6 1
0 141 6 7
1 129 9 1
2 142 3 2
3 129 9 6
4 100 2 10
6 147 2 2
1200 900 100000 6 3
0 132 1 3
1 101 9 3
3 119 3 7
4 117 2 7
5 106 4 4
8 112 4 2
300 1200 100000 6 3
1 131 1 3
2 112 5 7
4 106 5 4
6 123 10 5
7 109 2 1
8 117 1 7
900 300 100000 6 3
1 130 4 1
4 144 9 2
5 148 9 10
6 121 1 3
7 117 5 10
9 106 1 1
0 1200 100000 6 0
1 128 1 3
3 139 7 9
4 125 7 5
5 100 8 2
6 137 8 6
9 114 4 5
300 900 100000 6 1
0 122 3 2
3 147 6 1
5 148 2 8
6 115 9 3
7 118 1 3
9 143 6 6
0 300 100000 6 0
0 115 7 7
2 144 9 5
3 132 10 5
6 139 2 8
7 117 6 3
8 129 4 8
300 600 100000 6 0
0 133 4 6
1 125 4 9
2 132 5 8
4 140 3 3
5 108 5 1
8 136 2 3
900 900 100000 6 0
1 102 9 1
2 130 8 7
3 145 9 2
4 141 3 5
5 132 9 7
7 110 8 8
600 0 100000 6 1
1 112 8 7
2 129 2 5
3 140 9 2
4 113 4 5
7 113 9 5
8 127 8 2
0 900 100000 6 4
2 109 1 6
3 124 3 5
4 132 3 9
5 104 3 10
8 132 9 1
9 107 5 7
300 300 100000 6 1
1 145 1 3
3 111 2 8
6 145 10 10
7 147 5 3
8 115 5 4
9 107 2 9
0 0 100000 6 3
3 134 3 9
5 103 8 2
6 132 1 5
7 101 5 6
8 116 5 9
9 125 2 6
600 900 100000 6 2
0 126 1 1
1 138 4 7
2 134 9 8
3 105 5 8
7 144 9 5
9 121 2 8
1200 300 100000 6 4
0 111 4 3
1 114 5 1
2 107 1 4
3 127 9 10
5 124 5 10
9 121 10 9
600 300 100000 6 4
0 111 3 4
1 135 6 3
2 109 5 2
5 110 9 5
7 129 4 2
8 107 3 1
300 0 100000 6 2
0 116 1 8
2 100 6 5
4 144 8 8
5 150 5 1
8 101 1 2
9 101 9 5
600 1200 100000 6 2
0 125 1 5
1 147 1 9
4 137 2 1
6 120 2 8
7 127 2 6
9 133 1 1
900 1200 100000 6 4
0 123 9 2
1 145 9 2
3 145 2 4
5 116 10 8
7 129 8 1
9 102 8 2
1200 0 100000 6 1
0 108 6 10
2 147 10 8
3 146 6 8
4 131 1 5
8 138 2 6
9 147 4 5
1200 1200 100000 6 2
0 111 9 1
2 149 9 1
3 140 2 4
4 106 8 8
8 133 5 4
9 103 7 4
600 600 100000 6 2
1 113 4 4
3 146 8 8
4 141 6 3
5 129 9 7
6 104 1 3
7 130 4 10

2000
0 1113 1 1 80 3 0
0 454 2 4 31 3 0
0 777 0 7 67 4 0
2 795 1 7 91 4 0
3 453 0 6 53 3 0
4 881 3 7 18 5 0
4 212 3 8 47 4 0
5 255 4 7 81 3 0
5 826 2 2 19 3 0
5 415 2 5 35 3 0
6 765 1 2 25 5 0
7 50 3 4 89 5 0
8 556 0 5 31 5 0
8 1018 3 3 84 3 0
9 85 0 0 84 4 0
9 174 3 5 87 4 0
9 253 2 7 49 3 0
9 732 1 7 14 3 0
9 830 4 9 49 4 0
10 79 3 7 10 3 0
10 269 3 8 86 4 0
10 941 1 5 67 4 0
12 1023 3 3 20 3 0
13 580 4 7 56 5 0
13 411 4 6 34 3 0
13 660 0 7 81 4 0
13 757 2 4 48 4 0
13 1029 0 4 34 4 0
14 386 1 7 12 3 0
14 134 0 8 4 4 0
14 965 1 3 23 4 0
16 781 1 5 73 4 0
16 657 3 9 56 5 0
16 1169 3 3 88 4 0
18 1016 4 6 18 5 0
19 270 2 7 94 5 0
19 111 2 7 52 4 0
19 173 2 7 58 4 0
20 576 4 0 8 5 0
21 45 2 7 65 4 0
21 767 4 5 32 4 0
21 265 2 1 51 5 0
22 1158 4 9 64 3 0
22 354 2 2 98 3 0
23 552 0 1 9 5 0
23 551 0 8 51 4 0
23 1000 1 9 53 4 0
24 124 2 9 85 5 0
25 682 3 5 59 4 0
25 875 1 3 80 3 0
26 311 4 6 49 4 0
27 218 0 2 100 5 0
27 771 3 0 55 4 0
28 1054 2 1 25 4 0
28 615 4 5 98 3 0
28 177 3 3 59 3 0
28 279 4 5 41 5 0
28 1091 0 8 28 3 0
29 154 3 6 79 3 0
29 1194 4 5 27 5 0
30 217 3 6 9 4 0
30 930 0 8 48 3 0
32 936 0 8 10 3 0
33 470 4 4 87 3 0
33 83 4 9 94 5 0
33 458 0 6 40 3 0
34 143 4 4 71 4 0
34 1155 2 6 14 3 0
34 28 0 8 45 3 0
34 906 3 5 13 3 0
35 444 2 0 58 3 0
35 791 0 9 77 5 0
36 593 4 5 74 5 0
38 994 0 1 79 4 0
39 437 0 6 38 4 0
39 799 1 2 76 5 0
40 343 1 1 33 5 0
41 144 4 0 15 3 0
41 863 2 3 77 3 0
41 869 1 5 10 4 0
43 780 1 7 58 5 0
44 808 1 1 28 3 0
45 706 1 4 2 4 0
45 806 0 4 98 4 0
45 1044 3 8 25 5 0
45 369 3 0 26 3 0
46 959 4 7 27 5 0
46 123 2 1 83 5 0
46 792 0 1 59 4 0
46 51 0 0 73 3 0
46 499 3 8 45 4 0
48 217 3 4 31 4 0
48 1013 0 0 51 4 0
48 1125 2 7 22 4 0
49 954 3 3 98 3 0
49 913 3 8 4 3 0
49 390 0 5 89 4 0
49 1151 1 7 42 3 0
50 824 4 0 87 5 0
50 3 0 7 81 4 0
50 519 3 5 11 4 0
51 1138 0 3 17 4 0
53 186 1 2 60 4 0
53 941 4 7 2 4 0
53 566 3 0 61 5 0
53 645 2 4 97 5 0
53 351 4 9 63 4 0
54 539 1 3 57 4 0
55 322 1 8 69 3 0
55 248 2 0 23 4 0
55 182 3 1 10 5 0
55 772 0 8 12 4 0
56 1153 4 7 36 4 0
56 1158 0 0 3 3 0
56 1098 0 0 23 4 0
56 1075 1 7 63 4 0
56 473 3 6 72 3 0
57 693 0 5 35 3 0
58 1012 2 3 83 4 0
58 32 4 3 33 5 0
58 1097 0 1 88 5 0
58 247 0 8 44 3 0
59 233 3 0 60 5 0
60 817 1 3 89 4 0
61 109 0 6 2 5 0
61 131 1 8 14 5 0
62 103 2 8 44 3 0
62 1046 3 2 91 5 0
63 965 3 4 74 4 0
63 1026 3 8 28 5 0
63 184 4 4 9 3 0
64 438 2 2 82 5 0
64 130 4 5 83 5 0
65 1026 0 0 11 3 0
65 283 1 6 15 5 0
66 1132 0 6 47 4 0
68 1094 2 2 43 5 0
70 423 0 0 95 5 0
70 58 4 3 40 4 0
71 247 0 4 98 3 0
71 60 1 9 10 4 0
71 1002 4 3 16 3 0
72 668 4 2 77 5 0
72 1110 3 7 59 4 0
75 886 0 6 75 3 0
75 425 2 4 56 4 0
76 1119 3 2 45 4 0
78 1111 3 7 84 3 0
78 686 3 0 100 3 0
79 218 3 2 66 4 0
79 407 2 1 18 4 0
79 1056 1 1 33 4 0
80 181 2 5 27 5 0
81 149 2 5 7 4 0
81 709 1 5 80 3 0
82 156 1 4 71 5 0
82 289 1 6 80 4 0
83 283 2 6 81 5 0
84 56 3 9 60 4 0
84 792 4 0 70 4 0
84 329 1 5 39 5 0
85 825 4 4 57 3 0
85 532 1 8 28 4 0
85 794 0 9 77 4 0
86 710 1 6 34 5 0
86 170 3 5 40 4 0
88 106 3 4 66 3 0
88 241 1 7 94 4 0
90 903 2 3 94 4 0
90 1109 4 3 2 4 0
90 1018 1 1 18 5 0
91 682 4 9 46 3 0
91 466 3 3 24 5 0
91 370 2 7 32 4 0
91 419 0 8 94 3 0
92 334 3 9 76 4 0
92 1064 3 7 27 4 0
93 801 2 0 98 3 0
93 32 4 0 53 3 0
93 590 4 5 62 4 0
94 233 2 4 76 3 0
94 999 3 9 79 3 0
94 954 2 6 33 4 0
96 1175 2 2 69 3 0
97 855 4 1 12 4 0
98 925 1 6 82 5 0
99 346 4 5 94 3 0
99 507 4 9 45 5 0
99 143 0 4 95 5 0
100 1176 1 5 83 3 0
100 501 0 3 81 4 0
100 415 4 9 1 3 0
102 274 2 3 36 4 0
102 951 4 8 4 5 0
102 221 1 0 71 5 0
102 973 2 1 81 3 0
102 1102 3 8 29 4 0
102 167 3 1 35 3 0
103 649 2 5 78 3 0
103 317 1 5 29 5 0
103 203 2 0 57 4 0
103 556 4 0 32 5 0
103 1182 0 9 11 3 0
104 488 4 8 13 3 0
104 647 3 3 1 3 0
105 408 2 5 4 4 0
105 674 2 9 73 4 0
106 350 1 1 73 3 0
106 169 0 5 80 5 0
107 1172 3 7 53 3 0
107 963 0 1 49 4 0
107 924 0 8 1 4 0
107 251 2 9 7 5 0
108 123 3 5 43 5 0
108 376 3 8 37 5 0
108 561 3 8 88 5 0
110 763 3 2 68 4 0
111 157 3 6 27 4 0
111 318 0 1 38 3 0
112 111 1 3 91 3 0
112 471 2 8 98 5 0
112 864 4 1 90 4 0
112 645 4 2 93 3 0
113 120 1 3 76 4 0
114 207 0 0 49 4 0
114 993 2 1 81 5 0
115 371 4 2 55 4 0
115 423 3 0 25 4 0
115 579 2 9 18 5 0
116 608 2 7 81 4 0
116 636 4 5 31 5 0
117 730 1 6 70 5 0
117 948 1 9 15 3 0
117 999 0 7 69 4 0
117 1000 1 9 14 5 0
118 551 4 5 90 5 0
119 325 0 6 94 5 0
120 850 1 7 96 5 0
120 54 0 7 58 3 0
121 875 0 5 95 5 0
122 319 1 2 42 3 0
122 612 4 0 22 3 0
122 20 0 7 16 5 0
125 23 4 6 44 3 0
125 1034 2 9 45 4 0
125 624 2 1 43 5 0
125 75 0 4 30 5 0
126 136 0 4 92 5 0
126 740 0 2 7 4 0
126 601 3 8 96 5 0
127 460 3 3 8 5 0
129 581 4 4 43 3 0
129 663 3 6 73 5 0
130 491 3 8 60 3 0
132 55 2 1 92 5 0
133 1113 1 9 33 3 0
133 751 4 2 50 4 0
133 451 0 8 7 3 0
134 208 3 5 3 5 0
135 139 0 1 59 3 0
135 530 2 2 38 4 0
136 186 3 2 32 5 0
136 1081 2 9 84 3 0
136 1017 2 9 26 4 0
136 373 4 3 40 5 0
136 594 2 1 36 5 0
137 23 0 6 45 3 0
138 809 0 0 79 4 0
139 596 0 2 82 4 0
140 921 3 3 62 5 0
140 778 0 5 45 5 0
140 134 2 2 70 4 0
140 633 0 3 11 5 0
143 783 3 1 21 5 0
144 242 0 0 20 4 0
144 540 3 8 60 3 0
144 443 1 1 71 4 0
144 904 3 3 21 5 0
145 891 2 4 45 4 0
145 132 4 2 87 3 0
146 795 0 3 66 5 0
146 1030 3 3 33 4 0
146 1011 3 0 74 5 0
148 57 2 6 27 5 0
150 129 0 6 88 5 0
150 1121 2 2 67 3 0
150 457 0 7 43 4 0
151 631 1 1 67 3 0
151 348 3 9 63 3 0
151 533 2 7 12 4 0
151 1015 3 6 96 3 0
151 315 3 6 100 4 0
152 876 0 2 63 3 0
152 634 0 4 39 4 0
152 710 1 1 39 4 0
153 666 1 2 77 5 0
154 682 2 8 51 4 0
155 711 4 3 27 5 0
158 1098 4 6 32 5 0
158 578 1 2 4 3 0
158 1130 4 3 37 4 0
159 524 2 8 83 3 0
160 693 4 7 50 5 0
160 397 1 5 46 3 0
161 372 3 1 65 5 0
161 958 1 7 81 4 0
162 467 1 0 10 5 0
162 533 4 0 69 4 0
162 277 1 0 44 5 0
163 437 3 8 37 5 0
164 452 4 9 44 5 0
164 692 1 2 6 4 0
164 1076 2 7 16 4 0
165 468 4 5 83 5 0
166 536 1 7 56 5 0
167 274 4 1 95 4 0
167 863 2 4 98 4 0
167 673 4 6 44 4 0
168 1136 4 0 6 3 0
169 994 0 2 44 5 0
170 636 4 5 45 4 0
170 26 3 9 54 4 0
171 1198 1 4 82 4 0
171 323 3 6 53 3 0
171 1190 0 6 77 4 0
171 736 1 8 84 5 0
172 565 4 8 11 3 0
172 988 2 8 44 4 0
172 232 0 2 72 4 0
172 279 3 9 79 4 0
173 147 0 4 78 5 0
175 724 3 3 56 4 0
176 582 3 4 56 3 0
177 458 3 6 10 4 0
177 355 2 1 10 5 0
180 332 0 3 14 4 0
180 425 1 8 67 4 0
181 948 2 9 51 3 0
183 341 2 1 85 4 0
183 822 3 2 35 5 0
183 238 4 4 28 4 0
185 238 0 3 93 5 0
185 97 0 1 80 3 0
186 932 3 2 22 5 0
186 289 0 0 17 4 0
187 188 1 6 52 4 0
187 84 4 1 93 3 0
188 459 1 6 7 5 0
188 949 2 2 44 3 0
189 110 3 0 52 5 0
189 43 4 5 43 4 0
189 697 4 3 13 4 0
190 543 4 5 79 4 0
191 663 3 0 40 4 0
192 981 2 2 93 3 0
193 193 2 8 7 3 0
195 712 1 8 1 3 0
195 405 2 4 94 5 0
195 854 0 0 100 3 0
196 494 1 6 43 3 0
196 304 2 1 28 4 0
197 163 4 9 31 4 0
199 1100 4 5 60 5 0
199 1153 1 5 27 5 0
200 692 1 9 99 5 0
200 639 4 9 67 3 0
200 1119 0 2 100 5 0
201 1025 3 8 70 4 0
202 653 2 9 10 4 0
203 553 1 9 66 3 0
203 234 1 1 47 5 0
204 410 4 2 8 5 0
205 782 0 8 26 5 0
205 318 4 8 50 4 0
206 843 2 6 70 3 0
207 1155 1 2 37 3 0
207 639 3 9 91 4 0
207 1155 0 1 55 4 0
208 610 3 2 4 3 0
208 165 3 4 50 4 0
209 126 2 3 67 3 0
209 170 0 8 20 3 0
209 489 0 8 57 5 0
212 1195 1 5 96 3 0
212 1126 4 9 31 5 0
213 168 4 3 51 5 0
214 442 2 4 64 3 0
214 347 2 8 91 5 0
215 319 3 3 40 5 0
215 872 0 4 58 5 0
215 186 4 9 94 4 0
215 521 4 0 66 4 0
217 913 3 7 9 5 0
217 1003 1 2 13 3 0
217 887 4 1 99 5 0
219 1047 3 3 77 5 0
220 348 3 8 15 3 0
220 576 2 8 49 5 0
221 103 1 0 18 3 0
221 311 2 6 81 4 0
221 137 0 7 43 5 0
222 505 2 4 84 5 0
222 647 1 8 7 5 0
223 74 3 3 66 4 0
223 284 3 6 49 5 0
223 1157 3 3 29 4 0
223 336 2 3 85 5 0
223 747 4 1 79 3 0
224 552 4 2 9 5 0
225 718 4 6 69 4 0
226 245 2 2 53 4 0
226 505 0 7 8 3 0
226 1096 2 5 75 4 0
226 447 4 2 57 5 0
227 467 0 4 73 4 0
227 346 2 6 66 4 0
227 730 0 6 92 3 0
228 842 2 2 81 3 0
228 143 4 2 89 5 0
229 714 1 3 44 4 0
231 346 3 8 17 4 0
232 1196 2 2 72 3 0
232 555 1 7 54 3 0
233 777 2 8 69 4 0
233 1009 0 2 22 4 0
234 15 3 1 90 3 0
235 686 1 3 93 3 0
235 593 4 4 17 3 0
236 240 3 7 72 5 0
236 968 0 7 12 5 0
236 334 3 5 74 5 0
236 944 2 1 17 3 0
237 1160 3 2 46 4 0
237 1174 2 0 33 5 0
238 841 1 1 59 3 0
238 913 2 9 93 3 0
238 884 2 6 96 3 0
239 38 2 4 42 5 0
239 393 1 5 32 5 0
240 742 1 8 77 4 0
240 1109 3 8 48 5 0
240 855 3 2 22 5 0
241 595 2 9 54 3 0
241 1087 0 1 48 4 0
241 911 3 1 43 4 0
242 1110 2 1 91 4 0
242 59 3 5 47 3 0
242 658 4 2 52 3 0
242 507 4 1 25 5 0
242 956 0 8 19 5 0
242 948 1 4 7 3 0
243 1061 4 3 31 3 0
243 291 2 4 6 5 0
244 87 0 6 69 3 0
244 956 1 0 77 5 0
244 186 0 7 15 3 0
245 590 3 5 43 3 0
245 1105 3 4 70 4 0
247 970 4 1 23 4 0
247 707 4 2 2 3 0
248 863 1 1 45 3 0
248 666 3 8 30 3 0
248 3 1 4 15 3 0
250 787 1 2 58 3 0
251 918 0 9 9 4 0
251 616 2 2 14 3 0
252 662 4 1 16 4 0
252 1100 3 2 59 5 0
254 306 0 6 93 5 0
254 236 4 2 52 5 0
256 626 1 6 72 4 0
256 5 4 3 23 5 0
257 986 1 1 42 3 0
257 549 1 1 91 4 0
258 446 4 7 89 3 0
258 298 1 9 94 3 0
259 628 0 0 33 5 0
259 750 4 3 90 5 0
260 856 0 4 94 4 0
260 534 0 0 20 4 0
261 250 1 9 20 4 0
262 919 1 2 59 4 0
263 365 1 8 2 5 0
264 747 2 0 44 3 0
267 82 1 4 86 5 0
267 86 4 8 83 4 0
267 823 1 6 89 4 0
268 842 4 2 57 4 0
269 294 2 2 67 3 0
269 418 4 7 42 4 0
269 240 0 9 41 4 0
270 845 1 0 8 3 0
270 210 2 9 88 3 0
270 1101 1 7 88 3 0
270 355 1 4 2 4 0
271 1197 1 2 59 4 0
271 1063 0 4 33 3 0
272 914 4 0 8 4 0
272 78 0 3 73 3 0
273 604 2 3 48 3 0
273 431 1 6 28 3 0
274 46 2 6 4 4 0
275 614 4 8 22 5 0
275 845 0 9 63 3 0
276 1113 0 0 66 5 0
276 805 4 4 21 5 0
276 895 4 6 57 5 0
279 27 4 9 16 3 0
279 741 4 4 13 5 0
279 724 4 2 28 5 0
280 444 4 2 99 5 0
280 946 1 4 30 3 0
280 970 3 0 42 4 0
281 656 3 9 72 4 0
282 1098 3 1 14 4 0
283 1130 1 2 79 5 0
283 59 3 2 29 5 0
284 188 0 6 94 5 0
285 488 3 3 82 4 0
285 1163 4 0 13 5 0
285 663 0 4 73 3 0
286 798 0 9 91 5 0
286 219 3 3 57 5 0
286 226 3 7 78 5 0
286 1045 1 3 95 5 0
287 843 1 4 67 3 0
287 49 3 3 78 5 0
289 863 0 5 23 4 0
290 438 1 4 32 3 0
290 774 1 4 89 5 0
291 210 0 8 26 5 0
291 864 2 0 24 5 0
292 502 4 6 71 5 0
293 597 1 2 39 3 0
294 752 1 3 46 5 0
294 806 4 4 79 4 0
294 143 1 5 21 4 0
295 448 1 5 65 4 0
295 698 1 2 72 5 0
296 443 2 1 93 3 0
296 106 2 2 32 3 0
297 125 0 5 53 4 0
297 1036 0 3 90 3 0
298 1114 0 1 78 5 0
299 1079 4 3 64 5 0
299 397 0 5 69 3 0
299 227 2 1 15 5 0
299 322 2 7 21 3 0
299 73 1 2 58 3 0
300 1133 1 8 40 5 0
300 88 0 8 18 4 0
301 207 0 4 80 3 0
301 117 4 8 91 5 0
301 363 3 5 84 4 0
301 547 3 0 22 3 0
301 451 4 9 27 5 0
302 743 1 3 59 3 0
302 349 4 4 86 5 0
303 164 4 4 59 5 0
303 245 2 4 46 5 0
304 1103 3 8 37 5 0
305 801 0 7 11 4 0
305 954 3 2 36 4 0
306 1050 4 9 82 3 0
307 232 1 5 38 4 0
307 300 0 4 77 5 0
309 507 2 4 33 4 0
309 85 3 8 7 5 0
310 1036 1 6 16 4 0
310 1110 1 0 54 5 0
310 314 0 9 32 5 0
310 13 2 0 28 3 0
312 327 3 4 84 4 0
312 371 2 0 21 4 0
313 952 3 0 71 4 0
314 803 0 7 85 3 0
315 200 4 3 8 3 0
315 258 4 9 56 4 0
315 1031 4 3 8 5 0
315 154 3 4 38 4 0
316 1034 0 9 57 3 0
317 382 0 3 33 5 0
318 1187 1 9 5 4 0
318 784 0 8 8 4 0
318 409 3 7 20 5 0
319 360 3 8 9 4 0
320 801 4 2 91 4 0
321 939 2 5 77 5 0
321 391 3 4 59 4 0
322 582 0 0 53 4 0
322 1038 0 5 47 5 0
322 288 0 2 97 4 0
323 779 3 5 89 3 0
323 659 3 0 25 5 0
323 1002 1 9 38 3 0
324 587 3 2 99 3 0
326 481 3 1 5 3 0
327 92 4 7 79 4 0
328 876 4 6 21 5 0
328 772 4 8 82 4 0
328 1031 1 2 38 4 0
330 405 0 4 51 4 0
332 134 3 7 66 4 0
332 382 4 9 9 4 0
332 757 0 0 42 5 0
333 1053 4 0 42 4 0
334 739 3 9 54 3 0
335 654 2 2 8 3 0
336 574 4 6 46 5 0
336 477 0 9 11 5 0
338 1021 0 7 26 4 0
338 884 2 8 94 5 0
338 478 1 4 37 4 0
338 298 2 7 65 3 0
338 317 1 8 83 3 0
338 565 1 7 47 3 0
339 193 1 8 68 5 0
339 101 3 4 46 3 0
340 529 0 9 100 5 0
341 954 2 9 43 3 0
342 46 0 9 2 5 0
342 140 2 9 73 4 0
342 11 4 6 57 4 0
342 177 4 2 89 5 0
343 533 2 0 20 3 0
344 812 1 0 44 3 0
344 596 2 8 83 5 0
344 554 2 8 14 4 0
344 954 3 8 58 5 0
345 254 3 4 82 4 0
345 301 4 8 9 5 0
345 721 2 9 18 5 0
345 1043 2 4 72 5 0
346 486 1 1 86 4 0
347 669 0 8 51 3 0
347 1160 2 2 77 3 0
348 111 0 6 38 4 0
348 1122 0 9 29 5 0
348 383 3 1 6 4 0
349 870 4 5 60 4 0
349 800 0 1 42 4 0
350 69 3 4 2 5 0
351 423 3 8 50 3 0
352 498 0 2 25 3 0
353 200 0 7 83 3 0
353 488 0 1 93 4 0
353 1160 3 7 88 3 0
356 565 1 0 84 5 0
356 918 1 6 65 3 0
357 57 4 3 66 3 0
357 166 0 6 85 4 0
358 703 1 4 3 3 0
359 795 2 4 28 3 0
359 928 3 9 85 3 0
359 1131 3 1 74 5 0
359 27 1 0 50 5 0
360 1098 1 6 69 3 0
362 1148 0 1 68 5 0
362 719 3 8 87 3 0
364 12 0 0 39 3 0
365 1049 2 5 91 4 0
365 35 2 2 74 3 0
366 970 1 5 70 3 0
367 533 0 2 49 5 0
367 653 4 0 94 3 0
368 1181 1 4 14 4 0
368 1079 3 5 28 4 0
369 705 1 8 22 5 0
369 21 4 2 91 3 0
369 603 2 6 68 3 0
370 172 3 3 94 5 0
370 1125 3 8 48 4 0
370 535 0 4 57 3 0
372 1100 1 5 46 4 0
374 278 0 4 32 4 0
374 695 4 7 96 5 0
376 271 4 9 93 4 0
377 321 3 5 32 5 0
377 536 3 4 89 4 0
378 1024 2 2 84 5 0
379 611 3 2 7 4 0
379 1052 0 7 68 5 0
379 135 1 9 2 3 0
379 1043 2 8 29 5 0
380 507 0 3 50 3 0
381 923 4 4 33 3 0
383 627 3 6 50 4 0
383 790 2 8 91 3 0
384 1044 2 4 40 5 0
384 44 4 7 15 4 0
385 1148 4 0 60 5 0
386 702 3 5 53 4 0
386 1044 2 7 15 4 0
386 60 4 2 94 5 0
387 81 2 6 92 5 0
387 1083 1 6 68 5 0
388 956 3 0 75 3 0
388 991 0 2 95 4 0
389 75 3 7 67 5 0
390 1066 2 4 58 4 0
391 62 0 7 96 5 0
391 567 4 8 14 3 0
393 152 0 5 50 4 0
393 1042 4 3 18 4 0
394 1186 3 3 61 4 0
395 595 4 4 18 5 0
395 733 4 3 38 4 0
396 401 4 0 94 3 0
396 559 3 8 70 5 0
396 126 0 3 19 4 0
396 51 3 4 74 3 0
396 1069 0 9 26 4 0
397 3 0 7 57 5 0
397 679 3 8 40 5 0
398 1052 1 0 13 5 0
399 695 3 0 23 3 0
399 479 0 4 23 5 0
401 299 3 0 33 3 0
401 337 4 1 42 3 0
402 238 1 7 44 3 0
403 1146 3 7 41 3 0
404 289 2 2 65 3 0
404 840 1 2 89 3 0
405 909 0 8 24 5 0
406 933 2 0 8 5 0
408 60 4 2 57 3 0
409 741 2 6 74 5 0
409 7 4 4 93 4 0
410 646 1 9 84 3 0
411 1010 0 6 53 3 0
412 654 0 7 40 3 0
413 349 1 8 39 4 0
414 1021 3 1 8 4 0
414 377 4 0 66 5 0
415 703 3 2 1 4 0
415 958 0 9 44 5 0
416 544 4 5 74 4 0
416 409 3 5 84 5 0
419 859 2 3 13 3 0
420 1029 1 8 9 3 0
424 362 3 4 57 3 0
425 5 0 2 70 3 0
428 881 2 1 81 3 0
428 186 1 3 21 5 0
428 179 1 5 31 5 0
428 741 0 9 42 5 0
428 519 3 4 38 3 0
429 843 2 1 39 5 0
430 1132 1 8 72 5 0
430 1126 3 8 27 5 0
431 996 1 1 61 5 0
431 1164 4 0 14 5 0
432 123 1 9 11 3 0
432 588 0 3 54 5 0
432 713 3 3 63 4 0
433 886 1 4 89 5 0
433 1097 0 3 83 4 0
434 1189 3 2 76 5 0
434 1049 4 1 90 3 0
434 307 1 1 5 3 0
435 615 4 6 50 4 0
436 321 2 9 66 5 0
436 417 3 1 1 4 0
436 609 3 6 8 5 0
437 153 3 4 55 3 0
439 226 4 8 4 5 0
440 422 1 5 80 3 0
441 821 0 0 10 4 0
441 464 1 1 81 4 0
441 666 2 7 20 3 0
442 71 2 3 42 4 0
442 107 2 2 54 4 0
442 84 0 1 28 5 0
443 977 1 9 36 5 0
443 32 1 9 19 5 0
444 981 3 0 56 5 0
444 1033 1 3 50 4 0
445 102 0 7 46 4 0
445 672 3 2 67 5 0
445 294 3 2 38 3 0
446 388 1 7 61 5 0
446 78 1 2 11 4 0
447 258 3 9 16 3 0
447 1193 0 1 66 5 0
448 1146 0 6 1 3 0
448 649 1 6 49 3 0
448 1110 3 6 8 4 0
448 242 3 3 43 3 0
449 358 2 5 89 4 0
449 298 0 8 65 5 0
450 923 4 2 55 5 0
450 1184 2 3 59 4 0
450 1127 0 7 90 3 0
451 11 0 8 20 4 0
452 867 4 9 42 5 0
452 549 0 8 69 3 0
453 248 4 1 59 4 0
453 994 3 9 2 5 0
454 882 0 9 95 3 0
454 1103 0 1 94 5 0
455 94 2 1 76 3 0
457 436 0 3 98 5 0
457 631 4 2 52 5 0
458 733 2 6 20 5 0
458 814 1 2 100 5 0
459 853 2 2 61 4 0
460 622 1 7 31 5 0
460 722 1 9 55 3 0
461 414 3 3 28 3 0
461 2 1 7 63 5 0
462 570 2 7 3 5 0
463 551 0 0 14 5 0
464 847 2 7 82 5 0
464 43 4 1 31 3 0
464 345 3 8 95 3 0
464 528 2 4 48 5 0
464 353 1 8 82 3 0
465 719 1 8 12 4 0
465 996 4 4 40 4 0
466 1142 2 5 70 5 0
466 1187 4 4 58 3 0
466 490 0 9 69 5 0
467 74 1 7 6 5 0
467 41 3 2 65 3 0
468 261 3 8 84 4 0
468 683 1 7 55 4 0
469 183 2 1 89 5 0
469 692 1 2 93 3 0
469 701 1 9 80 4 0
471 257 3 6 42 3 0
472 65 0 3 17 3 0
473 443 4 8 30 5 0
473 902 4 7 68 5 0
473 529 2 1 25 3 0
473 879 4 2 92 4 0
473 295 4 7 16 4 0
474 139 4 6 30 5 0
474 659 3 7 12 4 0
475 1144 4 1 94 3 0
475 661 0 8 95 3 0
475 472 2 3 39 3 0
477 202 0 5 29 5 0
477 846 1 9 65 4 0
477 1068 1 0 43 3 0
478 17 0 6 33 4 0
478 229 0 0 68 3 0
479 42 0 1 52 5 0
479 11 4 3 3 5 0
479 289 2 1 2 5 0
479 339 2 4 96 3 0
480 151 0 8 1 4 0
480 62 1 0 48 5 0
481 1162 4 1 77 5 0
481 187 4 9 96 4 0
485 760 4 0 15 5 0
485 893 4 9 85 5 0
485 1194 2 0 92 3 0
488 175 0 3 9 4 0
488 809 4 6 32 4 0
488 725 4 5 90 4 0
489 1195 3 4 10 3 0
489 556 3 3 17 4 0
490 31 0 2 83 4 0
492 607 4 7 13 3 0
493 189 0 8 28 3 0
493 727 3 9 16 5 0
493 96 4 7 16 3 0
494 413 3 8 85 3 0
494 236 4 3 28 5 0
495 1038 0 1 87 5 0
495 1175 2 0 22 5 0
496 1120 3 0 13 5 0
496 235 4 7 63 5 0
498 914 0 8 41 3 0
499 890 2 2 3 5 0
503 599 3 9 52 3 0
503 1114 1 9 85 3 0
503 976 0 3 57 5 0
504 535 3 3 51 4 0
504 579 3 5 79 5 0
504 310 0 9 87 4 0
504 906 3 3 32 5 0
505 956 0 5 33 3 0
505 997 1 4 86 3 0
505 170 4 9 44 4 0
506 156 2 0 50 5 0
506 1140 2 1 96 5 0
507 143 4 4 99 4 0
508 1103 0 6 29 5 0
510 187 3 7 96 3 0
511 116 3 3 72 5 0
511 1132 3 5 49 3 0
512 27 4 6 37 3 0
513 168 1 0 85 5 0
513 516 3 0 29 3 0
513 891 2 1 18 5 0
513 472 1 1 86 4 0
514 390 4 9 33 3 0
514 659 3 1 55 3 0
514 486 1 1 25 3 0
516 961 4 8 41 4 0
516 829 4 2 85 4 0
516 110 2 6 89 3 0
517 721 3 8 12 5 0
517 888 4 6 66 5 0
518 150 3 7 80 5 0
518 152 4 6 47 3 0
519 1122 2 4 51 5 0
519 735 1 8 82 3 0
519 1062 2 5 56 4 0
519 1162 1 6 26 5 0
520 244 4 7 92 4 0
522 825 4 2 27 3 0
522 69 3 0 5 4 0
522 1174 0 3 10 4 0
523 669 0 2 65 4 0
524 416 2 0 61 5 0
524 1015 2 8 6 5 0
525 146 1 5 29 5 0
526 84 2 2 93 5 0
526 445 0 7 11 3 0
526 935 4 4 85 4 0
528 629 4 1 31 4 0
528 541 1 1 54 4 0
529 78 0 1 65 4 0
529 661 3 5 55 3 0
530 1022 3 9 17 3 0
531 474 0 8 57 3 0
532 325 4 7 30 3 0
533 148 3 1 97 3 0
533 215 1 2 78 5 0
533 87 2 1 29 5 0
534 1085 2 6 72 4 0
534 852 3 7 10 4 0
534 1117 4 9 15 3 0
534 260 3 0 36 5 0
534 849 4 7 92 5 0
535 117 4 3 31 3 0
536 177 3 9 31 4 0
537 700 4 8 23 3 0
537 836 0 9 99 4 0
537 543 3 1 61 3 0
538 490 2 3 61 3 0
540 624 4 3 4 4 0
540 429 4 1 61 4 0
541 961 0 3 39 3 0
541 238 0 0 78 4 0
542 809 1 9 29 5 0
542 998 4 9 71 3 0
542 1019 0 6 19 3 0
543 892 0 0 35 4 0
544 975 3 5 19 4 0
546 363 2 2 94 5 0
547 947 1 5 56 4 0
547 1195 0 3 24 3 0
547 105 1 0 52 4 0
548 263 3 8 94 5 0
548 587 4 7 54 5 0
548 408 2 8 76 3 0
549 795 1 3 12 3 0
549 173 2 2 1 5 0
550 1054 0 9 83 4 0
551 886 2 7 84 5 0
551 663 2 1 85 4 0
552 463 0 5 83 4 0
552 864 3 3 73 3 0
553 306 3 0 97 4 0
553 112 0 6 61 5 0
554 114 2 8 11 3 0
555 863 2 8 73 5 0
555 832 1 5 63 3 0
556 748 4 7 26 3 0
557 506 4 8 24 5 0
558 958 4 5 60 3 0
559 44 4 8 55 5 0
559 263 3 6 70 3 0
559 799 0 2 31 5 0
559 194 1 2 97 4 0
559 992 4 0 73 3 0
561 421 2 8 68 3 0
561 77 3 5 38 5 0
561 94 3 7 4 5 0
562 1007 3 9 23 3 0
562 884 3 1 30 4 0
562 287 4 3 22 3 0
563 678 2 6 89 3 0
564 810 2 8 77 3 0
564 511 3 3 70 5 0
564 584 4 0 76 5 0
565 740 3 7 100 4 0
566 759 1 8 12 3 0
567 1007 2 4 27 4 0
568 159 1 5 92 5 0
569 1197 0 7 96 3 0
569 22 4 8 95 5 0
569 779 3 4 41 3 0
570 493 1 5 33 3 0
570 860 4 0 51 3 0
570 323 0 3 94 5 0
571 407 3 1 95 3 0
572 854 4 4 25 4 0
572 465 1 2 97 3 0
573 209 1 2 11 3 0
575 356 0 6 91 3 0
575 523 3 9 54 3 0
575 291 2 5 17 3 0
575 1078 3 8 77 5 0
577 960 2 7 84 4 0
577 1179 4 1 88 3 0
577 415 3 8 64 5 0
578 505 1 1 99 3 0
578 599 1 5 49 3 0
579 337 0 5 59 4 0
579 263 0 1 82 4 0
579 621 1 1 61 5 0
582 147 4 0 47 5 0
582 1041 4 6 66 3 0
583 942 0 8 94 4 0
583 163 4 3 69 4 0
583 1037 2 6 18 5 0
584 615 2 9 38 3 0
585 830 4 0 84 3 0
585 845 2 4 69 5 0
586 479 1 8 25 3 0
586 1087 2 8 26 3 0
586 883 2 7 99 4 0
587 889 0 7 2 5 0
587 1156 0 9 23 5 0
587 809 3 9 1 4 0
587 831 0 2 28 4 0
587 935 4 4 78 3 0
587 120 2 7 1 4 0
587 3 4 0 3 3 0
587 180 1 4 100 3 0
588 575 2 5 12 5 0
588 859 2 9 31 4 0
588 962 4 1 61 4 0
590 851 3 5 24 3 0
590 46 4 4 29 4 0
590 1198 2 8 31 3 0
591 1165 4 4 3 4 0
591 1034 4 8 29 5 0
592 1199 2 2 87 3 0
592 635 0 3 14 5 0
592 1199 4 6 26 4 0
594 242 0 9 60 3 0
594 180 4 5 61 4 0
594 962 2 9 4 5 0
595 157 2 4 74 4 0
595 942 1 6 29 4 0
597 860 1 7 61 4 0
598 398 1 0 48 3 0
598 793 0 3 62 3 0
601 472 4 6 35 3 0
601 775 4 0 9 5 0
602 956 4 1 84 4 0
603 770 3 6 37 4 0
603 718 2 0 69 3 0
603 182 2 0 49 4 0
604 704 4 4 6 4 0
604 569 3 4 59 4 0
604 1173 3 2 63 5 0
605 803 2 5 15 5 0
605 89 0 1 22 3 0
605 693 2 9 35 5 0
607 205 0 0 16 3 0
607 1110 1 2 72 4 0
608 444 4 6 14 3 0
609 1084 2 6 50 5 0
609 1177 3 2 18 3 0
609 1163 1 3 93 5 0
611 1022 3 0 44 4 0
611 936 4 8 44 4 0
611 229 0 0 23 4 0
612 1059 4 1 92 5 0
614 392 4 2 16 4 0
614 747 1 1 73 5 0
614 285 1 3 39 4 0
616 1 0 0 72 4 0
616 356 3 8 20 4 0
616 815 4 9 81 3 0
617 935 4 3 75 4 0
617 449 0 1 63 3 0
618 447 3 6 30 3 0
618 388 1 0 97 3 0
619 246 2 7 89 3 0
620 11 3 3 75 4 0
621 69 2 1 88 5 0
621 826 2 2 76 5 0
623 962 3 5 69 3 0
624 586 4 9 63 3 0
625 685 3 7 57 5 0
625 904 2 8 35 5 0
625 128 3 0 69 4 0
625 399 1 4 70 3 0
625 1161 2 6 43 3 0
626 1024 4 9 78 4 0
626 1052 3 6 13 3 0
626 593 0 3 52 5 0
626 1020 4 0 82 3 0
628 4 2 0 5 3 0
630 1130 0 6 59 3 0
630 72 0 1 18 5 0
631 1168 2 3 52 5 0
631 528 1 7 82 3 0
632 854 1 4 63 5 0
632 807 4 7 53 5 0
633 243 2 5 2 5 0
633 429 2 2 40 5 0
633 380 1 2 1 3 0
634 543 1 9 48 3 0
635 298 3 5 3 3 0
635 1044 1 9 16 3 0
639 566 3 3 61 4 0
639 602 3 9 50 3 0
639 588 1 6 88 5 0
640 307 1 2 27 4 0
641 1093 0 6 66 3 0
641 134 0 2 41 4 0
641 890 3 3 99 5 0
642 60 2 2 89 3 0
642 407 0 2 8 4 0
643 796 0 5 77 3 0
644 470 1 9 83 5 0
645 131 3 2 8 3 0
645 770 3 0 50 5 0
645 1136 3 7 36 5 0
646 964 3 6 27 4 0
647 570 2 1 34 3 0
647 285 3 9 87 4 0
647 469 2 2 12 5 0
648 595 2 4 5 4 0
648 79 2 2 24 5 0
649 373 4 1 94 4 0
649 541 1 0 15 4 0
649 918 4 6 29 5 0
651 280 0 4 4 5 0
651 548 0 0 6 4 0
651 265 4 6 72 5 0
651 823 0 6 16 5 0
652 398 4 6 70 4 0
652 2 4 0 33 3 0
652 872 3 8 4 3 0
653 1104 4 3 42 3 0
653 543 3 0 65 3 0
653 967 1 6 43 5 0
654 568 2 7 44 4 0
654 454 3 5 6 3 0
654 614 4 3 57 4 0
654 513 0 5 2 4 0
655 256 1 9 99 5 0
657 44 3 9 97 4 0
657 886 1 2 100 4 0
658 57 0 8 95 4 0
658 555 0 4 30 3 0
658 960 1 3 10 5 0
659 858 2 2 8 5 0
659 846 2 1 15 3 0
660 423 1 0 66 3 0
660 859 0 5 84 3 0
661 568 0 9 23 5 0
661 820 2 1 78 5 0
662 711 0 8 88 4 0
663 1000 2 9 56 4 0
664 1144 3 7 86 5 0
664 379 0 5 10 3 0
664 49 0 1 87 5 0
665 1076 1 5 83 4 0
665 543 2 8 68 5 0
666 834 1 7 77 3 0
667 78 4 6 79 3 0
667 893 1 0 19 4 0
668 94 2 7 1 3 0
668 429 4 2 37 5 0
669 830 2 2 92 5 0
670 476 2 5 16 4 0
670 721 2 6 45 4 0
670 550 1 0 56 4 0
670 585 3 1 11 3 0
670 604 3 2 37 4 0
671 1092 3 8 29 4 0
671 383 3 1 91 5 0
673 182 2 5 64 3 0
673 195 1 4 88 3 0
674 448 0 5 58 3 0
676 193 2 5 9 3 0
676 715 1 3 40 5 0
676 250 1 9 64 3 0
678 1073 0 1 94 3 0
678 974 1 4 3 3 0
678 933 3 8 20 3 0
678 1033 1 9 77 4 0
679 348 1 4 12 3 0
679 58 1 0 87 5 0
680 424 0 8 19 3 0
680 479 1 0 79 3 0
680 954 3 5 12 5 0
681 575 4 5 36 5 0
681 101 0 3 87 5 0
682 815 3 8 54 3 0
683 747 1 5 37 4 0
683 458 3 0 69 4 0
683 57 2 3 61 4 0
685 70 1 5 79 5 0
685 369 0 4 2 5 0
685 852 1 3 23 3 0
687 879 2 4 11 5 0
688 1137 4 7 89 3 0
688 770 1 1 23 3 0
689 436 0 1 5 5 0
691 955 1 7 70 4 0
694 898 3 9 64 3 0
694 249 0 8 57 4 0
694 196 4 3 35 4 0
694 431 1 1 66 5 0
696 239 2 3 14 3 0
696 116 3 4 42 3 0
697 623 0 9 55 5 0
697 88 0 3 58 5 0
697 286 3 7 97 3 0
698 1108 1 6 24 3 0
699 589 3 1 33 5 0
701 192 4 0 91 3 0
701 772 1 7 2 5 0
702 963 4 8 98 5 0
702 1051 2 8 98 3 0
702 358 0 1 25 3 0
704 1145 1 7 81 3 0
705 536 0 1 16 5 0
706 359 4 0 84 4 0
707 731 0 8 34 3 0
707 647 3 6 39 4 0
708 676 2 2 30 4 0
709 809 2 9 75 4 0
709 714 0 6 87 5 0
709 379 4 9 99 3 0
710 180 3 9 46 4 0
710 640 4 0 22 5 0
710 1185 0 3 28 4 0
710 587 0 4 50 3 0
711 371 0 4 38 5 0
712 946 0 3 77 5 0
713 679 4 4 66 5 0
715 324 4 8 8 3 0
715 422 3 9 46 4 0
715 1189 0 0 24 4 0
715 276 2 6 90 5 0
717 818 4 6 9 5 0
717 159 2 8 75 3 0
718 831 2 1 48 5 0
720 1047 2 3 54 3 0
721 819 2 5 76 4 0
723 470 3 8 90 5 0
723 241 0 0 29 4 0
725 341 0 9 24 4 0
725 269 0 1 46 5 0
725 965 4 0 52 3 0
725 1185 1 7 4 5 0
726 633 1 3 73 4 0
727 288 0 6 91 4 0
727 899 1 4 5 4 0
728 452 2 7 95 3 0
728 328 0 6 88 5 0
730 426 2 1 24 3 0
731 1051 2 1 15 4 0
732 670 1 5 28 5 0
733 62 4 6 69 3 0
733 819 0 0 84 3 0
735 549 4 1 21 5 0
735 815 1 1 76 3 0
736 1146 3 6 29 3 0
736 608 0 5 71 5 0
737 404 3 8 75 3 0
737 497 3 5 86 4 0
737 1182 1 5 62 5 0
737 1061 2 2 36 3 0
740 428 4 4 35 5 0
740 636 1 6 64 3 0
740 1028 3 3 22 4 0
741 839 2 2 47 3 0
743 196 3 9 32 3 0
745 1106 1 9 86 3 0
746 948 3 7 85 3 0
746 140 2 8 83 4 0
747 1119 4 7 53 4 0
749 389 2 9 54 3 0
750 734 2 7 74 3 0
750 547 4 8 60 3 0
750 490 3 8 1 4 0
751 172 2 7 72 5 0
752 265 4 8 91 4 0
752 5 4 6 56 5 0
752 717 3 1 43 3 0
753 268 3 7 7 3 0
754 5 2 9 86 5 0
755 902 2 6 69 5 0
757 431 2 6 60 5 0
757 689 3 8 65 3 0
758 466 0 3 31 5 0
758 478 4 1 55 3 0
758 808 3 6 35 3 0
758 962 1 9 31 3 0
762 1057 2 2 62 4 0
762 526 3 8 84 3 0
763 594 2 0 81 3 0
766 1101 1 7 78 3 0
766 661 3 9 28 5 0
766 497 3 8 24 4 0
766 674 4 7 33 4 0
767 846 0 6 15 4 0
768 525 1 2 2 4 0
768 666 1 1 78 3 0
768 810 0 4 70 5 0
769 1133 3 7 31 4 0
769 55 3 8 18 4 0
770 180 4 9 67 5 0
770 481 3 9 35 5 0
770 404 0 9 6 3 0
771 970 4 1 99 5 0
771 1006 2 2 83 4 0
771 797 4 6 66 4 0
771 344 2 8 9 5 0
771 314 1 9 6 4 0
771 636 4 4 22 4 0
773 41 3 3 95 4 0
773 567 3 6 42 4 0
774 1023 4 8 34 5 0
775 41 4 2 37 5 0
776 117 2 2 11 3 0
777 562 2 1 7 5 0
777 666 1 3 87 3 0
777 583 4 3 22 4 0
778 323 0 1 35 4 0
779 750 1 4 24 5 0
780 724 0 0 40 5 0
782 1133 2 5 74 3 0
783 311 2 9 89 4 0
783 84 1 8 78 3 0
784 470 1 7 64 4 0
785 954 4 9 1 3 0
786 51 2 2 35 5 0
788 491 3 4 42 3 0
788 614 3 6 81 5 0
789 624 3 0 76 3 0
789 722 0 6 16 5 0
790 190 2 2 6 4 0
791 1041 0 5 54 4 0
791 947 4 2 63 3 0
792 471 2 3 11 4 0
793 501 4 2 56 3 0
793 506 0 5 36 3 0
794 1045 1 6 72 5 0
794 426 1 2 55 5 0
796 655 3 5 25 4 0
796 542 0 6 46 4 0
796 1136 2 4 84 5 0
797 290 2 0 61 3 0
797 143 1 2 9 5 0
797 9 2 6 41 3 0
797 913 0 6 13 3 0
797 325 4 7 18 5 0
798 462 0 3 30 4 0
799 207 0 3 75 5 0
800 1083 0 5 86 5 0
800 744 1 1 5 4 0
800 1010 2 8 39 3 0
800 1017 2 4 82 3 0
800 318 2 5 9 3 0
800 157 3 0 74 4 0
803 635 2 6 13 4 0
804 767 3 6 17 3 0
805 73 3 2 59 3 0
805 442 2 5 83 3 0
805 801 4 4 4 5 0
806 965 4 9 3 4 0
807 80 3 1 87 3 0
807 344 3 5 29 4 0
807 104 3 1 81 5 0
807 127 3 9 6 4 0
807 69 2 8 59 4 0
808 496 1 2 64 4 0
809 230 1 5 1 3 0
809 284 4 5 47 4 0
809 641 2 5 11 4 0
810 664 0 6 88 5 0
810 314 3 9 53 3 0
811 371 3 9 34 3 0
811 1039 3 6 71 4 0
811 1133 1 1 22 3 0
812 1158 4 3 44 4 0
812 719 2 3 16 5 0
812 1012 1 6 70 5 0
813 732 0 8 38 5 0
814 194 0 6 89 4 0
814 257 0 6 49 5 0
814 194 0 1 91 3 0
817 1165 2 8 27 3 0
817 1167 0 7 42 3 0
818 1100 2 1 25 3 0
818 622 1 1 71 3 0
820 1100 1 3 92 5 0
821 674 2 1 21 5 0
821 160 4 5 43 5 0
823 991 0 3 84 4 0
824 177 3 5 29 4 0
825 345 4 7 64 5 0
829 1183 3 5 17 4 0
829 316 2 6 89 4 0
829 1182 4 1 76 3 0
829 831 2 0 90 3 0
830 943 2 6 59 3 0
830 115 0 3 61 4 0
832 834 2 2 9 5 0
833 207 2 8 15 4 0
834 482 0 2 31 4 0
834 33 4 1 78 4 0
835 807 2 7 84 5 0
836 72 0 4 90 5 0
836 575 4 4 72 3 0
836 679 1 0 88 5 0
837 255 4 9 80 4 0
839 95 4 6 95 3 0
839 214 3 4 69 4 0
839 320 0 2 63 3 0
841 471 4 2 10 4 0
841 92 0 3 81 3 0
845 317 3 6 1 3 0
846 32 4 1 44 4 0
848 415 4 5 58 4 0
850 906 1 0 89 5 0
852 863 1 1 22 5 0
852 414 3 2 30 5 0
853 1022 2 8 29 3 0
854 374 4 6 36 4 0
854 26 3 7 61 5 0
854 1069 2 0 92 3 0
855 316 2 4 85 4 0
856 887 4 9 94 3 0
856 551 1 9 72 4 0
857 315 3 2 68 3 0
857 620 2 3 20 5 0
857 349 3 3 50 5 0
857 395 3 6 91 4 0
858 837 3 8 99 3 0
858 563 4 6 78 3 0
858 636 0 1 65 3 0
858 713 1 2 48 4 0
858 469 1 9 50 4 0
859 599 0 7 38 3 0
860 492 3 3 73 5 0
861 756 1 4 26 4 0
862 990 1 3 25 5 0
862 525 2 4 60 5 0
863 604 4 9 30 5 0
864 971 0 0 12 3 0
864 422 4 1 63 3 0
865 183 4 3 16 4 0
865 558 1 3 56 3 0
865 1080 4 5 12 4 0
867 29 2 5 8 3 0
867 805 0 3 65 5 0
868 867 2 7 89 4 0
868 476 4 0 77 5 0
868 358 3 4 85 3 0
869 583 2 1 79 5 0
870 1099 2 7 83 3 0
870 510 0 9 92 5 0
870 701 3 5 35 4 0
870 163 0 0 48 5 0
871 408 3 8 8 3 0
872 1198 1 3 63 5 0
872 1012 4 6 84 5 0
874 884 0 3 5 5 0
874 873 2 3 60 4 0
874 399 1 9 25 5 0
874 968 3 1 26 4 0
875 917 3 4 98 4 0
876 648 0 4 75 5 0
876 711 2 8 97 5 0
877 635 0 3 29 4 0
877 1188 3 5 95 4 0
877 231 4 0 7 5 0
878 224 4 4 44 3 0
878 384 1 0 20 5 0
878 981 0 6 28 3 0
879 555 0 8 96 4 0
880 1178 4 2 65 3 0
880 313 3 6 50 3 0
880 563 0 0 34 5 0
881 62 3 8 55 5 0
883 906 3 3 27 5 0
883 593 2 6 16 3 0
884 114 2 9 29 4 0
884 1153 1 8 55 3 0
885 184 1 8 28 3 0
886 327 4 4 48 4 0
887 155 1 0 33 5 0
888 390 0 4 50 4 0
888 255 3 0 9 5 0
891 1167 0 2 60 5 0
891 1193 0 9 63 4 0
892 316 1 2 100 5 0
892 93 1 8 9 5 0
892 609 4 1 31 4 0
893 785 3 5 10 3 0
893 319 1 8 38 3 0
893 21 3 0 12 4 0
894 419 3 0 68 5 0
894 367 1 9 7 3 0
894 677 1 7 22 3 0
894 733 4 2 56 5 0
895 334 4 1 44 5 0
896 423 1 8 78 5 0
897 386 2 3 19 4 0
898 693 0 2 61 3 0
898 720 2 2 21 5 0
899 509 1 0 41 4 0
899 253 3 4 41 3 0
899 729 3 6 15 4 0
899 14 2 2 67 3 0
900 105 0 0 62 5 0
901 368 2 5 30 3 0
902 990 0 9 45 4 0
902 291 1 5 58 4 0
902 386 2 5 95 4 0
902 24 1 1 61 5 0
903 362 0 9 46 3 0
903 872 3 5 36 4 0
904 975 4 5 4 4 0
904 822 0 2 8 5 0
905 581 1 8 70 4 0
905 214 0 5 40 4 0
906 995 4 8 40 5 0
907 740 3 0 38 3 0
907 687 1 6 97 3 0
908 719 4 1 79 3 0
909 56 0 4 85 4 0
909 518 3 5 74 4 0
909 616 1 3 95 3 0
910 259 0 0 84 4 0
910 741 2 6 50 3 0
911 420 4 6 38 5 0
911 403 2 7 90 3 0
911 452 4 7 45 3 0
912 238 2 8 79 4 0
916 841 1 3 94 4 0
916 161 0 8 54 4 0
917 49 0 2 20 4 0
917 463 2 7 43 5 0
917 458 3 9 13 4 0
917 374 2 9 29 3 0
917 856 1 6 74 5 0
918 595 0 3 54 5 0
919 1073 4 3 20 4 0
919 892 4 2 49 4 0
920 944 1 9 90 4 0
921 493 2 5 20 5 0
922 163 0 4 17 5 0
922 721 1 7 41 3 0
922 796 2 7 75 4 0
925 1194 4 2 13 5 0
928 471 3 9 91 5 0
928 777 0 5 12 3 0
929 898 2 7 10 3 0
931 987 1 5 74 4 0
932 25 1 9 58 3 0
932 654 2 1 17 4 0
932 732 1 7 36 3 0
932 980 4 2 2 5 0
933 598 3 3 55 5 0
935 1017 1 8 20 4 0
936 922 3 8 60 4 0
936 664 2 1 24 5 0
937 223 4 3 29 4 0
938 172 0 3 80 3 0
938 545 2 1 15 5 0
938 533 3 4 3 3 0
938 978 3 1 60 5 0
939 453 2 3 58 3 0
940 1131 1 4 17 5 0
940 774 0 8 49 5 0
941 1045 1 7 93 5 0
941 430 3 0 22 5 0
941 565 4 6 49 4 0
942 368 2 9 69 4 0
942 965 0 6 58 5 0
943 705 4 1 60 4 0
945 1073 1 3 15 3 0
946 993 4 2 88 5 0
947 1034 2 0 78 3 0
947 715 4 6 53 3 0
947 902 2 7 88 5 0
949 749 1 3 67 3 0
949 38 2 7 2 5 0
949 429 1 9 19 5 0
950 149 3 0 2 4 0
950 196 4 3 4 4 0
950 684 1 3 74 4 0
951 381 4 2 43 4 0
952 1139 4 0 17 5 0
952 452 2 6 50 4 0
952 30 0 5 35 4 0
952 133 4 6 83 4 0
953 1033 1 9 18 3 0
953 320 4 6 8 4 0
953 321 4 1 14 5 0
954 470 2 9 13 3 0
954 159 2 3 25 3 0
955 334 1 3 12 4 0
955 71 0 8 14 5 0
956 127 1 0 71 4 0
956 176 1 9 13 5 0
956 215 1 0 15 4 0
957 969 3 5 77 4 0
957 313 1 1 95 4 0
957 897 0 6 38 3 0
959 907 0 4 83 5 0
959 806 2 5 75 5 0
959 283 3 0 1 3 0
960 10 2 6 52 5 0
960 540 2 8 92 5 0
961 603 3 2 87 5 0
961 499 1 0 59 5 0
962 640 4 2 88 4 0
962 15 1 3 49 3 0
962 178 1 0 68 5 0
962 136 2 6 61 3 0
963 33 0 1 10 3 0
964 762 1 1 63 3 0
964 282 2 0 93 3 0
965 658 0 9 44 4 0
965 526 2 3 27 3 0
965 451 1 6 81 5 0
965 930 3 8 27 4 0
965 103 2 6 14 4 0
965 261 4 8 53 5 0
966 585 0 6 26 4 0
966 528 3 4 57 5 0
968 1049 3 3 50 5 0
968 729 4 7 26 4 0
969 1022 4 2 3 4 0
969 403 1 9 79 5 0
969 1079 0 8 4 4 0
970 166 0 7 38 5 0
971 830 3 1 71 3 0
972 175 0 2 21 4 0
974 309 2 6 92 5 0
975 1114 3 3 93 5 0
975 514 4 2 70 3 0
976 612 4 7 6 4 0
976 35 2 4 73 3 0
977 81 4 4 78 4 0
977 132 0 6 71 5 0
977 669 1 4 10 4 0
977 171 3 5 48 4 0
978 403 2 4 2 4 0
979 510 3 1 55 4 0
980 1126 4 7 49 3 0
981 842 1 6 53 5 0
983 821 3 2 69 4 0
983 816 2 0 32 4 0
984 123 4 6 24 3 0
985 365 2 6 17 4 0
987 712 0 2 67 3 0
987 224 4 9 61 5 0
987 40 0 6 41 4 0
987 406 2 5 16 3 0
989 76 2 7 85 5 0
990 125 2 9 40 3 0
991 197 4 2 67 3 0
991 249 2 8 43 5 0
992 834 2 2 32 4 0
992 1059 4 6 24 4 0
992 151 1 3 74 3 0
993 647 4 7 42 4 0
993 517 1 9 14 3 0
993 436 3 0 18 3 0
993 335 2 7 16 4 0
994 97 2 3 90 3 0
994 1151 3 0 85 4 0
994 1060 1 8 4 4 0
995 33 2 3 27 5 0
995 310 2 6 22 4 0
995 790 1 8 82 3 0
996 797 1 2 41 5 0
997 991 0 1 10 3 0
997 81 2 0 4 4 0
998 73 0 0 66 5 0
998 609 1 0 63 4 0
999 897 1 2 78 3 0
1000 1000 1 2 85 4 0
1001 962 1 2 75 3 0
1002 594 3 8 82 4 0
1002 907 1 5 88 5 0
1002 618 0 2 82 3 0
1002 277 1 6 31 3 0
1003 613 0 8 7 3 0
1004 837 4 7 59 5 0
1005 430 1 2 37 3 0
1007 1142 4 1 22 3 0
1008 391 0 9 65 4 0
1008 620 1 8 27 5 0
1009 851 0 6 76 3 0
1009 1023 1 4 95 4 0
1009 1145 3 0 59 5 0
1010 1075 3 7 71 3 0
1015 135 2 6 99 3 0
1015 784 0 8 4 3 0
1016 330 2 9 30 4 0
1016 1152 0 1 14 4 0
1016 6 3 7 72 3 0
1016 43 1 3 48 5 0
1017 487 4 1 9 5 0
1017 108 1 6 99 4 0
1017 57 3 6 63 3 0
1018 39 0 2 23 5 0
1018 254 1 7 66 5 0
1020 862 4 1 95 4 0
1021 228 4 2 12 3 0
1021 98 4 3 24 5 0
1021 593 0 5 38 3 0
1021 1114 2 1 89 5 0
1022 255 4 2 47 5 0
1022 65 4 5 59 4 0
1022 266 3 8 5 4 0
1023 668 4 0 69 5 0
1023 195 4 0 93 5 0
1024 834 2 1 29 3 0
1024 218 2 9 54 3 0
1024 87 4 9 70 5 0
1027 912 2 7 25 3 0
1028 77 1 6 84 5 0
1028 648 2 3 49 5 0
1029 320 3 5 59 3 0
1030 821 0 8 97 4 0
1030 597 0 0 72 4 0
1030 303 2 5 72 4 0
1031 1085 0 0 89 3 0
1032 1031 0 5 37 4 0
1032 615 3 0 73 5 0
1032 824 0 9 76 3 0
1033 669 2 9 9 5 0
1034 1051 0 2 6 3 0
1034 133 3 1 56 3 0
1034 37 0 6 32 4 0
1034 1086 4 0 63 5 0
1035 626 1 1 38 5 0
1035 808 1 9 79 4 0
1035 946 1 5 88 5 0
1035 379 4 9 20 4 0
1036 254 4 5 53 5 0
1037 284 3 9 5 3 0
1038 34 2 9 9 5 0
1039 331 0 0 66 5 0
1040 510 4 8 5 4 0
1044 115 4 8 24 5 0
1045 140 2 1 16 5 0
1045 445 0 4 51 5 0
1045 401 4 7 30 5 0
1046 245 3 4 40 4 0
1046 757 1 9 73 3 0
1046 411 2 9 23 5 0
1047 81 4 7 43 5 0
1048 388 0 0 54 3 0
1048 909 4 9 12 5 0
1049 262 4 9 85 3 0
1049 506 4 0 96 3 0
1049 1003 2 5 74 5 0
1049 668 0 5 76 4 0
1050 840 0 6 33 5 0
1050 189 0 2 11 3 0
1053 428 3 2 44 5 0
1053 440 2 4 17 5 0
1053 155 2 4 33 4 0
1053 53 2 8 94 5 0
1055 792 2 1 94 5 0
1055 221 2 1 48 5 0
1055 531 4 3 98 5 0
1055 1108 3 6 1 4 0
1056 583 1 9 44 4 0
1056 298 4 4 16 4 0
1057 835 2 3 71 4 0
1058 738 4 7 35 4 0
1058 195 4 4 26 3 0
1059 550 0 1 67 5 0
1060 743 3 7 69 4 0
1061 1161 1 8 41 3 0
1062 752 3 3 14 3 0
1062 575 0 4 67 3 0
1063 1163 3 0 42 3 0
1063 543 1 0 4 5 0
1065 1092 3 5 85 3 0
1065 27 3 7 85 5 0
1065 296 1 2 81 3 0
1066 754 1 3 29 4 0
1069 695 1 7 31 5 0
1070 935 1 0 57 5 0
1070 41 4 1 28 3 0
1070 614 4 4 7 4 0
1070 714 0 3 47 3 0
1071 508 1 9 43 3 0
1071 506 3 9 28 5 0
1071 667 1 0 68 4 0
1072 676 3 1 83 3 0
1072 119 4 6 4 4 0
1072 914 1 4 3 3 0
1072 584 1 3 80 3 0
1072 1167 4 9 5 5 0
1072 432 3 3 51 5 0
1072 1090 0 7 75 5 0
1073 69 1 9 67 3 0
1074 829 2 0 8 4 0
1075 980 3 0 30 4 0
1075 1168 3 1 8 3 0
1076 871 4 3 70 3 0
1077 174 3 5 11 3 0
1078 1119 1 7 58 3 0
1079 600 2 0 5 3 0
1080 74 1 4 17 5 0
1082 412 1 5 93 5 0
1082 70 1 2 21 3 0
1083 1150 0 6 62 5 0
1084 580 0 1 29 4 0
1085 600 4 9 33 5 0
1085 914 3 5 62 3 0
1085 964 1 5 43 4 0
1086 822 2 2 6 5 0
1086 1170 1 9 5 4 0
1088 451 0 7 37 4 0
1088 289 0 3 49 4 0
1089 790 3 3 80 4 0
1091 642 1 9 41 5 0
1091 999 3 4 22 5 0
1092 915 0 7 85 3 0
1093 50 4 3 13 3 0
1093 70 0 0 13 3 0
1098 296 1 4 24 4 0
1098 1041 0 8 22 4 0
1100 36 0 6 73 4 0
1101 743 4 4 91 4 0
1101 457 1 8 53 5 0
1101 941 0 5 28 3 0
1103 837 1 0 11 3 0
1104 329 2 1 46 4 0
1105 562 0 0 39 3 0
1106 1003 1 6 19 3 0
1106 514 0 5 42 4 0
1106 1042 2 5 28 4 0
1106 1180 4 7 13 3 0
1107 943 0 3 62 4 0
1108 1055 3 8 56 4 0
1109 790 0 8 12 3 0
1109 1155 1 9 30 5 0
1111 861 1 3 11 5 0
1114 638 0 2 68 4 0
1114 693 1 4 31 5 0
1115 682 0 5 66 4 0
1115 883 0 4 99 4 0
1115 565 1 9 68 4 0
1115 1055 3 3 29 4 0
1116 1172 0 5 92 3 0
1116 147 2 3 60 3 0
1117 494 0 7 57 4 0
1119 404 1 3 46 3 0
1121 1197 4 9 34 4 0
1122 576 3 0 56 3 0
1122 674 3 8 22 4 0
1123 13 3 4 92 3 0
1124 671 2 7 15 5 0
1124 551 2 6 77 3 0
1125 810 4 7 47 5 0
1126 469 2 2 84 3 0
1126 251 3 4 16 4 0
1127 914 0 7 96 5 0
1127 226 0 3 91 3 0
1127 733 4 3 37 5 0
1127 800 1 6 58 5 0
1127 638 0 2 13 4 0
1128 233 4 0 24 5 0
1128 194 0 1 71 5 0
1128 386 4 8 92 4 0
1129 106 2 6 11 3 0
1129 113 0 1 54 5 0
1130 216 4 8 59 3 0
1130 1057 4 1 58 4 0
1130 20 3 1 36 5 0
1131 572 2 9 90 5 0
1131 551 2 5 95 5 0
1134 401 4 5 44 3 0
1135 171 1 9 70 5 0
1135 447 0 1 58 3 0
1136 22 4 1 84 4 0
1136 729 1 0 71 4 0
1137 485 3 9 55 4 0
1137 248 1 3 47 3 0
1137 455 2 1 19 4 0
1138 237 0 9 93 4 0
1138 852 3 5 33 5 0
1140 385 2 6 73 5 0
1140 1080 0 7 86 3 0
1140 908 1 0 32 5 0
1141 615 1 6 32 3 0
1143 647 2 3 62 3 0
1143 964 1 2 36 3 0
1145 839 0 0 73 4 0
1147 1188 2 3 8 4 0
1147 1165 3 6 22 3 0
1148 642 2 5 5 5 0
1149 268 2 0 49 4 0
1149 346 4 5 98 4 0
1150 289 0 2 86 3 0
1150 1074 0 2 97 3 0
1150 341 0 3 51 3 0
1150 316 2 1 37 5 0
1151 724 3 9 61 3 0
1151 937 1 5 98 5 0
1151 109 3 4 4 5 0
1151 1174 1 6 91 5 0
1151 585 1 7 64 5 0
1151 610 1 8 82 4 0
1152 964 0 0 18 4 0
1153 1182 1 4 66 3 0
1153 82 4 8 26 3 0
1155 676 0 8 62 4 0
1155 1148 4 6 28 3 0
1156 43 2 7 44 3 0
1156 262 2 7 29 4 0
1157 453 2 7 55 5 0
1157 603 0 1 31 5 0
1158 921 2 0 51 4 0
1159 864 4 3 76 3 0
1160 668 3 4 28 3 0
1161 877 3 9 1 5 0
1162 347 3 8 87 4 0
1165 963 0 4 4 4 0
1166 845 4 1 81 3 0
1167 138 4 4 7 4 0
1168 489 0 1 5 3 0
1168 801 4 3 64 3 0
1169 424 0 8 8 3 0
1169 194 1 4 95 3 0
1169 795 0 1 87 5 0
1169 706 0 7 13 5 0
1169 871 1 3 8 3 0
1170 365 3 2 12 5 0
1171 1049 3 7 6 5 0
1172 1174 0 3 10 3 0
1173 61 4 2 13 5 0
1173 94 2 6 24 3 0
1173 1031 1 7 75 4 0
1174 196 0 8 49 3 0
1174 797 4 2 41 4 0
1177 31 2 2 98 3 0
1177 988 2 2 66 4 0
1177 144 2 4 81 4 0
1179 432 4 7 69 4 0
1180 397 4 3 14 3 0
1180 494 1 3 39 5 0
1180 759 4 9 7 4 0
1181 958 4 4 37 3 0
1181 560 0 0 95 3 0
1181 751 1 1 54 4 0
1181 5 4 9 77 4 0
1181 570 2 1 14 5 0
1182 225 0 1 34 5 0
1184 373 0 3 48 3 0
1185 327 2 6 23 3 0
1185 290 2 8 9 5 0
1185 947 1 2 31 5 0
1185 803 3 5 57 3 0
1186 719 4 6 12 4 0
1186 965 1 0 33 4 0
1188 470 0 5 56 5 0
1190 1012 3 3 95 4 0
1190 915 1 1 9 3 0
1191 7 3 9 48 4 0
1191 830 1 5 4 3 0
1192 936 3 9 92 4 0
1192 1190 1 7 24 4 0
1192 733 4 1 82 3 0
1192 583 2 4 13 5 0
1193 1078 0 4 60 3 0
1193 772 3 0 10 3 0
1193 47 4 0 30 3 0
1193 559 4 7 42 5 0
1193 20 4 8 89 4 0
1193 497 0 8 74 5 0
1195 755 3 6 4 3 0
1195 531 4 1 42 4 0
1195 267 2 3 52 3 0
1195 461 0 8 82 3 0
1196 847 3 8 73 5 0
1196 1004 0 5 33 4 0
1197 912 1 4 6 4 0
1197 377 3 4 80 4 0
1198 387 2 5 83 5 0
1198 767 1 2 73 4 0
1198 482 4 4 42 4 0
1198 368 4 3 88 5 0
1199 384 4 1 90 3 0

