10

5
0 20 20 20 20 20 20 20 20 20 20
1 20 20 20 20 20 20 20 20 20 20
2 20 20 20 20 20 20 20 20 20 20
3 20 20 20 20 20 20 20 20 20 20
4 20 20 20 20 20 20 20 20 20 20

25
1200 600 100000 6 3
0 126 7 2
1 106 3 6
2 130 10 8
4 126 4 4
5 120 6 6
9 127 2 9
900 0 100000 6 0
0 112 2 2
1 112 5 5
3 119 5 3
6 139 2 1
7 117 4 4
9 136 4 1
0 600 100000 6 4
0 109 5 9
2 127 3 3
4 125 2 3
5 149 10 7
7 122 4 2
9 138 1 9
900 600 100000 6 1
0 141 6 7
1 129 9 1
2 142 3 2
3 129 9 6
4 100 2 10
6 147 2 2
1200 900 100000 6 3
0 132 1 3
1 101 9 3
3 119 3 7
4 117 2 7
5 106 4 4
8 112 4 2
300 1200 100000 6 3
1 131 1 3
2 112 5 7
4 106 5 4
6 123 10 5
7 109 2 1
8 117 1 7
900 300 100000 6 3
1 130 4 1
4 144 9 2
5 148 9 10
6 121 1 3
7 117 5 10
9 106 1 1
0 1200 100000 6 0
1 128 1 3
3 139 7 9
4 125 7 5
5 100 8 2
6 137 8 6
9 114 4 5
300 900 100000 6 1
0 122 3 2
3 147 6 1
5 148 2 8
6 115 9 3
7 118 1 3
9 143 6 6
0 300 100000 6 0
0 115 7 7
2 144 9 5
3 132 10 5
6 139 2 8
7 117 6 3
8 129 4 8
300 600 100000 6 0
0 133 4 6
1 125 4 9
2 132 5 8
4 140 3 3
5 108 5 1
8 136 2 3
900 900 100000 6 0
1 102 9 1
2 130 8 7
3 145 9 2
4 141 3 5
5 132 9 7
7 110 8 8
600 0 100000 6 1
1 112 8 7
2 129 2 5
3 140 9 2
4 113 4 5
7 113 9 5
8 127 8 2
0 900 100000 6 4
2 109 1 6
3 124 3 5
4 132 3 9
5 104 3 10
8 132 9 1
9 107 5 7
300 300 100000 6 1
1 145 1 3
3 111 2 8
6 145 10 10
7 147 5 3
8 115 5 4
9 107 2 9
0 0 100000 6 3
3 134 3 9
5 103 8 2
6 132 1 5
7 101 5 6
8 116 5 9
9 125 2 6
600 900 100000 6 2
0 126 1 1
1 138 4 7
2 134 9 8
3 105 5 8
7 144 9 5
9 121 2 8
1200 300 100000 6 4
0 111 4 3
1 114 5 1
2 107 1 4
3 127 9 10
5 124 5 10
9 121 10 9
600 300 100000 6 4
0 111 3 4
1 135 6 3
2 109 5 2
5 110 9 5
7 129 4 2
8 107 3 1
300 0 100000 6 2
0 116 1 8
2 100 6 5
4 144 8 8
5 150 5 1
8 101 1 2
9 101 9 5
600 1200 100000 6 2
0 125 1 5
1 147 1 9
4 137 2 1
6 120 2 8
7 127 2 6
9 133 1 1
900 1200 100000 6 4
0 123 9 2
1 145 9 2
3 145 2 4
5 116 10 8
7 129 8 1
9 102 8 2
1200 0 100000 6 1
0 108 6 10
2 147 10 8
3 146 6 8
4 131 1 5
8 138 2 6
9 147 4 5
1200 1200 100000 6 2
0 111 9 1
2 149 9 1
3 140 2 4
4 106 8 8
8 133 5 4
9 103 7 4
600 600 100000 6 2
1 113 4 4
3 146 8 8
4 141 6 3
5 129 9 7
6 104 1 3
7 130 4 10

3000
0 371 4 2 55 4 0
0 423 3 0 25 4 0
0 579 2 9 18 5 0
0 608 2 7 81 4 0
1 636 4 5 31 5 0
1 730 1 6 70 5 0
2 948 1 9 15 3 0
3 999 0 7 69 4 0
3 1000 1 9 14 5 0
3 551 4 5 90 5 0
4 325 0 6 94 5 0
4 850 1 7 96 5 0
4 54 0 7 58 3 0
5 875 0 5 95 5 0
5 319 1 2 42 3 0
5 612 4 0 22 3 0
6 20 0 7 16 5 0
7 23 4 6 44 3 0
8 1034 2 9 45 4 0
8 624 2 1 43 5 0
8 75 0 4 30 5 0
8 136 0 4 92 5 0
9 740 0 2 7 4 0
9 601 3 8 96 5 0
9 460 3 3 8 5 0
9 581 4 4 43 3 0
9 663 3 6 73 5 0
10 491 3 8 60 3 0
10 55 2 1 92 5 0
10 1113 1 9 33 3 0
10 751 4 2 50 4 0
10 451 0 8 7 3 0
12 208 3 5 3 5 0
13 139 0 1 59 3 0
13 530 2 2 38 4 0
13 186 3 2 32 5 0
13 1081 2 9 84 3 0
13 1017 2 9 26 4 0
13 373 4 3 40 5 0
14 594 2 1 36 5 0
14 23 0 6 45 3 0
14 809 0 0 79 4 0
14 596 0 2 82 4 0
15 921 3 3 62 5 0
15 778 0 5 45 5 0
16 134 2 2 70 4 0
16 633 0 3 11 5 0
16 783 3 1 21 5 0
16 242 0 0 20 4 0
17 540 3 8 60 3 0
18 443 1 1 71 4 0
18 904 3 3 21 5 0
18 891 2 4 45 4 0
19 132 4 2 87 3 0
19 795 0 3 66 5 0
19 1030 3 3 33 4 0
19 1011 3 0 74 5 0
20 57 2 6 27 5 0
21 129 0 6 88 5 0
21 1121 2 2 67 3 0
21 457 0 7 43 4 0
21 631 1 1 67 3 0
22 348 3 9 63 3 0
22 533 2 7 12 4 0
22 1015 3 6 96 3 0
23 315 3 6 100 4 0
23 876 0 2 63 3 0
23 634 0 4 39 4 0
24 710 1 1 39 4 0
24 666 1 2 77 5 0
25 682 2 8 51 4 0
25 711 4 3 27 5 0
25 1098 4 6 32 5 0
25 578 1 2 4 3 0
26 1130 4 3 37 4 0
27 524 2 8 83 3 0
27 693 4 7 50 5 0
27 397 1 5 46 3 0
27 372 3 1 65 5 0
28 958 1 7 81 4 0
28 467 1 0 10 5 0
28 533 4 0 69 4 0
28 277 1 0 44 5 0
28 437 3 8 37 5 0
28 452 4 9 44 5 0
28 692 1 2 6 4 0
29 1076 2 7 16 4 0
29 468 4 5 83 5 0
30 536 1 7 56 5 0
30 274 4 1 95 4 0
30 863 2 4 98 4 0
31 673 4 6 44 4 0
32 1136 4 0 6 3 0
32 994 0 2 44 5 0
32 636 4 5 45 4 0
32 26 3 9 54 4 0
32 1198 1 4 82 4 0
33 323 3 6 53 3 0
33 1190 0 6 77 4 0
33 736 1 8 84 5 0
34 565 4 8 11 3 0
34 988 2 8 44 4 0
34 232 0 2 72 4 0
34 279 3 9 79 4 0
35 147 0 4 78 5 0
35 724 3 3 56 4 0
35 582 3 4 56 3 0
36 458 3 6 10 4 0
36 355 2 1 10 5 0
37 332 0 3 14 4 0
37 425 1 8 67 4 0
38 948 2 9 51 3 0
38 341 2 1 85 4 0
38 822 3 2 35 5 0
39 238 4 4 28 4 0
39 238 0 3 93 5 0
40 97 0 1 80 3 0
41 932 3 2 22 5 0
41 289 0 0 17 4 0
41 188 1 6 52 4 0
41 84 4 1 93 3 0
42 459 1 6 7 5 0
42 949 2 2 44 3 0
43 110 3 0 52 5 0
44 43 4 5 43 4 0
45 697 4 3 13 4 0
45 543 4 5 79 4 0
45 663 3 0 40 4 0
45 981 2 2 93 3 0
45 193 2 8 7 3 0
46 712 1 8 1 3 0
46 405 2 4 94 5 0
46 854 0 0 100 3 0
46 494 1 6 43 3 0
46 304 2 1 28 4 0
48 163 4 9 31 4 0
48 1100 4 5 60 5 0
48 1153 1 5 27 5 0
49 692 1 9 99 5 0
49 639 4 9 67 3 0
49 1119 0 2 100 5 0
49 1025 3 8 70 4 0
49 653 2 9 10 4 0
49 553 1 9 66 3 0
49 234 1 1 47 5 0
50 410 4 2 8 5 0
50 782 0 8 26 5 0
50 318 4 8 50 4 0
50 843 2 6 70 3 0
50 1155 1 2 37 3 0
51 639 3 9 91 4 0
51 1155 0 1 55 4 0
53 610 3 2 4 3 0
53 165 3 4 50 4 0
53 126 2 3 67 3 0
53 170 0 8 20 3 0
53 489 0 8 57 5 0
54 1195 1 5 96 3 0
54 1126 4 9 31 5 0
54 168 4 3 51 5 0
54 442 2 4 64 3 0
55 347 2 8 91 5 0
55 319 3 3 40 5 0
55 872 0 4 58 5 0
55 186 4 9 94 4 0
56 521 4 0 66 4 0
56 913 3 7 9 5 0
56 1003 1 2 13 3 0
56 887 4 1 99 5 0
56 1047 3 3 77 5 0
56 348 3 8 15 3 0
56 576 2 8 49 5 0
56 103 1 0 18 3 0
57 311 2 6 81 4 0
58 137 0 7 43 5 0
58 505 2 4 84 5 0
58 647 1 8 7 5 0
58 74 3 3 66 4 0
58 284 3 6 49 5 0
59 1157 3 3 29 4 0
59 336 2 3 85 5 0
60 747 4 1 79 3 0
60 552 4 2 9 5 0
60 718 4 6 69 4 0
61 245 2 2 53 4 0
61 505 0 7 8 3 0
62 1096 2 5 75 4 0
62 447 4 2 57 5 0
62 467 0 4 73 4 0
63 346 2 6 66 4 0
63 730 0 6 92 3 0
63 842 2 2 81 3 0
64 143 4 2 89 5 0
64 714 1 3 44 4 0
65 346 3 8 17 4 0
65 1196 2 2 72 3 0
66 555 1 7 54 3 0
68 777 2 8 69 4 0
68 1009 0 2 22 4 0
70 15 3 1 90 3 0
70 686 1 3 93 3 0
71 593 4 4 17 3 0
71 240 3 7 72 5 0
71 968 0 7 12 5 0
71 334 3 5 74 5 0
72 944 2 1 17 3 0
72 1160 3 2 46 4 0
75 1174 2 0 33 5 0
75 841 1 1 59 3 0
75 913 2 9 93 3 0
75 884 2 6 96 3 0
76 38 2 4 42 5 0
76 393 1 5 32 5 0
78 742 1 8 77 4 0
78 1109 3 8 48 5 0
78 855 3 2 22 5 0
79 595 2 9 54 3 0
79 1087 0 1 48 4 0
79 911 3 1 43 4 0
79 1110 2 1 91 4 0
80 59 3 5 47 3 0
81 658 4 2 52 3 0
81 507 4 1 25 5 0
81 956 0 8 19 5 0
82 948 1 4 7 3 0
82 1061 4 3 31 3 0
82 291 2 4 6 5 0
83 87 0 6 69 3 0
83 956 1 0 77 5 0
84 186 0 7 15 3 0
84 590 3 5 43 3 0
84 1105 3 4 70 4 0
85 970 4 1 23 4 0
85 707 4 2 2 3 0
85 863 1 1 45 3 0
85 666 3 8 30 3 0
85 3 1 4 15 3 0
86 787 1 2 58 3 0
86 918 0 9 9 4 0
88 616 2 2 14 3 0
88 662 4 1 16 4 0
90 1100 3 2 59 5 0
90 306 0 6 93 5 0
90 236 4 2 52 5 0
91 626 1 6 72 4 0
91 5 4 3 23 5 0
91 986 1 1 42 3 0
91 549 1 1 91 4 0
92 446 4 7 89 3 0
92 298 1 9 94 3 0
93 628 0 0 33 5 0
93 750 4 3 90 5 0
93 856 0 4 94 4 0
94 534 0 0 20 4 0
94 250 1 9 20 4 0
94 919 1 2 59 4 0
96 365 1 8 2 5 0
97 747 2 0 44 3 0
98 82 1 4 86 5 0
99 86 4 8 83 4 0
99 823 1 6 89 4 0
99 842 4 2 57 4 0
100 294 2 2 67 3 0
100 418 4 7 42 4 0
100 240 0 9 41 4 0
100 845 1 0 8 3 0
100 210 2 9 88 3 0
101 1101 1 7 88 3 0
102 355 1 4 2 4 0
102 1197 1 2 59 4 0
102 1063 0 4 33 3 0
102 914 4 0 8 4 0
102 78 0 3 73 3 0
102 604 2 3 48 3 0
103 431 1 6 28 3 0
103 46 2 6 4 4 0
103 614 4 8 22 5 0
103 845 0 9 63 3 0
103 1113 0 0 66 5 0
103 805 4 4 21 5 0
104 895 4 6 57 5 0
104 27 4 9 16 3 0
105 741 4 4 13 5 0
105 724 4 2 28 5 0
106 444 4 2 99 5 0
106 946 1 4 30 3 0
106 970 3 0 42 4 0
106 656 3 9 72 4 0
106 1098 3 1 14 4 0
106 1130 1 2 79 5 0
106 59 3 2 29 5 0
107 188 0 6 94 5 0
107 488 3 3 82 4 0
107 1163 4 0 13 5 0
107 663 0 4 73 3 0
108 798 0 9 91 5 0
108 219 3 3 57 5 0
108 226 3 7 78 5 0
108 1045 1 3 95 5 0
109 843 1 4 67 3 0
109 49 3 3 78 5 0
110 863 0 5 23 4 0
110 438 1 4 32 3 0
110 774 1 4 89 5 0
111 210 0 8 26 5 0
111 864 2 0 24 5 0
111 502 4 6 71 5 0
111 597 1 2 39 3 0
111 752 1 3 46 5 0
112 806 4 4 79 4 0
112 143 1 5 21 4 0
112 448 1 5 65 4 0
112 698 1 2 72 5 0
113 443 2 1 93 3 0
114 106 2 2 32 3 0
114 125 0 5 53 4 0
114 1036 0 3 90 3 0
115 1114 0 1 78 5 0
115 1079 4 3 64 5 0
115 397 0 5 69 3 0
115 227 2 1 15 5 0
116 322 2 7 21 3 0
116 73 1 2 58 3 0
117 1133 1 8 40 5 0
117 88 0 8 18 4 0
117 207 0 4 80 3 0
117 117 4 8 91 5 0
118 363 3 5 84 4 0
118 547 3 0 22 3 0
119 451 4 9 27 5 0
119 743 1 3 59 3 0
120 349 4 4 86 5 0
120 164 4 4 59 5 0
120 245 2 4 46 5 0
121 1103 3 8 37 5 0
122 801 0 7 11 4 0
122 954 3 2 36 4 0
122 1050 4 9 82 3 0
123 232 1 5 38 4 0
123 300 0 4 77 5 0
123 507 2 4 33 4 0
123 85 3 8 7 5 0
124 1036 1 6 16 4 0
125 1110 1 0 54 5 0
125 314 0 9 32 5 0
125 13 2 0 28 3 0
125 327 3 4 84 4 0
125 371 2 0 21 4 0
126 952 3 0 71 4 0
126 803 0 7 85 3 0
126 200 4 3 8 3 0
127 258 4 9 56 4 0
129 1031 4 3 8 5 0
129 154 3 4 38 4 0
129 1034 0 9 57 3 0
129 382 0 3 33 5 0
129 1187 1 9 5 4 0
130 784 0 8 8 4 0
130 409 3 7 20 5 0
130 360 3 8 9 4 0
130 801 4 2 91 4 0
131 939 2 5 77 5 0
131 391 3 4 59 4 0
132 582 0 0 53 4 0
132 1038 0 5 47 5 0
133 288 0 2 97 4 0
133 779 3 5 89 3 0
133 659 3 0 25 5 0
134 1002 1 9 38 3 0
134 587 3 2 99 3 0
134 481 3 1 5 3 0
134 92 4 7 79 4 0
135 876 4 6 21 5 0
135 772 4 8 82 4 0
136 1031 1 2 38 4 0
136 405 0 4 51 4 0
136 134 3 7 66 4 0
136 382 4 9 9 4 0
136 757 0 0 42 5 0
136 1053 4 0 42 4 0
136 739 3 9 54 3 0
136 654 2 2 8 3 0
137 574 4 6 46 5 0
138 477 0 9 11 5 0
139 1021 0 7 26 4 0
139 884 2 8 94 5 0
139 478 1 4 37 4 0
139 298 2 7 65 3 0
139 317 1 8 83 3 0
140 565 1 7 47 3 0
140 193 1 8 68 5 0
140 101 3 4 46 3 0
140 529 0 9 100 5 0
141 954 2 9 43 3 0
143 46 0 9 2 5 0
143 140 2 9 73 4 0
143 11 4 6 57 4 0
143 177 4 2 89 5 0
144 533 2 0 20 3 0
144 812 1 0 44 3 0
144 596 2 8 83 5 0
144 554 2 8 14 4 0
144 954 3 8 58 5 0
144 254 3 4 82 4 0
144 301 4 8 9 5 0
145 721 2 9 18 5 0
145 1043 2 4 72 5 0
145 486 1 1 86 4 0
146 669 0 8 51 3 0
146 1160 2 2 77 3 0
146 111 0 6 38 4 0
146 1122 0 9 29 5 0
148 383 3 1 6 4 0
149 870 4 5 60 4 0
149 800 0 1 42 4 0
150 69 3 4 2 5 0
150 423 3 8 50 3 0
150 498 0 2 25 3 0
150 200 0 7 83 3 0
151 488 0 1 93 4 0
151 1160 3 7 88 3 0
151 565 1 0 84 5 0
151 918 1 6 65 3 0
151 57 4 3 66 3 0
151 166 0 6 85 4 0
152 703 1 4 3 3 0
152 795 2 4 28 3 0
152 928 3 9 85 3 0
152 1131 3 1 74 5 0
153 27 1 0 50 5 0
154 1098 1 6 69 3 0
154 1148 0 1 68 5 0
154 719 3 8 87 3 0
155 12 0 0 39 3 0
156 1049 2 5 91 4 0
156 35 2 2 74 3 0
157 970 1 5 70 3 0
158 533 0 2 49 5 0
158 653 4 0 94 3 0
158 1181 1 4 14 4 0
159 1079 3 5 28 4 0
160 705 1 8 22 5 0
160 21 4 2 91 3 0
160 603 2 6 68 3 0
161 172 3 3 94 5 0
161 1125 3 8 48 4 0
161 535 0 4 57 3 0
162 1100 1 5 46 4 0
162 278 0 4 32 4 0
162 695 4 7 96 5 0
163 271 4 9 93 4 0
163 321 3 5 32 5 0
163 536 3 4 89 4 0
163 1024 2 2 84 5 0
164 611 3 2 7 4 0
164 1052 0 7 68 5 0
164 135 1 9 2 3 0
165 1043 2 8 29 5 0
165 507 0 3 50 3 0
166 923 4 4 33 3 0
166 627 3 6 50 4 0
167 790 2 8 91 3 0
167 1044 2 4 40 5 0
167 44 4 7 15 4 0
167 1148 4 0 60 5 0
168 702 3 5 53 4 0
169 1044 2 7 15 4 0
169 60 4 2 94 5 0
170 81 2 6 92 5 0
170 1083 1 6 68 5 0
170 956 3 0 75 3 0
171 991 0 2 95 4 0
171 75 3 7 67 5 0
171 1066 2 4 58 4 0
171 62 0 7 96 5 0
172 567 4 8 14 3 0
172 152 0 5 50 4 0
172 1042 4 3 18 4 0
172 1186 3 3 61 4 0
172 595 4 4 18 5 0
173 733 4 3 38 4 0
173 401 4 0 94 3 0
173 559 3 8 70 5 0
174 126 0 3 19 4 0
175 51 3 4 74 3 0
175 1069 0 9 26 4 0
176 3 0 7 57 5 0
176 679 3 8 40 5 0
176 1052 1 0 13 5 0
176 695 3 0 23 3 0
177 479 0 4 23 5 0
177 299 3 0 33 3 0
177 337 4 1 42 3 0
178 238 1 7 44 3 0
178 1146 3 7 41 3 0
180 289 2 2 65 3 0
180 840 1 2 89 3 0
181 909 0 8 24 5 0
181 933 2 0 8 5 0
182 60 4 2 57 3 0
183 741 2 6 74 5 0
183 7 4 4 93 4 0
183 646 1 9 84 3 0
184 1010 0 6 53 3 0
185 654 0 7 40 3 0
185 349 1 8 39 4 0
186 1021 3 1 8 4 0
186 377 4 0 66 5 0
186 703 3 2 1 4 0
187 958 0 9 44 5 0
187 544 4 5 74 4 0
188 409 3 5 84 5 0
188 859 2 3 13 3 0
188 1029 1 8 9 3 0
189 362 3 4 57 3 0
189 5 0 2 70 3 0
189 881 2 1 81 3 0
190 186 1 3 21 5 0
190 179 1 5 31 5 0
190 741 0 9 42 5 0
191 519 3 4 38 3 0
192 843 2 1 39 5 0
192 1132 1 8 72 5 0
193 1126 3 8 27 5 0
194 996 1 1 61 5 0
195 1164 4 0 14 5 0
195 123 1 9 11 3 0
195 588 0 3 54 5 0
195 713 3 3 63 4 0
195 886 1 4 89 5 0
195 1097 0 3 83 4 0
196 1189 3 2 76 5 0
196 1049 4 1 90 3 0
197 307 1 1 5 3 0
199 615 4 6 50 4 0
199 321 2 9 66 5 0
200 417 3 1 1 4 0
200 609 3 6 8 5 0
200 153 3 4 55 3 0
200 226 4 8 4 5 0
201 422 1 5 80 3 0
201 821 0 0 10 4 0
202 464 1 1 81 4 0
203 666 2 7 20 3 0
203 71 2 3 42 4 0
203 107 2 2 54 4 0
204 84 0 1 28 5 0
205 977 1 9 36 5 0
205 32 1 9 19 5 0
205 981 3 0 56 5 0
206 1033 1 3 50 4 0
206 102 0 7 46 4 0
207 672 3 2 67 5 0
207 294 3 2 38 3 0
207 388 1 7 61 5 0
207 78 1 2 11 4 0
208 258 3 9 16 3 0
208 1193 0 1 66 5 0
208 1146 0 6 1 3 0
208 649 1 6 49 3 0
209 1110 3 6 8 4 0
209 242 3 3 43 3 0
209 358 2 5 89 4 0
212 298 0 8 65 5 0
212 923 4 2 55 5 0
212 1184 2 3 59 4 0
213 1127 0 7 90 3 0
214 11 0 8 20 4 0
214 867 4 9 42 5 0
214 549 0 8 69 3 0
215 248 4 1 59 4 0
215 994 3 9 2 5 0
215 882 0 9 95 3 0
215 1103 0 1 94 5 0
216 94 2 1 76 3 0
217 436 0 3 98 5 0
217 631 4 2 52 5 0
217 733 2 6 20 5 0
217 814 1 2 100 5 0
217 853 2 2 61 4 0
217 622 1 7 31 5 0
218 722 1 9 55 3 0
218 414 3 3 28 3 0
219 2 1 7 63 5 0
220 570 2 7 3 5 0
220 551 0 0 14 5 0
220 847 2 7 82 5 0
220 43 4 1 31 3 0
221 345 3 8 95 3 0
221 528 2 4 48 5 0
221 353 1 8 82 3 0
221 719 1 8 12 4 0
221 996 4 4 40 4 0
222 1142 2 5 70 5 0
222 1187 4 4 58 3 0
222 490 0 9 69 5 0
223 74 1 7 6 5 0
223 41 3 2 65 3 0
223 261 3 8 84 4 0
223 683 1 7 55 4 0
223 183 2 1 89 5 0
223 692 1 2 93 3 0
223 701 1 9 80 4 0
224 257 3 6 42 3 0
224 65 0 3 17 3 0
225 443 4 8 30 5 0
225 902 4 7 68 5 0
226 529 2 1 25 3 0
226 879 4 2 92 4 0
226 295 4 7 16 4 0
226 139 4 6 30 5 0
226 659 3 7 12 4 0
226 1144 4 1 94 3 0
227 661 0 8 95 3 0
227 472 2 3 39 3 0
227 202 0 5 29 5 0
227 846 1 9 65 4 0
227 1068 1 0 43 3 0
228 17 0 6 33 4 0
228 229 0 0 68 3 0
228 42 0 1 52 5 0
229 11 4 3 3 5 0
231 289 2 1 2 5 0
232 339 2 4 96 3 0
232 151 0 8 1 4 0
233 62 1 0 48 5 0
233 1162 4 1 77 5 0
233 187 4 9 96 4 0
233 760 4 0 15 5 0
234 893 4 9 85 5 0
235 1194 2 0 92 3 0
235 175 0 3 9 4 0
236 809 4 6 32 4 0
236 725 4 5 90 4 0
236 1195 3 4 10 3 0
236 556 3 3 17 4 0
237 31 0 2 83 4 0
237 607 4 7 13 3 0
237 189 0 8 28 3 0
238 727 3 9 16 5 0
238 96 4 7 16 3 0
238 413 3 8 85 3 0
239 236 4 3 28 5 0
239 1038 0 1 87 5 0
240 1175 2 0 22 5 0
240 1120 3 0 13 5 0
240 235 4 7 63 5 0
241 914 0 8 41 3 0
241 890 2 2 3 5 0
241 599 3 9 52 3 0
241 1114 1 9 85 3 0
241 976 0 3 57 5 0
242 535 3 3 51 4 0
242 579 3 5 79 5 0
242 310 0 9 87 4 0
242 906 3 3 32 5 0
242 956 0 5 33 3 0
242 997 1 4 86 3 0
242 170 4 9 44 4 0
243 156 2 0 50 5 0
243 1140 2 1 96 5 0
244 143 4 4 99 4 0
244 1103 0 6 29 5 0
244 187 3 7 96 3 0
244 116 3 3 72 5 0
245 1132 3 5 49 3 0
245 27 4 6 37 3 0
245 168 1 0 85 5 0
245 516 3 0 29 3 0
245 891 2 1 18 5 0
247 472 1 1 86 4 0
247 390 4 9 33 3 0
247 659 3 1 55 3 0
247 486 1 1 25 3 0
247 961 4 8 41 4 0
248 829 4 2 85 4 0
248 110 2 6 89 3 0
248 721 3 8 12 5 0
248 888 4 6 66 5 0
250 150 3 7 80 5 0
250 152 4 6 47 3 0
251 1122 2 4 51 5 0
251 735 1 8 82 3 0
251 1062 2 5 56 4 0
252 1162 1 6 26 5 0
252 244 4 7 92 4 0
252 825 4 2 27 3 0
253 69 3 0 5 4 0
254 1174 0 3 10 4 0
254 669 0 2 65 4 0
255 416 2 0 61 5 0
255 1015 2 8 6 5 0
255 146 1 5 29 5 0
255 84 2 2 93 5 0
256 445 0 7 11 3 0
256 935 4 4 85 4 0
256 629 4 1 31 4 0
256 541 1 1 54 4 0
257 78 0 1 65 4 0
257 661 3 5 55 3 0
258 1022 3 9 17 3 0
258 474 0 8 57 3 0
259 325 4 7 30 3 0
259 148 3 1 97 3 0
260 215 1 2 78 5 0
260 87 2 1 29 5 0
261 1085 2 6 72 4 0
262 852 3 7 10 4 0
262 1117 4 9 15 3 0
263 260 3 0 36 5 0
263 849 4 7 92 5 0
264 117 4 3 31 3 0
265 177 3 9 31 4 0
266 700 4 8 23 3 0
267 836 0 9 99 4 0
267 543 3 1 61 3 0
267 490 2 3 61 3 0
267 624 4 3 4 4 0
268 429 4 1 61 4 0
269 961 0 3 39 3 0
269 238 0 0 78 4 0
269 809 1 9 29 5 0
269 998 4 9 71 3 0
270 1019 0 6 19 3 0
270 892 0 0 35 4 0
270 975 3 5 19 4 0
270 363 2 2 94 5 0
270 947 1 5 56 4 0
270 1195 0 3 24 3 0
270 105 1 0 52 4 0
271 263 3 8 94 5 0
271 587 4 7 54 5 0
271 408 2 8 76 3 0
272 795 1 3 12 3 0
272 173 2 2 1 5 0
273 1054 0 9 83 4 0
273 886 2 7 84 5 0
273 663 2 1 85 4 0
274 463 0 5 83 4 0
274 864 3 3 73 3 0
275 306 3 0 97 4 0
275 112 0 6 61 5 0
275 114 2 8 11 3 0
276 863 2 8 73 5 0
276 832 1 5 63 3 0
276 748 4 7 26 3 0
277 506 4 8 24 5 0
279 958 4 5 60 3 0
279 44 4 8 55 5 0
279 263 3 6 70 3 0
279 799 0 2 31 5 0
279 194 1 2 97 4 0
280 992 4 0 73 3 0
280 421 2 8 68 3 0
280 77 3 5 38 5 0
280 94 3 7 4 5 0
281 1007 3 9 23 3 0
281 884 3 1 30 4 0
282 287 4 3 22 3 0
283 678 2 6 89 3 0
283 810 2 8 77 3 0
283 511 3 3 70 5 0
283 584 4 0 76 5 0
284 740 3 7 100 4 0
285 759 1 8 12 3 0
285 1007 2 4 27 4 0
285 159 1 5 92 5 0
286 1197 0 7 96 3 0
286 22 4 8 95 5 0
286 779 3 4 41 3 0
286 493 1 5 33 3 0
287 860 4 0 51 3 0
287 323 0 3 94 5 0
289 407 3 1 95 3 0
289 854 4 4 25 4 0
289 465 1 2 97 3 0
290 209 1 2 11 3 0
290 356 0 6 91 3 0
291 523 3 9 54 3 0
291 291 2 5 17 3 0
291 1078 3 8 77 5 0
292 960 2 7 84 4 0
292 1179 4 1 88 3 0
293 415 3 8 64 5 0
293 505 1 1 99 3 0
294 599 1 5 49 3 0
294 337 0 5 59 4 0
294 263 0 1 82 4 0
295 621 1 1 61 5 0
295 147 4 0 47 5 0
296 1041 4 6 66 3 0
296 942 0 8 94 4 0
297 163 4 3 69 4 0
297 1037 2 6 18 5 0
298 615 2 9 38 3 0
299 830 4 0 84 3 0
299 845 2 4 69 5 0
299 479 1 8 25 3 0
299 1087 2 8 26 3 0
299 883 2 7 99 4 0
300 889 0 7 2 5 0
300 1156 0 9 23 5 0
301 809 3 9 1 4 0
301 831 0 2 28 4 0
301 935 4 4 78 3 0
301 120 2 7 1 4 0
301 3 4 0 3 3 0
302 180 1 4 100 3 0
302 575 2 5 12 5 0
303 859 2 9 31 4 0
303 962 4 1 61 4 0
304 851 3 5 24 3 0
305 46 4 4 29 4 0
305 1198 2 8 31 3 0
306 1165 4 4 3 4 0
307 1034 4 8 29 5 0
307 1199 2 2 87 3 0
309 635 0 3 14 5 0
309 1199 4 6 26 4 0
309 242 0 9 60 3 0
310 180 4 5 61 4 0
310 962 2 9 4 5 0
310 157 2 4 74 4 0
310 942 1 6 29 4 0
310 860 1 7 61 4 0
310 398 1 0 48 3 0
311 793 0 3 62 3 0
312 472 4 6 35 3 0
312 775 4 0 9 5 0
313 956 4 1 84 4 0
314 770 3 6 37 4 0
315 718 2 0 69 3 0
315 182 2 0 49 4 0
315 704 4 4 6 4 0
315 569 3 4 59 4 0
315 1173 3 2 63 5 0
316 803 2 5 15 5 0
317 89 0 1 22 3 0
317 693 2 9 35 5 0
318 205 0 0 16 3 0
318 1110 1 2 72 4 0
318 444 4 6 14 3 0
318 1084 2 6 50 5 0
319 1177 3 2 18 3 0
320 1163 1 3 93 5 0
321 1022 3 0 44 4 0
321 936 4 8 44 4 0
321 229 0 0 23 4 0
322 1059 4 1 92 5 0
322 392 4 2 16 4 0
322 747 1 1 73 5 0
322 285 1 3 39 4 0
323 1 0 0 72 4 0
323 356 3 8 20 4 0
323 815 4 9 81 3 0
324 935 4 3 75 4 0
324 449 0 1 63 3 0
326 447 3 6 30 3 0
327 388 1 0 97 3 0
327 246 2 7 89 3 0
327 11 3 3 75 4 0
328 69 2 1 88 5 0
328 826 2 2 76 5 0
328 962 3 5 69 3 0
329 586 4 9 63 3 0
330 685 3 7 57 5 0
331 904 2 8 35 5 0
332 128 3 0 69 4 0
332 399 1 4 70 3 0
332 1161 2 6 43 3 0
332 1024 4 9 78 4 0
333 1052 3 6 13 3 0
333 593 0 3 52 5 0
334 1020 4 0 82 3 0
334 4 2 0 5 3 0
334 1130 0 6 59 3 0
335 72 0 1 18 5 0
336 1168 2 3 52 5 0
336 528 1 7 82 3 0
336 854 1 4 63 5 0
338 807 4 7 53 5 0
338 243 2 5 2 5 0
338 429 2 2 40 5 0
338 380 1 2 1 3 0
338 543 1 9 48 3 0
338 298 3 5 3 3 0
339 1044 1 9 16 3 0
339 566 3 3 61 4 0
339 602 3 9 50 3 0
340 588 1 6 88 5 0
340 307 1 2 27 4 0
341 1093 0 6 66 3 0
341 134 0 2 41 4 0
342 890 3 3 99 5 0
342 60 2 2 89 3 0
342 407 0 2 8 4 0
342 796 0 5 77 3 0
342 470 1 9 83 5 0
342 131 3 2 8 3 0
342 770 3 0 50 5 0
343 1136 3 7 36 5 0
343 964 3 6 27 4 0
344 570 2 1 34 3 0
344 285 3 9 87 4 0
344 469 2 2 12 5 0
344 595 2 4 5 4 0
344 79 2 2 24 5 0
345 373 4 1 94 4 0
345 541 1 0 15 4 0
345 918 4 6 29 5 0
345 280 0 4 4 5 0
346 548 0 0 6 4 0
346 265 4 6 72 5 0
347 823 0 6 16 5 0
347 398 4 6 70 4 0
348 2 4 0 33 3 0
348 872 3 8 4 3 0
348 1104 4 3 42 3 0
348 543 3 0 65 3 0
349 967 1 6 43 5 0
349 568 2 7 44 4 0
349 454 3 5 6 3 0
350 614 4 3 57 4 0
350 513 0 5 2 4 0
351 256 1 9 99 5 0
351 44 3 9 97 4 0
351 886 1 2 100 4 0
352 57 0 8 95 4 0
352 555 0 4 30 3 0
352 960 1 3 10 5 0
353 858 2 2 8 5 0
353 846 2 1 15 3 0
353 423 1 0 66 3 0
354 859 0 5 84 3 0
354 568 0 9 23 5 0
354 820 2 1 78 5 0
356 711 0 8 88 4 0
356 1000 2 9 56 4 0
357 1144 3 7 86 5 0
357 379 0 5 10 3 0
357 49 0 1 87 5 0
358 1076 1 5 83 4 0
359 543 2 8 68 5 0
359 834 1 7 77 3 0
359 78 4 6 79 3 0
359 893 1 0 19 4 0
359 94 2 7 1 3 0
360 429 4 2 37 5 0
360 830 2 2 92 5 0
361 476 2 5 16 4 0
361 721 2 6 45 4 0
362 550 1 0 56 4 0
362 585 3 1 11 3 0
364 604 3 2 37 4 0
364 1092 3 8 29 4 0
364 383 3 1 91 5 0
365 182 2 5 64 3 0
365 195 1 4 88 3 0
365 448 0 5 58 3 0
366 193 2 5 9 3 0
366 715 1 3 40 5 0
366 250 1 9 64 3 0
367 1073 0 1 94 3 0
367 974 1 4 3 3 0
368 933 3 8 20 3 0
368 1033 1 9 77 4 0
368 348 1 4 12 3 0
369 58 1 0 87 5 0
369 424 0 8 19 3 0
369 479 1 0 79 3 0
369 954 3 5 12 5 0
370 575 4 5 36 5 0
370 101 0 3 87 5 0
370 815 3 8 54 3 0
370 747 1 5 37 4 0
372 458 3 0 69 4 0
372 57 2 3 61 4 0
373 70 1 5 79 5 0
374 369 0 4 2 5 0
374 852 1 3 23 3 0
375 879 2 4 11 5 0
376 1137 4 7 89 3 0
376 770 1 1 23 3 0
377 436 0 1 5 5 0
377 955 1 7 70 4 0
377 898 3 9 64 3 0
378 249 0 8 57 4 0
379 196 4 3 35 4 0
379 431 1 1 66 5 0
379 239 2 3 14 3 0
379 116 3 4 42 3 0
380 623 0 9 55 5 0
381 88 0 3 58 5 0
383 286 3 7 97 3 0
383 1108 1 6 24 3 0
383 589 3 1 33 5 0
384 192 4 0 91 3 0
384 772 1 7 2 5 0
385 963 4 8 98 5 0
385 1051 2 8 98 3 0
386 358 0 1 25 3 0
386 1145 1 7 81 3 0
386 536 0 1 16 5 0
386 359 4 0 84 4 0
386 731 0 8 34 3 0
386 647 3 6 39 4 0
387 676 2 2 30 4 0
387 809 2 9 75 4 0
387 714 0 6 87 5 0
387 379 4 9 99 3 0
387 180 3 9 46 4 0
388 640 4 0 22 5 0
388 1185 0 3 28 4 0
388 587 0 4 50 3 0
389 371 0 4 38 5 0
389 946 0 3 77 5 0
390 679 4 4 66 5 0
390 324 4 8 8 3 0
390 422 3 9 46 4 0
391 1189 0 0 24 4 0
391 276 2 6 90 5 0
392 818 4 6 9 5 0
393 159 2 8 75 3 0
393 831 2 1 48 5 0
393 1047 2 3 54 3 0
394 819 2 5 76 4 0
395 470 3 8 90 5 0
395 241 0 0 29 4 0
396 341 0 9 24 4 0
396 269 0 1 46 5 0
396 965 4 0 52 3 0
396 1185 1 7 4 5 0
396 633 1 3 73 4 0
396 288 0 6 91 4 0
397 899 1 4 5 4 0
397 452 2 7 95 3 0
398 328 0 6 88 5 0
398 426 2 1 24 3 0
399 1051 2 1 15 4 0
399 670 1 5 28 5 0
399 62 4 6 69 3 0
401 819 0 0 84 3 0
401 549 4 1 21 5 0
402 815 1 1 76 3 0
402 1146 3 6 29 3 0
403 608 0 5 71 5 0
404 404 3 8 75 3 0
404 497 3 5 86 4 0
405 1182 1 5 62 5 0
405 1061 2 2 36 3 0
405 428 4 4 35 5 0
406 636 1 6 64 3 0
406 1028 3 3 22 4 0
406 839 2 2 47 3 0
407 196 3 9 32 3 0
407 1106 1 9 86 3 0
408 948 3 7 85 3 0
408 140 2 8 83 4 0
409 1119 4 7 53 4 0
409 389 2 9 54 3 0
410 734 2 7 74 3 0
410 547 4 8 60 3 0
411 490 3 8 1 4 0
411 172 2 7 72 5 0
412 265 4 8 91 4 0
413 5 4 6 56 5 0
413 717 3 1 43 3 0
414 268 3 7 7 3 0
414 5 2 9 86 5 0
415 902 2 6 69 5 0
415 431 2 6 60 5 0
415 689 3 8 65 3 0
415 466 0 3 31 5 0
415 478 4 1 55 3 0
416 808 3 6 35 3 0
416 962 1 9 31 3 0
416 1057 2 2 62 4 0
419 526 3 8 84 3 0
419 594 2 0 81 3 0
419 1101 1 7 78 3 0
419 661 3 9 28 5 0
420 497 3 8 24 4 0
423 674 4 7 33 4 0
423 846 0 6 15 4 0
423 525 1 2 2 4 0
424 666 1 1 78 3 0
425 810 0 4 70 5 0
425 1133 3 7 31 4 0
427 55 3 8 18 4 0
427 180 4 9 67 5 0
428 481 3 9 35 5 0
428 404 0 9 6 3 0
428 970 4 1 99 5 0
428 1006 2 2 83 4 0
428 797 4 6 66 4 0
428 344 2 8 9 5 0
428 314 1 9 6 4 0
429 636 4 4 22 4 0
430 41 3 3 95 4 0
430 567 3 6 42 4 0
430 1023 4 8 34 5 0
430 41 4 2 37 5 0
430 117 2 2 11 3 0
431 562 2 1 7 5 0
431 666 1 3 87 3 0
431 583 4 3 22 4 0
432 323 0 1 35 4 0
432 750 1 4 24 5 0
432 724 0 0 40 5 0
432 1133 2 5 74 3 0
432 311 2 9 89 4 0
433 84 1 8 78 3 0
433 470 1 7 64 4 0
433 954 4 9 1 3 0
434 51 2 2 35 5 0
434 491 3 4 42 3 0
434 614 3 6 81 5 0
435 624 3 0 76 3 0
436 722 0 6 16 5 0
436 190 2 2 6 4 0
436 1041 0 5 54 4 0
437 947 4 2 63 3 0
437 471 2 3 11 4 0
437 501 4 2 56 3 0
438 506 0 5 36 3 0
438 1045 1 6 72 5 0
438 426 1 2 55 5 0
438 655 3 5 25 4 0
439 542 0 6 46 4 0
439 1136 2 4 84 5 0
440 290 2 0 61 3 0
441 143 1 2 9 5 0
441 9 2 6 41 3 0
441 913 0 6 13 3 0
442 325 4 7 18 5 0
442 462 0 3 30 4 0
442 207 0 3 75 5 0
442 1083 0 5 86 5 0
442 744 1 1 5 4 0
443 1010 2 8 39 3 0
443 1017 2 4 82 3 0
444 318 2 5 9 3 0
444 157 3 0 74 4 0
444 635 2 6 13 4 0
445 767 3 6 17 3 0
445 73 3 2 59 3 0
445 442 2 5 83 3 0
446 801 4 4 4 5 0
446 965 4 9 3 4 0
447 80 3 1 87 3 0
447 344 3 5 29 4 0
447 104 3 1 81 5 0
448 127 3 9 6 4 0
448 69 2 8 59 4 0
448 496 1 2 64 4 0
448 230 1 5 1 3 0
448 284 4 5 47 4 0
449 641 2 5 11 4 0
449 664 0 6 88 5 0
450 314 3 9 53 3 0
450 371 3 9 34 3 0
450 1039 3 6 71 4 0
451 1133 1 1 22 3 0
451 1158 4 3 44 4 0
452 719 2 3 16 5 0
452 1012 1 6 70 5 0
453 732 0 8 38 5 0
453 194 0 6 89 4 0
453 257 0 6 49 5 0
454 194 0 1 91 3 0
454 1165 2 8 27 3 0
454 1167 0 7 42 3 0
454 1100 2 1 25 3 0
455 622 1 1 71 3 0
456 1100 1 3 92 5 0
457 674 2 1 21 5 0
457 160 4 5 43 5 0
458 991 0 3 84 4 0
458 177 3 5 29 4 0
458 345 4 7 64 5 0
459 1183 3 5 17 4 0
460 316 2 6 89 4 0
460 1182 4 1 76 3 0
460 831 2 0 90 3 0
461 943 2 6 59 3 0
461 115 0 3 61 4 0
462 834 2 2 9 5 0
462 207 2 8 15 4 0
463 482 0 2 31 4 0
464 33 4 1 78 4 0
464 807 2 7 84 5 0
464 72 0 4 90 5 0
464 575 4 4 72 3 0
464 679 1 0 88 5 0
465 255 4 9 80 4 0
465 95 4 6 95 3 0
465 214 3 4 69 4 0
466 320 0 2 63 3 0
466 471 4 2 10 4 0
466 92 0 3 81 3 0
466 317 3 6 1 3 0
467 32 4 1 44 4 0
467 415 4 5 58 4 0
468 906 1 0 89 5 0
468 863 1 1 22 5 0
468 414 3 2 30 5 0
469 1022 2 8 29 3 0
469 374 4 6 36 4 0
469 26 3 7 61 5 0
470 1069 2 0 92 3 0
470 316 2 4 85 4 0
471 887 4 9 94 3 0
471 551 1 9 72 4 0
472 315 3 2 68 3 0
472 620 2 3 20 5 0
473 349 3 3 50 5 0
473 395 3 6 91 4 0
473 837 3 8 99 3 0
473 563 4 6 78 3 0
473 636 0 1 65 3 0
473 713 1 2 48 4 0
474 469 1 9 50 4 0
474 599 0 7 38 3 0
475 492 3 3 73 5 0
475 756 1 4 26 4 0
475 990 1 3 25 5 0
477 525 2 4 60 5 0
477 604 4 9 30 5 0
477 971 0 0 12 3 0
478 422 4 1 63 3 0
478 183 4 3 16 4 0
478 558 1 3 56 3 0
479 1080 4 5 12 4 0
479 29 2 5 8 3 0
479 805 0 3 65 5 0
479 867 2 7 89 4 0
479 476 4 0 77 5 0
480 358 3 4 85 3 0
480 583 2 1 79 5 0
481 1099 2 7 83 3 0
481 510 0 9 92 5 0
482 701 3 5 35 4 0
482 163 0 0 48 5 0
483 408 3 8 8 3 0
485 1198 1 3 63 5 0
485 1012 4 6 84 5 0
485 884 0 3 5 5 0
487 873 2 3 60 4 0
488 399 1 9 25 5 0
488 968 3 1 26 4 0
488 917 3 4 98 4 0
488 648 0 4 75 5 0
488 711 2 8 97 5 0
489 635 0 3 29 4 0
489 1188 3 5 95 4 0
489 231 4 0 7 5 0
489 224 4 4 44 3 0
490 384 1 0 20 5 0
490 981 0 6 28 3 0
490 555 0 8 96 4 0
491 1178 4 2 65 3 0
491 313 3 6 50 3 0
492 563 0 0 34 5 0
492 62 3 8 55 5 0
493 906 3 3 27 5 0
493 593 2 6 16 3 0
493 114 2 9 29 4 0
494 1153 1 8 55 3 0
494 184 1 8 28 3 0
494 327 4 4 48 4 0
495 155 1 0 33 5 0
495 390 0 4 50 4 0
495 255 3 0 9 5 0
496 1167 0 2 60 5 0
496 1193 0 9 63 4 0
498 316 1 2 100 5 0
499 93 1 8 9 5 0
499 609 4 1 31 4 0
500 785 3 5 10 3 0
500 319 1 8 38 3 0
501 21 3 0 12 4 0
501 419 3 0 68 5 0
501 367 1 9 7 3 0
502 677 1 7 22 3 0
502 733 4 2 56 5 0
502 334 4 1 44 5 0
503 423 1 8 78 5 0
503 386 2 3 19 4 0
503 693 0 2 61 3 0
503 720 2 2 21 5 0
504 509 1 0 41 4 0
504 253 3 4 41 3 0
504 729 3 6 15 4 0
504 14 2 2 67 3 0
505 105 0 0 62 5 0
505 368 2 5 30 3 0
505 990 0 9 45 4 0
506 291 1 5 58 4 0
506 386 2 5 95 4 0
507 24 1 1 61 5 0
507 362 0 9 46 3 0
507 872 3 5 36 4 0
507 975 4 5 4 4 0
507 822 0 2 8 5 0
508 581 1 8 70 4 0
508 214 0 5 40 4 0
509 995 4 8 40 5 0
510 740 3 0 38 3 0
510 687 1 6 97 3 0
510 719 4 1 79 3 0
511 56 0 4 85 4 0
511 518 3 5 74 4 0
512 616 1 3 95 3 0
513 259 0 0 84 4 0
513 741 2 6 50 3 0
513 420 4 6 38 5 0
513 403 2 7 90 3 0
514 452 4 7 45 3 0
514 238 2 8 79 4 0
514 841 1 3 94 4 0
514 161 0 8 54 4 0
515 49 0 2 20 4 0
516 463 2 7 43 5 0
516 458 3 9 13 4 0
516 374 2 9 29 3 0
516 856 1 6 74 5 0
517 595 0 3 54 5 0
517 1073 4 3 20 4 0
517 892 4 2 49 4 0
518 944 1 9 90 4 0
518 493 2 5 20 5 0
518 163 0 4 17 5 0
519 721 1 7 41 3 0
519 796 2 7 75 4 0
519 1194 4 2 13 5 0
519 471 3 9 91 5 0
519 777 0 5 12 3 0
520 898 2 7 10 3 0
522 987 1 5 74 4 0
522 25 1 9 58 3 0
522 654 2 1 17 4 0
522 732 1 7 36 3 0
523 980 4 2 2 5 0
524 598 3 3 55 5 0
524 1017 1 8 20 4 0
524 922 3 8 60 4 0
524 664 2 1 24 5 0
525 223 4 3 29 4 0
525 172 0 3 80 3 0
526 545 2 1 15 5 0
526 533 3 4 3 3 0
526 978 3 1 60 5 0
526 453 2 3 58 3 0
527 1131 1 4 17 5 0
527 774 0 8 49 5 0
528 1045 1 7 93 5 0
528 430 3 0 22 5 0
528 565 4 6 49 4 0
528 368 2 9 69 4 0
528 965 0 6 58 5 0
529 705 4 1 60 4 0
529 1073 1 3 15 3 0
530 993 4 2 88 5 0
530 1034 2 0 78 3 0
531 715 4 6 53 3 0
532 902 2 7 88 5 0
532 749 1 3 67 3 0
533 38 2 7 2 5 0
533 429 1 9 19 5 0
533 149 3 0 2 4 0
534 196 4 3 4 4 0
534 684 1 3 74 4 0
534 381 4 2 43 4 0
534 1139 4 0 17 5 0
534 452 2 6 50 4 0
534 30 0 5 35 4 0
535 133 4 6 83 4 0
536 1033 1 9 18 3 0
536 320 4 6 8 4 0
537 321 4 1 14 5 0
537 470 2 9 13 3 0
537 159 2 3 25 3 0
538 334 1 3 12 4 0
538 71 0 8 14 5 0
539 127 1 0 71 4 0
539 176 1 9 13 5 0
540 215 1 0 15 4 0
540 969 3 5 77 4 0
541 313 1 1 95 4 0
541 897 0 6 38 3 0
542 907 0 4 83 5 0
542 806 2 5 75 5 0
542 283 3 0 1 3 0
542 10 2 6 52 5 0
543 540 2 8 92 5 0
543 603 3 2 87 5 0
543 499 1 0 59 5 0
544 640 4 2 88 4 0
544 15 1 3 49 3 0
546 178 1 0 68 5 0
547 136 2 6 61 3 0
547 33 0 1 10 3 0
547 762 1 1 63 3 0
548 282 2 0 93 3 0
548 658 0 9 44 4 0
548 526 2 3 27 3 0
549 451 1 6 81 5 0
549 930 3 8 27 4 0
549 103 2 6 14 4 0
549 261 4 8 53 5 0
550 585 0 6 26 4 0
550 528 3 4 57 5 0
550 1049 3 3 50 5 0
551 729 4 7 26 4 0
551 1022 4 2 3 4 0
551 403 1 9 79 5 0
552 1079 0 8 4 4 0
552 166 0 7 38 5 0
552 830 3 1 71 3 0
553 175 0 2 21 4 0
553 309 2 6 92 5 0
553 1114 3 3 93 5 0
554 514 4 2 70 3 0
555 612 4 7 6 4 0
555 35 2 4 73 3 0
556 81 4 4 78 4 0
556 132 0 6 71 5 0
556 669 1 4 10 4 0
557 171 3 5 48 4 0
557 403 2 4 2 4 0
558 510 3 1 55 4 0
558 1126 4 7 49 3 0
558 842 1 6 53 5 0
558 821 3 2 69 4 0
559 816 2 0 32 4 0
559 123 4 6 24 3 0
559 365 2 6 17 4 0
559 712 0 2 67 3 0
559 224 4 9 61 5 0
560 40 0 6 41 4 0
561 406 2 5 16 3 0
561 76 2 7 85 5 0
561 125 2 9 40 3 0
561 197 4 2 67 3 0
562 249 2 8 43 5 0
562 834 2 2 32 4 0
562 1059 4 6 24 4 0
562 151 1 3 74 3 0
563 647 4 7 42 4 0
564 517 1 9 14 3 0
564 436 3 0 18 3 0
564 335 2 7 16 4 0
565 97 2 3 90 3 0
565 1151 3 0 85 4 0
565 1060 1 8 4 4 0
565 33 2 3 27 5 0
565 310 2 6 22 4 0
566 790 1 8 82 3 0
566 797 1 2 41 5 0
566 991 0 1 10 3 0
566 81 2 0 4 4 0
567 73 0 0 66 5 0
567 609 1 0 63 4 0
568 897 1 2 78 3 0
568 1000 1 2 85 4 0
569 962 1 2 75 3 0
569 594 3 8 82 4 0
569 907 1 5 88 5 0
570 618 0 2 82 3 0
570 277 1 6 31 3 0
570 613 0 8 7 3 0
570 837 4 7 59 5 0
571 430 1 2 37 3 0
571 1142 4 1 22 3 0
572 391 0 9 65 4 0
572 620 1 8 27 5 0
573 851 0 6 76 3 0
573 1023 1 4 95 4 0
575 1145 3 0 59 5 0
575 1075 3 7 71 3 0
575 135 2 6 99 3 0
575 784 0 8 4 3 0
576 330 2 9 30 4 0
576 1152 0 1 14 4 0
576 6 3 7 72 3 0
577 43 1 3 48 5 0
577 487 4 1 9 5 0
577 108 1 6 99 4 0
578 57 3 6 63 3 0
578 39 0 2 23 5 0
578 254 1 7 66 5 0
579 862 4 1 95 4 0
579 228 4 2 12 3 0
579 98 4 3 24 5 0
579 593 0 5 38 3 0
580 1114 2 1 89 5 0
582 255 4 2 47 5 0
582 65 4 5 59 4 0
582 266 3 8 5 4 0
583 668 4 0 69 5 0
583 195 4 0 93 5 0
583 834 2 1 29 3 0
583 218 2 9 54 3 0
584 87 4 9 70 5 0
584 912 2 7 25 3 0
585 77 1 6 84 5 0
585 648 2 3 49 5 0
586 320 3 5 59 3 0
586 821 0 8 97 4 0
586 597 0 0 72 4 0
586 303 2 5 72 4 0
587 1085 0 0 89 3 0
587 1031 0 5 37 4 0
587 615 3 0 73 5 0
587 824 0 9 76 3 0
587 669 2 9 9 5 0
587 1051 0 2 6 3 0
587 133 3 1 56 3 0
587 37 0 6 32 4 0
587 1086 4 0 63 5 0
588 626 1 1 38 5 0
588 808 1 9 79 4 0
588 946 1 5 88 5 0
588 379 4 9 20 4 0
589 254 4 5 53 5 0
590 284 3 9 5 3 0
590 34 2 9 9 5 0
590 331 0 0 66 5 0
590 510 4 8 5 4 0
590 115 4 8 24 5 0
591 140 2 1 16 5 0
591 445 0 4 51 5 0
592 401 4 7 30 5 0
592 245 3 4 40 4 0
592 757 1 9 73 3 0
593 411 2 9 23 5 0
594 81 4 7 43 5 0
594 388 0 0 54 3 0
594 909 4 9 12 5 0
595 262 4 9 85 3 0
595 506 4 0 96 3 0
595 1003 2 5 74 5 0
596 668 0 5 76 4 0
597 840 0 6 33 5 0
598 189 0 2 11 3 0
598 428 3 2 44 5 0
598 440 2 4 17 5 0
598 155 2 4 33 4 0
601 53 2 8 94 5 0
601 792 2 1 94 5 0
601 221 2 1 48 5 0
602 531 4 3 98 5 0
602 1108 3 6 1 4 0
603 583 1 9 44 4 0
603 298 4 4 16 4 0
603 835 2 3 71 4 0
604 738 4 7 35 4 0
604 195 4 4 26 3 0
604 550 0 1 67 5 0
605 743 3 7 69 4 0
605 1161 1 8 41 3 0
605 752 3 3 14 3 0
607 575 0 4 67 3 0
607 1163 3 0 42 3 0
608 543 1 0 4 5 0
609 1092 3 5 85 3 0
609 27 3 7 85 5 0
609 296 1 2 81 3 0
609 754 1 3 29 4 0
609 695 1 7 31 5 0
611 935 1 0 57 5 0
611 41 4 1 28 3 0
611 614 4 4 7 4 0
612 714 0 3 47 3 0
612 508 1 9 43 3 0
614 506 3 9 28 5 0
614 667 1 0 68 4 0
614 676 3 1 83 3 0
615 119 4 6 4 4 0
616 914 1 4 3 3 0
616 584 1 3 80 3 0
616 1167 4 9 5 5 0
617 432 3 3 51 5 0
617 1090 0 7 75 5 0
617 69 1 9 67 3 0
617 829 2 0 8 4 0
618 980 3 0 30 4 0
618 1168 3 1 8 3 0
618 871 4 3 70 3 0
619 174 3 5 11 3 0
619 1119 1 7 58 3 0
619 600 2 0 5 3 0
619 74 1 4 17 5 0
620 412 1 5 93 5 0
620 70 1 2 21 3 0
621 1150 0 6 62 5 0
621 580 0 1 29 4 0
623 600 4 9 33 5 0
624 914 3 5 62 3 0
625 964 1 5 43 4 0
625 822 2 2 6 5 0
625 1170 1 9 5 4 0
625 451 0 7 37 4 0
625 289 0 3 49 4 0
625 790 3 3 80 4 0
626 642 1 9 41 5 0
626 999 3 4 22 5 0
626 915 0 7 85 3 0
626 50 4 3 13 3 0
626 70 0 0 13 3 0
628 296 1 4 24 4 0
630 1041 0 8 22 4 0
630 36 0 6 73 4 0
630 743 4 4 91 4 0
631 457 1 8 53 5 0
631 941 0 5 28 3 0
632 837 1 0 11 3 0
632 329 2 1 46 4 0
633 562 0 0 39 3 0
633 1003 1 6 19 3 0
633 514 0 5 42 4 0
634 1042 2 5 28 4 0
635 1180 4 7 13 3 0
635 943 0 3 62 4 0
635 1055 3 8 56 4 0
636 790 0 8 12 3 0
636 1155 1 9 30 5 0
636 861 1 3 11 5 0
637 638 0 2 68 4 0
637 693 1 4 31 5 0
637 682 0 5 66 4 0
639 883 0 4 99 4 0
639 565 1 9 68 4 0
639 1055 3 3 29 4 0
640 1172 0 5 92 3 0
640 147 2 3 60 3 0
640 494 0 7 57 4 0
641 404 1 3 46 3 0
641 1197 4 9 34 4 0
641 576 3 0 56 3 0
642 674 3 8 22 4 0
642 13 3 4 92 3 0
643 671 2 7 15 5 0
644 551 2 6 77 3 0
644 810 4 7 47 5 0
645 469 2 2 84 3 0
645 251 3 4 16 4 0
645 914 0 7 96 5 0
645 226 0 3 91 3 0
645 733 4 3 37 5 0
646 800 1 6 58 5 0
646 638 0 2 13 4 0
647 233 4 0 24 5 0
647 194 0 1 71 5 0
647 386 4 8 92 4 0
647 106 2 6 11 3 0
647 113 0 1 54 5 0
648 216 4 8 59 3 0
648 1057 4 1 58 4 0
649 20 3 1 36 5 0
649 572 2 9 90 5 0
649 551 2 5 95 5 0
649 401 4 5 44 3 0
649 171 1 9 70 5 0
651 447 0 1 58 3 0
651 22 4 1 84 4 0
651 729 1 0 71 4 0
651 485 3 9 55 4 0
652 248 1 3 47 3 0
652 455 2 1 19 4 0
652 237 0 9 93 4 0
652 852 3 5 33 5 0
652 385 2 6 73 5 0
653 1080 0 7 86 3 0
653 908 1 0 32 5 0
653 615 1 6 32 3 0
654 647 2 3 62 3 0
654 964 1 2 36 3 0
654 839 0 0 73 4 0
654 1188 2 3 8 4 0
655 1165 3 6 22 3 0
656 642 2 5 5 5 0
656 268 2 0 49 4 0
657 346 4 5 98 4 0
657 289 0 2 86 3 0
657 1074 0 2 97 3 0
657 341 0 3 51 3 0
658 316 2 1 37 5 0
658 724 3 9 61 3 0
658 937 1 5 98 5 0
658 109 3 4 4 5 0
659 1174 1 6 91 5 0
659 585 1 7 64 5 0
659 610 1 8 82 4 0
660 964 0 0 18 4 0
660 1182 1 4 66 3 0
660 82 4 8 26 3 0
661 676 0 8 62 4 0
661 1148 4 6 28 3 0
662 43 2 7 44 3 0
663 262 2 7 29 4 0
664 453 2 7 55 5 0
664 603 0 1 31 5 0
664 921 2 0 51 4 0
665 864 4 3 76 3 0
665 668 3 4 28 3 0
665 877 3 9 1 5 0
665 347 3 8 87 4 0
665 963 0 4 4 4 0
665 845 4 1 81 3 0
666 138 4 4 7 4 0
666 489 0 1 5 3 0
666 801 4 3 64 3 0
667 424 0 8 8 3 0
667 194 1 4 95 3 0
668 795 0 1 87 5 0
668 706 0 7 13 5 0
668 871 1 3 8 3 0
669 365 3 2 12 5 0
670 1049 3 7 6 5 0
670 1174 0 3 10 3 0
670 61 4 2 13 5 0
670 94 2 6 24 3 0
670 1031 1 7 75 4 0
670 196 0 8 49 3 0
671 797 4 2 41 4 0
671 31 2 2 98 3 0
671 988 2 2 66 4 0
672 144 2 4 81 4 0
672 432 4 7 69 4 0
673 397 4 3 14 3 0
673 494 1 3 39 5 0
673 759 4 9 7 4 0
674 958 4 4 37 3 0
674 560 0 0 95 3 0
674 751 1 1 54 4 0
674 5 4 9 77 4 0
674 570 2 1 14 5 0
674 225 0 1 34 5 0
674 373 0 3 48 3 0
674 327 2 6 23 3 0
676 290 2 8 9 5 0
676 947 1 2 31 5 0
676 803 3 5 57 3 0
676 719 4 6 12 4 0
678 965 1 0 33 4 0
678 470 0 5 56 5 0
678 1012 3 3 95 4 0
678 915 1 1 9 3 0
678 7 3 9 48 4 0
678 830 1 5 4 3 0
679 936 3 9 92 4 0
679 1190 1 7 24 4 0
679 733 4 1 82 3 0
680 583 2 4 13 5 0
680 1078 0 4 60 3 0
680 772 3 0 10 3 0
681 47 4 0 30 3 0
681 559 4 7 42 5 0
681 20 4 8 89 4 0
682 497 0 8 74 5 0
682 755 3 6 4 3 0
682 531 4 1 42 4 0
683 267 2 3 52 3 0
683 461 0 8 82 3 0
683 847 3 8 73 5 0
684 1004 0 5 33 4 0
685 912 1 4 6 4 0
685 377 3 4 80 4 0
685 387 2 5 83 5 0
685 767 1 2 73 4 0
686 482 4 4 42 4 0
686 368 4 3 88 5 0
687 384 4 1 90 3 0
687 1006 0 5 91 3 0
688 263 0 6 92 5 0
688 652 3 6 16 3 0
688 85 0 4 61 3 0
689 455 4 9 57 4 0
690 652 2 7 18 4 0
690 1068 2 5 77 3 0
691 779 1 2 66 4 0
693 642 4 9 5 3 0
694 254 4 0 9 3 0
694 1064 3 2 27 4 0
694 267 2 3 92 4 0
694 1198 3 1 64 3 0
695 504 0 4 68 5 0
696 653 2 4 87 3 0
696 942 3 4 80 4 0
696 1112 0 9 5 3 0
696 86 2 3 44 3 0
697 38 1 7 9 4 0
697 144 1 0 46 4 0
697 451 3 4 67 5 0
698 96 2 5 1 3 0
699 612 3 0 56 5 0
699 51 4 5 39 5 0
699 895 0 6 80 5 0
701 709 2 6 49 5 0
701 1142 1 6 5 4 0
702 458 2 2 77 4 0
702 964 1 3 13 3 0
702 872 1 8 20 4 0
703 724 1 7 26 4 0
704 986 2 6 29 5 0
704 175 2 3 91 4 0
704 316 1 2 95 4 0
705 219 2 9 74 5 0
705 405 0 4 73 5 0
706 1081 4 5 63 3 0
706 275 1 2 97 4 0
706 1188 3 1 95 3 0
706 510 4 2 31 3 0
706 926 4 8 36 3 0
707 94 1 2 95 3 0
707 672 2 5 9 4 0
708 612 4 2 60 4 0
708 875 1 8 6 5 0
708 837 0 0 78 4 0
709 259 1 5 84 4 0
709 297 2 1 57 3 0
709 397 2 9 35 4 0
709 1188 4 1 13 3 0
710 1014 3 6 76 3 0
710 591 2 5 23 5 0
710 378 4 2 96 3 0
710 308 3 4 18 3 0
710 675 2 9 17 3 0
711 931 0 1 33 4 0
711 878 1 0 7 5 0
711 927 3 8 90 4 0
712 211 4 9 61 4 0
712 993 1 5 58 3 0
713 1119 1 8 48 5 0
713 259 4 7 40 5 0
713 441 2 0 40 5 0
714 1143 3 8 90 4 0
715 793 0 9 85 5 0
715 1052 4 5 48 5 0
715 554 2 1 25 5 0
715 205 3 0 60 4 0
717 378 3 8 62 4 0
717 72 0 2 81 4 0
717 189 0 7 51 4 0
718 726 4 1 49 3 0
719 1104 4 4 100 5 0
720 902 4 2 61 3 0
721 244 1 0 28 5 0
721 735 1 7 82 4 0
722 911 3 1 72 5 0
722 873 2 4 30 3 0
723 1016 2 5 98 4 0
723 854 4 4 33 4 0
725 695 2 3 90 5 0
725 282 1 8 9 3 0
725 440 1 4 99 3 0
725 376 3 1 63 5 0
726 313 4 0 16 3 0
727 453 2 6 99 3 0
727 469 1 9 48 5 0
727 959 1 2 80 3 0
728 601 0 1 39 4 0
728 756 0 4 98 3 0
730 194 4 7 9 4 0
730 70 1 3 57 4 0
731 635 0 9 7 3 0
731 233 2 1 48 3 0
732 57 1 2 34 3 0
732 590 1 7 40 5 0
733 439 3 6 36 3 0
733 611 0 5 59 3 0
733 545 3 6 17 3 0
733 1068 0 9 87 5 0
735 173 3 1 59 5 0
735 409 4 1 11 4 0
735 301 2 2 64 3 0
735 794 0 3 77 5 0
735 68 4 0 81 3 0
736 1026 4 5 21 3 0
736 558 4 3 94 3 0
737 1101 2 8 41 5 0
737 385 4 6 37 5 0
737 610 3 5 12 4 0
737 883 0 6 43 4 0
737 210 0 5 89 5 0
739 329 1 6 8 5 0
740 320 0 3 39 5 0
740 1178 0 0 27 5 0
740 499 1 5 59 5 0
740 638 2 1 6 3 0
741 789 1 6 7 5 0
743 271 1 0 99 5 0
743 128 1 1 95 5 0
743 853 2 1 40 4 0
745 419 1 6 58 5 0
745 876 2 7 42 4 0
745 268 0 1 41 3 0
746 369 3 3 59 3 0
746 505 2 6 8 4 0
746 8 3 8 76 5 0
747 93 4 1 11 5 0
749 1045 4 8 59 4 0
750 88 0 2 40 4 0
750 408 1 4 67 3 0
750 321 3 9 85 5 0
751 450 4 6 50 3 0
751 578 0 3 4 4 0
752 158 1 5 53 4 0
752 279 3 5 37 5 0
752 775 2 3 31 5 0
753 956 0 4 35 4 0
753 1057 4 7 49 3 0
754 276 2 4 95 4 0
754 198 3 8 75 3 0
755 454 3 9 50 4 0
756 128 0 5 81 3 0
756 554 4 2 33 5 0
756 353 3 8 32 5 0
757 918 4 1 18 4 0
757 671 4 6 33 4 0
757 676 4 0 59 3 0
757 261 4 8 77 3 0
758 316 3 6 86 5 0
758 1015 2 6 12 3 0
758 528 4 2 85 5 0
758 591 1 6 73 4 0
758 281 2 8 46 3 0
759 875 2 1 78 5 0
760 7 3 3 77 5 0
762 771 2 6 61 3 0
762 1007 1 2 79 3 0
763 961 3 6 95 4 0
763 261 0 7 92 5 0
765 486 4 2 88 5 0
766 1006 1 1 6 4 0
766 263 1 7 1 3 0
766 41 0 0 36 4 0
766 260 3 9 64 5 0
766 549 0 5 30 3 0
767 225 1 5 9 4 0
767 347 4 7 62 4 0
767 1018 2 5 26 3 0
768 646 4 3 37 5 0
768 838 3 7 77 4 0
768 210 3 7 100 5 0
768 1161 4 3 8 3 0
769 1102 4 3 14 4 0
769 1175 3 1 97 5 0
769 441 0 2 4 3 0
770 677 1 5 74 5 0
770 583 0 6 62 4 0
770 981 2 1 89 5 0
771 1150 2 5 8 3 0
771 510 4 2 63 4 0
771 73 3 7 65 3 0
771 612 2 7 7 3 0
771 434 3 8 82 3 0
771 533 2 1 21 3 0
771 644 1 7 43 5 0
771 1105 4 9 73 5 0
771 488 0 2 66 5 0
772 429 4 9 86 3 0
772 44 0 5 4 3 0
772 225 2 0 24 3 0
772 790 4 4 39 3 0
772 1059 2 8 74 3 0
773 583 4 6 9 3 0
773 260 3 4 32 5 0
774 661 0 7 2 5 0
775 905 2 2 25 3 0
775 681 4 9 96 5 0
776 982 4 7 28 5 0
777 909 1 8 55 4 0
777 860 1 0 5 4 0
777 370 2 0 50 5 0
777 468 2 9 83 5 0
777 759 2 2 41 4 0
778 316 3 4 90 4 0
778 216 4 4 48 3 0
779 893 3 1 45 4 0
779 480 1 8 19 3 0
780 979 4 2 25 5 0
780 591 0 9 4 3 0
781 291 0 0 25 4 0
782 437 1 9 90 5 0
782 1095 2 7 63 3 0
782 341 3 7 75 4 0
783 71 1 8 91 5 0
783 990 0 1 10 5 0
784 380 1 7 81 5 0
784 402 1 3 22 5 0
785 595 1 1 75 5 0
786 617 3 5 31 3 0
786 495 4 5 20 4 0
788 374 3 9 90 3 0
788 934 1 6 48 3 0
789 463 0 0 86 5 0
789 1028 2 3 86 5 0
789 939 0 1 72 4 0
789 570 1 0 76 5 0
789 389 2 2 34 3 0
790 445 3 0 54 5 0
790 540 2 9 79 3 0
791 308 4 2 32 5 0
791 428 0 6 56 5 0
791 738 0 4 20 5 0
792 971 0 3 33 4 0
792 915 0 5 14 4 0
792 152 2 7 30 3 0
793 219 4 0 54 5 0
793 95 4 8 48 4 0
794 1158 1 9 68 4 0
794 570 1 7 60 4 0
794 168 1 6 49 3 0
794 607 0 8 21 3 0
795 809 3 2 48 5 0
796 464 1 8 17 3 0
796 109 3 5 70 3 0
796 451 0 9 17 5 0
797 608 4 5 85 4 0
797 335 2 3 36 3 0
797 1107 0 9 75 4 0
797 240 4 3 1 3 0
797 539 2 1 23 4 0
798 163 4 8 47 4 0
798 350 3 8 4 3 0
799 65 2 1 51 4 0
799 230 1 3 87 5 0
800 476 0 2 89 3 0
800 1094 3 4 89 5 0
800 412 3 4 51 3 0
800 922 2 0 50 5 0
800 496 4 7 39 3 0
800 972 1 2 84 3 0
800 217 0 8 44 4 0
801 526 0 3 27 3 0
802 407 0 9 41 5 0
803 526 4 2 84 3 0
804 628 0 8 88 5 0
804 246 4 5 67 5 0
805 629 4 8 41 3 0
805 654 0 2 70 4 0
805 945 2 2 35 5 0
806 385 3 0 6 3 0
806 756 2 8 90 5 0
806 1198 1 4 53 5 0
807 752 3 1 70 4 0
807 1133 3 5 14 4 0
807 891 0 5 35 4 0
807 421 0 6 48 4 0
807 547 0 5 13 4 0
808 966 4 4 62 5 0
808 1138 0 6 31 3 0
809 583 1 6 13 4 0
809 331 4 5 12 4 0
809 159 2 1 93 4 0
809 588 0 8 42 4 0
810 1039 0 2 87 3 0
810 521 4 6 35 5 0
811 121 4 1 100 3 0
811 852 4 6 31 3 0
811 870 4 9 44 5 0
811 320 4 5 25 4 0
812 493 0 8 70 5 0
812 409 3 1 53 4 0
812 497 2 2 45 4 0
812 906 4 7 3 3 0
813 880 0 1 95 4 0
814 1084 3 4 11 5 0
814 715 2 7 25 4 0
814 39 1 7 29 5 0
814 893 4 5 23 3 0
814 519 2 4 86 4 0
814 200 2 7 97 3 0
815 329 0 0 8 5 0
817 235 0 7 22 5 0
817 102 0 8 10 5 0
817 1047 3 6 26 4 0
818 830 3 6 6 3 0
818 877 3 3 7 3 0
819 784 4 9 56 3 0
819 950 0 5 22 4 0
820 643 1 5 26 4 0
821 1106 4 0 1 5 0
821 609 2 9 28 3 0
821 642 0 0 61 5 0
822 826 1 2 62 5 0
822 325 0 1 32 4 0
823 463 1 1 56 3 0
823 722 1 7 52 4 0
824 320 1 3 75 3 0
824 1136 3 2 94 4 0
825 850 1 8 10 3 0
825 115 1 0 32 3 0
826 222 2 8 92 5 0
827 133 2 7 68 4 0
828 981 1 2 95 4 0
828 297 0 3 63 4 0
828 952 1 6 95 5 0
829 652 4 7 29 3 0
829 741 3 1 37 3 0
829 768 2 9 45 4 0
829 704 4 3 36 4 0
830 476 4 7 28 3 0
830 766 3 6 52 4 0
830 819 3 1 56 4 0
831 1158 3 2 87 5 0
832 654 2 5 77 4 0
833 775 0 4 47 4 0
833 480 1 4 71 3 0
834 433 0 4 35 4 0
834 739 3 3 60 4 0
834 82 4 9 95 5 0
834 907 2 1 67 3 0
835 825 1 6 23 4 0
835 41 4 8 67 3 0
835 512 4 1 82 5 0
836 832 1 6 95 5 0
836 1028 2 1 72 5 0
836 112 0 3 51 4 0
836 1115 1 2 52 3 0
836 267 2 2 30 5 0
837 471 0 5 13 3 0
837 296 3 5 91 3 0
837 75 1 4 67 3 0
837 466 1 8 26 4 0
839 307 1 9 93 4 0
839 1049 0 4 73 5 0
839 588 1 1 71 4 0
840 163 2 2 96 5 0
841 76 4 9 96 5 0
841 279 2 7 17 4 0
841 822 0 0 54 3 0
842 307 1 9 87 5 0
842 25 3 7 84 3 0
842 331 3 3 77 4 0
842 1161 3 2 7 3 0
845 13 2 5 64 4 0
846 771 2 4 30 5 0
848 484 3 2 71 4 0
849 418 4 9 50 3 0
849 263 4 5 90 5 0
850 307 4 0 61 5 0
850 511 2 9 84 3 0
852 279 2 9 66 3 0
852 676 0 0 88 4 0
852 101 1 7 25 4 0
853 619 2 4 71 3 0
853 586 1 0 6 4 0
854 1021 1 9 18 4 0
854 15 1 3 85 4 0
854 161 0 5 32 5 0
855 834 0 9 41 4 0
855 155 4 6 76 5 0
856 322 0 7 44 3 0
856 1049 2 7 22 3 0
857 1100 1 6 28 3 0
857 946 0 1 30 5 0
857 409 3 4 17 4 0
857 442 1 2 100 4 0
858 173 1 0 32 3 0
858 1153 4 5 26 3 0
858 856 3 8 54 3 0
858 131 3 5 53 3 0
858 1117 4 7 8 5 0
859 772 3 0 15 3 0
860 949 2 8 99 3 0
861 464 0 0 69 3 0
862 743 0 8 90 3 0
862 904 0 3 62 4 0
863 731 2 2 64 3 0
863 1012 3 9 26 5 0
864 973 4 3 27 3 0
864 344 3 6 55 3 0
864 282 0 0 20 4 0
865 699 1 4 10 4 0
865 815 1 7 49 3 0
865 537 0 0 61 5 0
865 145 4 7 1 4 0
866 263 4 0 78 4 0
867 85 3 1 22 4 0
867 1130 3 7 67 5 0
867 954 0 3 48 3 0
868 108 4 2 61 5 0
868 1105 3 6 8 3 0
868 773 0 9 96 4 0
869 999 4 0 15 3 0
869 108 4 2 36 5 0
869 311 1 8 88 3 0
870 41 3 7 95 3 0
870 796 1 3 48 5 0
870 497 3 0 86 4 0
870 412 1 4 23 3 0
870 55 3 3 13 3 0
870 400 3 6 98 5 0
871 7 0 4 89 4 0
872 643 4 7 85 5 0
872 990 2 4 37 3 0
874 118 3 5 57 3 0
874 258 3 3 14 4 0
874 372 2 9 93 4 0
874 90 0 0 98 5 0
875 958 3 8 40 3 0
875 437 0 0 63 3 0
876 355 3 1 41 4 0
876 1005 3 5 2 3 0
877 563 0 2 87 3 0
877 38 0 3 36 4 0
877 180 2 2 17 5 0
878 453 3 7 34 5 0
878 941 1 0 72 4 0
878 748 2 0 50 5 0
879 13 1 9 7 5 0
880 338 3 1 29 3 0
880 1189 4 5 62 4 0
880 691 1 3 6 4 0
881 818 4 6 67 3 0
881 108 2 7 23 5 0
882 748 4 7 90 4 0
882 548 2 8 47 5 0
883 972 0 0 79 5 0
883 736 2 2 56 3 0
884 586 2 2 29 3 0
884 729 3 5 91 4 0
884 212 3 4 7 5 0
885 189 2 6 83 4 0
885 1019 1 1 56 3 0
886 735 1 4 14 3 0
886 1179 0 1 74 4 0
887 922 2 3 62 4 0
887 548 3 4 37 4 0
887 915 3 1 27 4 0
888 1114 0 1 19 3 0
888 94 3 7 15 3 0
888 825 1 2 59 3 0
889 269 0 0 85 4 0
891 999 2 5 15 5 0
891 357 3 6 55 5 0
891 1062 2 4 10 4 0
891 527 0 4 79 4 0
892 884 2 8 34 3 0
892 356 0 1 61 5 0
892 831 1 0 18 5 0
892 526 0 7 72 3 0
893 25 1 5 20 3 0
893 418 1 2 33 5 0
893 1143 3 8 61 3 0
893 775 4 8 82 3 0
894 876 3 5 16 3 0
894 907 1 6 3 3 0
894 267 3 7 24 3 0
894 312 4 2 83 5 0
895 297 1 3 25 4 0
895 1157 4 1 84 5 0
896 319 1 1 51 4 0
896 584 2 8 95 3 0
897 203 0 8 64 4 0
897 127 3 2 32 4 0
898 1042 4 2 13 5 0
898 143 4 3 65 5 0
898 898 0 8 24 3 0
898 637 0 2 24 5 0
898 695 2 1 48 5 0
899 1018 1 5 58 4 0
899 736 2 4 78 4 0
899 31 2 5 42 4 0
899 810 1 1 66 5 0
900 595 0 4 73 4 0
901 340 4 7 88 5 0
901 393 0 9 94 3 0
902 193 4 0 60 3 0
902 920 4 6 42 3 0
902 251 3 5 23 5 0
902 943 2 5 52 5 0
903 817 0 0 90 5 0
903 1123 3 5 68 5 0
903 440 3 6 25 5 0
904 722 0 8 54 4 0
904 615 3 6 33 3 0
904 543 0 1 98 5 0
905 1011 1 5 79 4 0
905 909 2 1 92 4 0
905 904 4 9 49 4 0
906 1185 3 5 35 4 0
906 1052 2 2 93 5 0
906 595 3 5 63 4 0
906 705 3 2 70 5 0
907 624 2 7 50 5 0
907 573 3 5 10 3 0
908 515 3 4 44 5 0
909 873 2 3 61 4 0
909 1125 1 1 66 3 0
909 57 0 1 86 3 0
910 1158 1 4 82 3 0
910 13 2 2 72 3 0
910 817 2 1 86 5 0
911 643 4 5 78 5 0
911 277 2 5 45 5 0
911 142 4 9 76 5 0
912 673 1 4 72 5 0
913 579 4 6 25 5 0
914 147 4 1 68 3 0
914 479 0 3 26 4 0
915 926 2 9 13 5 0
916 34 1 6 86 3 0
916 404 1 5 45 4 0
916 1046 4 1 46 4 0
916 1135 2 8 40 5 0
917 751 0 9 89 5 0
917 1146 2 1 34 4 0
917 230 4 7 5 3 0
917 872 2 8 70 5 0
917 671 0 8 3 5 0
918 827 1 5 2 3 0
918 556 4 0 22 3 0
918 299 0 2 67 3 0
919 213 3 2 24 4 0
919 534 4 7 75 4 0
920 1098 1 9 27 3 0
920 966 0 6 91 5 0
920 764 1 3 59 3 0
921 119 0 8 54 4 0
921 731 3 7 3 4 0
922 542 1 1 50 3 0
922 757 3 5 96 5 0
922 938 1 6 3 4 0
922 963 1 8 49 5 0
924 992 1 7 77 5 0
924 510 1 9 89 3 0
925 839 3 4 11 4 0
925 230 2 8 81 4 0
928 1126 1 5 50 5 0
928 1053 3 0 11 5 0
929 522 4 4 97 3 0
930 418 4 8 92 4 0
930 1180 1 8 6 4 0
930 214 0 3 63 4 0
931 1090 0 5 78 3 0
931 850 4 3 48 3 0
931 1041 3 4 67 5 0
932 28 1 8 5 3 0
932 610 3 1 66 5 0
932 515 0 2 55 5 0
932 316 4 9 82 3 0
932 876 4 5 66 3 0
932 231 0 6 85 3 0
933 581 2 6 89 3 0
933 480 2 5 14 5 0
935 394 3 2 99 5 0
936 967 1 4 37 4 0
936 1074 0 0 32 4 0
936 1130 1 8 99 5 0
936 431 1 1 35 3 0
936 946 0 2 91 4 0
937 531 1 5 100 4 0
937 557 1 5 68 3 0
938 26 4 1 58 3 0
938 876 0 1 79 3 0
938 947 1 6 95 4 0
938 1125 3 3 56 4 0
939 497 3 2 80 4 0
940 1049 0 0 20 5 0
940 1193 2 0 30 4 0
940 679 3 2 58 3 0
941 983 3 4 44 4 0
941 139 2 6 67 5 0
941 525 0 3 70 3 0
941 1158 1 5 19 3 0
941 1123 4 9 11 3 0
942 357 3 4 3 4 0
942 482 0 2 16 3 0
942 109 3 7 84 4 0
943 999 4 7 57 5 0
945 417 1 9 44 3 0
945 1151 0 0 18 4 0
946 953 4 1 83 3 0
947 203 0 4 66 5 0
947 201 2 5 47 4 0
947 190 2 5 40 4 0
949 233 3 4 13 4 0
949 898 2 1 86 3 0
949 376 4 9 60 4 0
949 652 2 5 43 5 0
949 997 3 1 97 4 0
950 366 3 5 55 3 0
950 958 0 5 73 5 0
950 94 3 9 61 5 0
951 844 2 8 38 5 0
951 101 0 2 93 3 0
952 249 3 4 32 3 0
952 912 0 9 43 5 0
952 811 4 4 31 3 0
952 1130 2 1 35 5 0
952 854 0 3 55 5 0
953 172 0 9 25 5 0
953 169 2 7 46 4 0
953 221 1 3 77 5 0
954 1116 2 3 89 3 0
954 210 0 6 28 3 0
954 948 1 6 62 4 0
954 524 1 1 17 3 0
954 326 3 3 86 3 0
954 657 3 8 21 4 0
954 601 1 5 47 4 0
955 473 2 4 71 5 0
955 506 0 3 69 4 0
955 458 1 9 66 3 0
956 822 1 6 75 5 0
956 629 3 5 73 3 0
956 1147 2 7 30 3 0
956 115 2 3 66 5 0
957 400 3 4 23 4 0
957 583 3 4 65 3 0
957 960 1 1 100 4 0
959 832 2 6 55 5 0
959 263 0 1 1 5 0
959 524 1 0 44 3 0
959 20 4 5 8 5 0
959 164 3 3 40 5 0
959 747 3 0 79 4 0
960 741 3 8 65 5 0
960 683 1 3 75 4 0
960 198 0 2 28 3 0
961 709 0 9 34 4 0
961 857 2 8 66 3 0
962 1164 0 3 61 4 0
962 1149 4 2 40 5 0
962 543 4 5 83 3 0
962 99 3 8 4 3 0
962 1065 2 7 53 5 0
962 6 4 0 61 5 0
962 482 3 9 85 5 0
962 2 3 5 94 4 0
963 541 2 0 97 3 0
963 883 3 0 62 5 0
964 593 1 8 87 3 0
964 710 2 9 41 5 0
964 801 3 3 84 5 0
964 984 3 7 5 5 0
965 1073 3 1 96 3 0
965 1034 4 8 18 5 0
965 146 4 4 100 4 0
965 336 0 7 67 3 0
965 391 4 6 71 4 0
965 654 0 1 69 3 0
965 967 0 5 78 3 0
965 276 2 6 69 4 0
966 288 2 9 57 3 0
966 814 0 7 2 3 0
968 65 3 7 96 4 0
968 802 4 2 66 5 0
969 612 0 4 92 5 0
969 154 2 0 28 4 0
969 487 1 0 25 4 0
969 510 1 4 80 3 0
969 694 1 0 59 5 0
970 743 3 1 90 4 0
971 142 2 3 64 4 0
971 797 0 8 14 5 0
971 335 1 9 10 5 0
971 886 4 0 22 3 0
972 41 2 6 39 3 0
973 604 3 3 72 4 0
974 158 0 5 37 5 0
975 610 4 6 66 4 0
975 292 2 1 3 3 0
975 698 1 8 21 5 0
976 233 3 7 7 5 0
976 792 3 6 78 5 0
977 381 1 1 13 5 0
977 274 2 2 2 3 0
977 292 3 3 18 5 0
977 893 0 9 42 4 0
978 158 1 4 8 3 0
978 768 4 0 59 3 0
979 926 3 0 77 3 0
979 96 3 3 49 3 0
980 259 2 2 74 3 0
980 1182 2 2 90 3 0
980 329 0 8 75 3 0
981 93 1 1 62 4 0
981 187 3 6 51 4 0
982 308 2 9 40 5 0
983 690 1 2 19 3 0
983 687 1 0 45 4 0
983 955 0 8 6 5 0
984 1175 1 0 69 3 0
984 98 1 0 7 4 0
985 645 4 0 40 5 0
985 879 2 1 10 4 0
987 876 3 0 79 3 0
987 415 1 6 2 3 0
987 1101 0 0 77 4 0
987 501 3 6 15 5 0
987 246 2 0 56 4 0
987 359 1 4 49 3 0
989 643 1 6 34 4 0
990 1145 2 4 80 4 0
991 794 0 1 66 3 0
991 1039 4 4 59 5 0
992 178 3 3 6 4 0
992 878 3 9 14 4 0
992 1189 3 9 10 4 0
992 1033 4 6 93 3 0
992 215 1 8 24 3 0
993 946 3 4 37 3 0
993 583 3 5 82 5 0
993 92 2 8 82 4 0
993 953 1 5 69 3 0
993 360 1 7 43 3 0
993 449 2 5 1 5 0
994 1050 0 7 91 4 0
994 364 0 4 65 3 0
994 1078 3 2 61 3 0
994 30 3 7 13 4 0
995 799 1 9 18 5 0
995 478 1 4 43 4 0
995 737 1 6 71 3 0
995 503 3 5 21 3 0
996 656 0 8 72 5 0
997 45 3 0 29 5 0
997 1108 0 0 82 3 0
997 1046 3 3 80 3 0
997 203 3 2 96 4 0
998 956 1 8 38 4 0
998 600 2 9 84 5 0
999 976 0 1 54 5 0
999 1043 4 1 80 3 0
999 1052 1 9 85 4 0
1000 439 3 3 95 3 0
1000 829 0 2 73 3 0
1000 898 4 2 68 3 0
1000 1172 3 6 92 3 0
1000 703 2 8 24 4 0
1001 265 1 6 56 4 0
1002 1128 4 1 43 3 0
1002 311 3 6 99 3 0
1002 470 4 6 100 5 0
1002 904 0 5 33 5 0
1002 624 4 9 41 3 0
1003 763 2 2 58 5 0
1004 187 2 9 96 5 0
1004 1152 4 8 45 5 0
1005 166 3 7 25 3 0
1007 1156 2 7 28 5 0
1007 683 1 3 77 5 0
1007 896 1 8 2 4 0
1007 975 2 5 64 3 0
1008 619 1 3 47 4 0
1008 1161 4 2 96 5 0
1009 490 2 7 45 4 0
1009 676 2 0 92 4 0
1009 1074 2 1 10 5 0
1010 452 1 1 72 4 0
1011 41 1 0 55 3 0
1011 960 4 5 7 3 0
1012 775 1 3 41 5 0
1013 1180 4 8 55 3 0
1015 948 0 6 32 5 0
1015 1194 1 3 27 5 0
1016 414 1 2 18 5 0
1016 222 0 2 94 3 0
1016 660 0 5 93 4 0
1016 845 4 4 2 4 0
1016 406 1 2 87 3 0
1017 919 0 7 37 5 0
1017 330 3 7 21 4 0
1017 323 2 5 18 5 0
1018 667 3 0 66 3 0
1018 809 1 7 24 4 0
1018 653 3 3 34 5 0
1018 840 4 0 18 4 0
1018 530 1 2 20 5 0
1020 167 1 9 99 3 0
1021 680 2 6 37 3 0
1021 116 1 8 20 3 0
1021 838 3 8 30 4 0
1021 920 3 0 95 5 0
1021 620 3 3 56 3 0
1022 365 4 1 2 4 0
1022 941 0 9 72 5 0
1022 68 0 1 39 5 0
1023 569 0 1 52 3 0
1023 802 3 8 35 4 0
1023 1083 0 6 83 4 0
1023 223 2 1 45 3 0
1024 759 4 9 29 3 0
1024 227 0 9 21 3 0
1024 1070 0 3 36 4 0
1026 1133 0 4 89 3 0
1026 233 2 5 19 3 0
1027 652 4 2 40 4 0
1027 537 3 4 84 3 0
1028 753 4 2 57 5 0
1028 10 0 6 86 5 0
1029 802 4 3 50 5 0
1029 679 2 0 76 3 0
1029 1101 2 8 96 3 0
1030 243 0 2 24 5 0
1030 278 1 1 99 5 0
1030 729 3 4 54 5 0
1031 1088 1 6 91 4 0
1032 708 1 0 90 3 0
1032 1071 2 9 91 5 0
1032 288 0 0 79 5 0
1033 502 3 1 55 4 0
1034 939 3 3 86 4 0
1034 363 3 9 49 4 0
1034 1130 0 2 89 4 0
1034 315 4 3 22 4 0
1035 816 3 2 5 5 0
1035 320 2 3 97 4 0
1035 755 0 6 59 3 0
1035 604 3 5 53 4 0
1036 296 2 3 21 3 0
1037 157 2 6 15 4 0
1037 1098 0 9 88 5 0
1038 387 4 6 17 4 0
1038 159 0 0 20 3 0
1039 118 1 7 8 3 0
1040 742 4 2 30 4 0
1041 1171 1 4 68 5 0
1041 747 0 7 41 5 0
1041 469 2 2 73 4 0
1044 742 1 8 60 4 0
1044 124 2 8 28 3 0
1045 648 0 2 73 3 0
1045 489 0 9 76 5 0
1045 440 2 8 67 3 0
1046 19 0 5 70 4 0
1046 1110 3 8 76 3 0
1046 822 3 8 82 3 0
1046 329 0 0 55 5 0
1046 506 4 5 10 5 0
1047 269 1 6 98 5 0
1048 283 3 8 52 5 0
1048 1030 1 5 63 5 0
1049 959 2 0 79 4 0
1049 732 0 5 81 5 0
1049 936 2 8 69 5 0
1049 97 4 3 48 5 0
1049 172 3 3 30 3 0
1050 918 1 7 24 5 0
1050 802 3 7 63 5 0
1051 523 3 6 20 3 0
1052 1146 0 9 92 4 0
1053 456 1 4 3 4 0
1053 770 3 3 63 3 0
1053 579 2 7 47 5 0
1053 563 1 6 77 5 0
1053 1024 1 5 49 5 0
1053 1161 0 1 49 4 0
1054 975 3 7 31 5 0
1055 800 2 7 69 4 0
1055 884 2 2 57 5 0
1055 525 4 8 79 3 0
1055 253 4 7 96 5 0
1055 409 2 3 44 3 0
1056 849 0 6 49 5 0
1056 1106 1 5 9 5 0
1056 114 2 5 54 3 0
1056 181 4 6 52 3 0
1056 223 3 4 16 4 0
1056 119 1 5 45 3 0
1057 353 0 7 63 5 0
1058 9 2 9 64 3 0
1058 676 1 2 4 5 0
1059 894 4 3 61 5 0
1060 628 0 5 100 4 0
1061 488 2 6 71 5 0
1062 149 3 1 65 4 0
1062 656 4 2 93 3 0
1063 1010 2 1 1 3 0
1063 606 1 2 19 5 0
1064 841 1 3 4 4 0
1065 105 2 7 77 5 0
1065 1057 0 9 82 5 0
1065 137 1 4 30 4 0
1065 538 3 9 70 5 0
1065 921 2 6 27 5 0
1066 879 0 5 37 4 0
1069 26 2 7 84 5 0
1070 486 0 8 73 3 0
1070 482 2 2 35 5 0
1070 197 0 1 45 3 0
1070 919 4 6 39 3 0
1071 787 1 4 13 4 0
1071 998 4 1 74 4 0
1071 1062 3 9 1 3 0
1072 645 4 6 16 3 0
1072 1051 0 5 79 5 0
1072 882 2 3 94 4 0
1072 298 4 9 70 4 0
1072 147 0 9 76 3 0
1072 1043 0 5 84 5 0
1072 420 1 6 93 4 0
1073 258 1 6 5 5 0
1073 986 0 0 10 5 0
1074 373 4 2 47 3 0
1075 85 2 6 75 3 0
1075 44 0 1 42 3 0
1075 1078 1 9 26 5 0
1075 836 3 1 56 4 0
1076 190 0 1 82 5 0
1077 540 3 0 88 5 0
1077 877 0 3 73 4 0
1078 916 3 9 98 3 0
1079 468 0 5 32 3 0
1079 376 0 5 96 4 0
1080 660 2 5 83 3 0
1080 619 3 5 67 4 0
1081 677 0 9 76 4 0
1082 790 3 1 26 5 0
1082 1116 4 5 19 4 0
1082 76 3 8 19 5 0
1083 581 1 7 84 3 0
1084 69 2 6 18 3 0
1085 416 2 5 80 4 0
1085 249 1 2 78 3 0
1085 19 1 2 87 4 0
1085 88 2 6 7 5 0
1086 1192 3 2 24 4 0
1086 707 4 6 98 5 0
1087 368 2 6 45 3 0
1087 1076 1 3 35 5 0
1087 1044 0 9 57 5 0
1087 739 1 5 34 3 0
1088 101 0 4 35 3 0
1088 362 4 5 3 4 0
1089 271 2 2 27 4 0
1089 998 0 8 21 5 0
1089 127 4 7 22 3 0
1091 639 3 9 82 5 0
1091 885 0 7 60 3 0
1091 1068 2 7 39 3 0
1092 1118 3 8 62 4 0
1093 457 4 2 86 3 0
1093 22 4 3 94 3 0
1093 1178 2 0 24 3 0
1093 160 2 2 78 3 0
1094 688 0 6 96 4 0
1096 98 4 1 50 5 0
1097 259 3 6 35 4 0
1098 378 2 0 63 5 0
1098 350 1 6 51 4 0
1098 71 3 6 74 4 0
1100 71 3 5 27 3 0
1100 851 3 7 57 3 0
1101 547 4 0 72 5 0
1101 1199 2 9 89 4 0
1101 1061 4 9 4 5 0
1101 946 4 2 64 5 0
1101 265 1 4 98 4 0
1101 165 4 6 47 3 0
1102 821 3 4 23 3 0
1103 73 4 6 15 5 0
1104 917 2 9 41 4 0
1105 1062 0 8 22 4 0
1106 1143 0 8 74 3 0
1106 237 2 4 91 5 0
1106 210 3 7 59 4 0
1106 1098 3 6 84 3 0
1106 741 3 7 82 5 0
1107 18 2 2 66 4 0
1107 260 1 2 15 4 0
1108 940 1 5 5 5 0
1108 676 1 4 1 3 0
1109 261 3 8 100 4 0
1109 172 1 0 1 3 0
1109 1078 0 9 36 5 0
1110 168 3 1 51 3 0
1110 804 0 2 47 4 0
1111 79 2 7 34 4 0
1111 369 0 1 37 3 0
1111 794 3 0 67 4 0
1111 948 2 7 1 5 0
1113 1049 2 5 96 4 0
1114 966 3 2 27 3 0
1114 4 0 3 100 4 0
1115 215 4 1 34 4 0
1115 587 2 5 79 4 0
1115 1164 1 6 63 4 0
1115 500 4 7 68 5 0
1115 68 2 5 7 4 0
1116 375 4 2 84 4 0
1116 869 1 4 71 5 0
1116 94 2 8 84 3 0
1117 311 1 5 10 5 0
1117 777 4 7 84 5 0
1118 1085 0 1 15 5 0
1119 1123 4 7 99 5 0
1119 1088 1 5 98 5 0
1121 341 2 0 96 3 0
1121 562 3 4 66 3 0
1121 488 2 9 28 4 0
1122 620 0 7 30 5 0
1122 1128 0 9 43 4 0
1123 895 1 9 6 3 0
1124 693 3 4 42 5 0
1124 173 4 6 96 3 0
1124 1072 3 0 64 5 0
1124 448 1 1 80 3 0
1125 829 0 7 83 3 0
1125 769 0 2 13 3 0
1125 1015 2 0 84 4 0
1126 1181 3 7 25 5 0
1126 344 2 2 67 3 0
1126 1024 4 3 60 4 0
1127 149 1 9 6 3 0
1127 1051 3 7 35 5 0
1127 545 3 7 80 3 0
1127 61 4 7 12 4 0
1127 772 2 9 27 4 0
1128 847 2 1 32 3 0
1128 482 2 7 98 3 0
1128 504 2 1 33 4 0
1129 44 3 7 44 3 0
1129 442 1 1 34 3 0
1129 143 1 5 13 5 0
1130 261 3 7 69 5 0
1130 502 4 3 46 5 0
1130 163 0 9 79 5 0
1131 135 0 6 6 5 0
1131 114 0 5 6 4 0
1131 922 0 5 79 3 0
1131 759 4 4 54 5 0
1131 306 0 9 80 4 0
1131 270 1 9 43 4 0
1132 731 1 7 75 3 0
1132 589 2 9 79 4 0
1134 557 3 3 6 4 0
1134 955 4 7 4 4 0
1135 823 0 7 18 3 0
1135 1078 0 5 100 5 0
1135 51 4 8 24 5 0
1136 987 3 0 72 5 0
1136 876 1 8 35 5 0
1136 1058 4 2 35 4 0
1137 995 3 0 6 4 0
1137 196 4 4 44 3 0
1137 570 3 4 54 4 0
1138 445 3 4 71 3 0
1138 400 2 4 21 5 0
1138 88 1 3 49 3 0
1138 333 2 3 100 4 0
1138 1120 4 3 97 4 0
1140 314 2 4 38 5 0
1140 848 4 7 95 3 0
1140 451 3 6 1 5 0
1140 467 1 5 68 4 0
1141 936 1 1 8 4 0
1143 1088 1 1 37 3 0
1143 327 1 9 51 3 0
1143 336 4 4 81 5 0
1144 311 4 9 90 5 0
1145 738 2 0 10 3 0
1147 1127 1 4 89 3 0
1147 516 3 5 9 4 0
1147 857 0 8 26 4 0
1148 1170 3 4 46 5 0
1149 1095 3 5 91 5 0
1149 518 1 9 65 3 0
1150 271 2 1 48 5 0
1150 180 0 3 5 5 0
1150 79 2 0 9 3 0
1150 1083 3 8 2 3 0
1151 431 3 2 23 4 0
1151 303 0 3 73 3 0
1151 423 0 2 40 5 0
1151 369 4 7 98 4 0
1151 566 1 3 66 5 0
1151 523 2 1 47 3 0
1151 876 3 2 60 3 0
1151 227 0 0 21 3 0
1152 660 1 8 92 3 0
1152 1052 1 8 40 5 0
1152 965 3 1 3 5 0
1153 196 0 2 97 4 0
1153 907 2 3 98 3 0
1153 152 4 0 68 3 0
1153 330 1 5 81 4 0
1155 986 4 4 5 3 0
1155 135 1 4 84 3 0
1155 853 0 4 98 3 0
1155 266 1 4 63 3 0
1156 725 4 8 75 4 0
1156 496 4 9 89 3 0
1157 892 0 6 42 5 0
1157 415 2 6 80 5 0
1157 1198 1 4 94 4 0
1158 1162 2 3 69 3 0
1158 306 1 1 64 4 0
1158 959 1 0 86 5 0
1158 763 0 3 94 4 0
1159 52 2 8 16 4 0
1159 1182 3 1 72 3 0
1160 603 4 2 87 3 0
1160 596 2 7 79 4 0
1161 298 1 1 66 3 0
1162 308 4 6 92 5 0
1163 373 3 4 71 5 0
1163 555 1 7 55 5 0
1163 518 0 3 83 5 0
1163 192 2 9 76 5 0
1164 602 0 7 5 5 0
1165 727 3 6 50 3 0
1166 548 0 8 71 5 0
1167 534 0 3 52 3 0
1168 754 4 7 29 5 0
1168 819 2 3 24 3 0
1169 957 3 1 57 5 0
1169 909 4 3 99 4 0
1169 1121 1 8 39 4 0
1169 787 3 8 99 3 0
1169 1119 0 3 39 5 0
1169 221 3 5 50 5 0
1170 612 0 7 24 3 0
1170 1181 1 5 97 5 0
1170 859 2 1 87 5 0
1171 391 2 6 8 5 0
1171 949 0 5 72 5 0
1171 638 1 3 11 4 0
1172 342 0 9 72 5 0
1172 611 2 1 14 5 0
1173 955 0 9 87 4 0
1173 429 3 0 45 4 0
1173 963 2 9 2 3 0
1173 287 3 9 11 5 0
1174 898 2 3 99 5 0
1174 698 3 4 53 5 0
1175 368 4 0 81 4 0
1175 703 2 9 92 3 0
1175 746 4 6 31 5 0
1175 135 3 0 73 5 0
1176 234 1 3 14 5 0
1177 1098 2 7 59 5 0
1177 757 3 5 54 4 0
1177 27 0 8 15 5 0
1179 9 0 7 71 3 0
1180 614 2 2 15 3 0
1180 931 3 2 74 3 0
1180 250 2 7 22 4 0
1180 371 1 7 28 4 0
1181 1131 4 5 97 5 0
1181 824 3 0 10 5 0
1181 240 1 8 7 5 0
1181 136 1 3 3 4 0
1181 537 2 0 9 4 0
1182 1109 1 9 3 5 0
1182 667 0 5 51 4 0
1182 975 4 0 23 5 0
1182 627 3 4 98 5 0
1184 114 4 8 64 5 0
1185 450 2 8 90 4 0
1185 578 4 0 46 5 0
1185 556 3 6 30 5 0
1185 678 0 3 29 5 0
1186 739 4 9 99 3 0
1186 1083 2 8 60 4 0
1186 616 3 9 14 5 0
1187 672 1 0 73 5 0
1187 648 1 6 42 4 0
1188 700 0 6 62 4 0
1188 392 3 5 83 4 0
1189 629 0 6 20 3 0
1190 209 1 7 45 3 0
1190 462 4 3 40 4 0
1191 59 3 8 62 3 0
1191 588 1 5 50 4 0
1192 892 0 7 89 4 0
1192 87 3 9 39 4 0
1192 874 3 4 23 5 0
1192 618 0 3 69 3 0
1192 277 2 4 2 5 0
1193 417 1 5 55 4 0
1193 364 2 1 16 4 0
1193 80 1 9 3 5 0
1193 259 3 3 97 5 0
1193 565 1 6 29 3 0
1193 475 1 6 54 4 0
1193 895 3 4 45 4 0
1194 445 0 3 71 4 0
1195 884 3 1 85 5 0
1195 302 4 9 74 5 0
1195 494 0 5 100 5 0
1195 413 1 2 2 4 0
1195 810 1 9 60 5 0
1196 310 4 4 40 3 0
1196 48 2 5 1 3 0
1197 868 0 7 51 5 0
1197 436 0 6 46 5 0
1197 496 1 2 44 3 0
1198 563 2 9 27 4 0
1198 390 4 4 22 3 0
1198 33 3 4 85 4 0
1198 919 0 6 5 5 0
1198 955 3 4 99 5 0
1198 187 4 1 45 5 0
1199 1184 0 2 36 4 0

