10

5
0 20 20 20 20 20 20 20 20 20 20
1 20 20 20 20 20 20 20 20 20 20
2 20 20 20 20 20 20 20 20 20 20
3 20 20 20 20 20 20 20 20 20 20
4 20 20 20 20 20 20 20 20 20 20

25
309 532 100000 6 4
0 126 2 2
1 108 6 8
2 137 8 7
5 113 4 6
6 140 6 6
9 127 2 9
1007 829 100000 6 1
0 139 2 1
1 117 4 4
2 136 4 1
3 100 10 5
4 117 3 6
9 138 8 3
560 1138 100000 6 0
1 107 10 1
2 133 4 7
3 111 3 2
5 107 5 1
6 141 6 7
9 129 9 1
336 240 100000 6 4
0 147 2 2
1 121 5 2
5 142 5 1
7 150 1 4
8 114 9 9
9 144 1 3
48 1079 100000 6 3
1 124 3 2
2 128 8 1
3 111 4 5
4 125 2 5
6 113 6 10
8 119 3 2
9 565 100000 6 0
0 104 10 8
1 113 1 9
4 104 9 10
5 121 1 3
6 117 5 10
7 106 1 1
432 423 100000 6 0
1 103 3 10
4 124 9 7
5 125 5 1
6 149 8 2
7 137 8 6
9 114 4 5
922 689 100000 6 4
0 105 6 1
2 148 2 8
3 115 9 3
5 118 1 3
6 143 6 6
9 133 3 1
470 886 100000 6 0
3 141 5 10
4 148 2 8
6 117 6 3
7 129 4 8
8 108 6 6
9 140 9 3
1103 252 100000 6 4
0 113 9 9
3 145 5 8
4 140 3 3
5 108 5 1
6 136 2 3
8 121 5 4
650 174 100000 6 3
0 102 8 8
1 125 9 2
2 141 3 5
4 132 9 7
7 110 8 8
8 143 9 8
313 365 100000 6 2
1 107 4 4
3 146 5 4
4 132 5 7
6 130 2 6
7 133 4 3
8 135 10 6
598 308 100000 6 1
0 146 3 9
2 104 3 10
4 132 9 1
5 107 5 7
6 136 2 9
8 112 10 8
910 834 100000 6 1
0 110 4 5
1 114 2 2
2 135 9 10
4 128 7 6
7 150 4 9
9 146 3 9
114 924 100000 6 1
0 140 2 6
1 100 1 10
4 147 3 3
5 114 2 8
6 126 1 1
8 138 4 7
1106 1149 100000 6 1
1 109 10 2
3 147 1 6
4 111 4 3
5 114 5 1
7 107 1 4
8 127 9 10
775 565 100000 6 4
0 132 9 9
1 130 3 3
2 113 9 6
5 108 3 5
8 150 2 3
9 135 5 8
416 173 100000 6 2
0 119 6 1
1 116 1 8
2 100 6 5
5 144 8 8
8 150 5 1
9 101 1 2
41 1043 100000 6 2
0 125 1 5
1 147 1 9
4 137 2 1
6 120 2 8
7 127 2 6
9 133 1 1
240 1154 100000 6 3
0 104 9 2
3 145 2 4
5 116 10 8
7 129 8 1
8 102 8 2
9 111 3 10
1069 443 100000 6 0
0 122 10 10
2 129 6 8
3 131 1 5
4 138 2 6
8 147 4 5
9 149 3 10
1193 1172 100000 6 3
0 112 2 8
1 129 9 5
2 114 1 7
3 115 5 6
4 119 4 6
8 131 7 2
419 417 100000 6 2
2 104 1 3
3 130 4 10
5 137 9 1
6 130 5 1
7 106 9 8
8 102 4 2
34 275 100000 6 3
0 113 5 9
1 117 6 4
3 145 4 7
5 103 5 9
6 139 1 9
8 115 8 6
862 670 100000 6 2
1 117 3 2
2 144 3 1
5 108 4 2
6 137 1 4
7 105 6 4
9 102 8 4

2000
0 71 0 0 6 5 0
0 699 0 7 92 4 0
0 945 0 5 98 4 0
2 782 0 9 46 3 0
3 984 0 0 52 5 0
4 778 3 0 58 4 0
5 149 1 2 84 4 0
5 1121 2 7 25 4 0
5 1056 3 7 53 5 0
6 494 1 0 37 5 0
7 1018 3 3 92 5 0
8 893 2 2 42 3 0
8 985 3 5 100 4 0
9 566 2 7 65 3 0
9 568 2 5 25 3 0
9 960 0 0 99 5 0
9 134 0 8 4 4 0
9 965 1 3 23 4 0
10 781 1 5 73 4 0
10 657 3 9 56 5 0
10 1169 3 3 88 4 0
12 1016 4 6 18 5 0
13 270 2 7 94 5 0
13 111 2 7 52 4 0
13 173 2 7 58 4 0
13 576 4 0 8 5 0
13 45 2 7 65 4 0
14 767 4 5 32 4 0
14 265 2 1 51 5 0
14 1158 4 9 64 3 0
16 354 2 2 98 3 0
16 552 0 1 9 5 0
16 551 0 8 51 4 0
18 1000 1 9 53 4 0
19 124 2 9 85 5 0
19 682 3 5 59 4 0
19 875 1 3 80 3 0
20 311 4 6 49 4 0
21 218 0 2 100 5 0
21 771 3 0 55 4 0
21 1054 2 1 25 4 0
22 615 4 5 98 3 0
23 177 3 3 59 3 0
23 279 4 5 41 5 0
23 1091 0 8 28 3 0
24 154 3 6 79 3 0
25 1194 4 5 27 5 0
25 217 3 6 9 4 0
25 930 0 8 48 3 0
26 936 0 8 10 3 0
27 470 4 4 87 3 0
27 83 4 9 94 5 0
28 458 0 6 40 3 0
28 143 4 4 71 4 0
28 1155 2 6 14 3 0
28 28 0 8 45 3 0
28 906 3 5 13 3 0
29 444 2 0 58 3 0
29 791 0 9 77 5 0
30 593 4 5 74 5 0
30 994 0 1 79 4 0
32 437 0 6 38 4 0
33 799 1 2 76 5 0
33 343 1 1 33 5 0
33 144 4 0 15 3 0
34 863 2 3 77 3 0
34 869 1 5 10 4 0
34 780 1 7 58 5 0
35 808 1 1 28 3 0
35 706 1 4 2 4 0
36 806 0 4 98 4 0
38 1044 3 8 25 5 0
38 369 3 0 26 3 0
39 959 4 7 27 5 0
39 123 2 1 83 5 0
40 792 0 1 59 4 0
41 51 0 0 73 3 0
41 499 3 8 45 4 0
41 217 3 4 31 4 0
43 1013 0 0 51 4 0
44 1125 2 7 22 4 0
45 954 3 3 98 3 0
45 913 3 8 4 3 0
45 390 0 5 89 4 0
45 1151 1 7 42 3 0
46 824 4 0 87 5 0
46 3 0 7 81 4 0
46 519 3 5 11 4 0
46 1138 0 3 17 4 0
46 186 1 2 60 4 0
48 941 4 7 2 4 0
48 566 3 0 61 5 0
49 645 2 4 97 5 0
49 351 4 9 63 4 0
49 539 1 3 57 4 0
49 322 1 8 69 3 0
50 248 2 0 23 4 0
50 182 3 1 10 5 0
50 772 0 8 12 4 0
50 1153 4 7 36 4 0
51 1158 0 0 3 3 0
53 1098 0 0 23 4 0
53 1075 1 7 63 4 0
53 473 3 6 72 3 0
53 693 0 5 35 3 0
53 1012 2 3 83 4 0
54 32 4 3 33 5 0
55 1097 0 1 88 5 0
55 247 0 8 44 3 0
55 233 3 0 60 5 0
55 817 1 3 89 4 0
56 109 0 6 2 5 0
56 131 1 8 14 5 0
56 103 2 8 44 3 0
56 1046 3 2 91 5 0
56 965 3 4 74 4 0
57 1026 3 8 28 5 0
58 184 4 4 9 3 0
58 438 2 2 82 5 0
58 130 4 5 83 5 0
58 1026 0 0 11 3 0
60 283 1 6 15 5 0
61 1132 0 6 47 4 0
61 1094 2 2 43 5 0
62 423 0 0 95 5 0
62 58 4 3 40 4 0
63 247 0 4 98 3 0
63 60 1 9 10 4 0
63 1002 4 3 16 3 0
64 668 4 2 77 5 0
64 1110 3 7 59 4 0
65 886 0 6 75 3 0
65 425 2 4 56 4 0
66 1119 3 2 45 4 0
68 1111 3 7 84 3 0
70 686 3 0 100 3 0
70 218 3 2 66 4 0
71 407 2 1 18 4 0
71 1056 1 1 33 4 0
71 181 2 5 27 5 0
72 149 2 5 7 4 0
72 709 1 5 80 3 0
75 156 1 4 71 5 0
75 289 1 6 80 4 0
76 283 2 6 81 5 0
78 56 3 9 60 4 0
78 792 4 0 70 4 0
79 329 1 5 39 5 0
79 825 4 4 57 3 0
79 532 1 8 28 4 0
80 794 0 9 77 4 0
81 710 1 6 34 5 0
81 170 3 5 40 4 0
82 106 3 4 66 3 0
82 241 1 7 94 4 0
84 903 2 3 94 4 0
84 1109 4 3 2 4 0
84 1018 1 1 18 5 0
85 682 4 9 46 3 0
85 466 3 3 24 5 0
85 370 2 7 32 4 0
86 419 0 8 94 3 0
86 334 3 9 76 4 0
88 1064 3 7 27 4 0
88 801 2 0 98 3 0
90 32 4 0 53 3 0
90 590 4 5 62 4 0
90 233 2 4 76 3 0
91 999 3 9 79 3 0
91 954 2 6 33 4 0
92 1175 2 2 69 3 0
92 855 4 1 12 4 0
93 925 1 6 82 5 0
93 346 4 5 94 3 0
93 507 4 9 45 5 0
94 143 0 4 95 5 0
94 1176 1 5 83 3 0
94 501 0 3 81 4 0
96 415 4 9 1 3 0
99 274 2 3 36 4 0
99 951 4 8 4 5 0
99 221 1 0 71 5 0
100 973 2 1 81 3 0
100 1102 3 8 29 4 0
100 167 3 1 35 3 0
102 649 2 5 78 3 0
102 317 1 5 29 5 0
102 203 2 0 57 4 0
102 556 4 0 32 5 0
102 1182 0 9 11 3 0
102 488 4 8 13 3 0
103 647 3 3 1 3 0
103 408 2 5 4 4 0
103 674 2 9 73 4 0
103 350 1 1 73 3 0
103 169 0 5 80 5 0
104 1172 3 7 53 3 0
104 963 0 1 49 4 0
105 924 0 8 1 4 0
105 251 2 9 7 5 0
106 123 3 5 43 5 0
106 376 3 8 37 5 0
107 561 3 8 88 5 0
107 763 3 2 68 4 0
107 157 3 6 27 4 0
107 318 0 1 38 3 0
108 111 1 3 91 3 0
108 471 2 8 98 5 0
108 864 4 1 90 4 0
110 645 4 2 93 3 0
111 120 1 3 76 4 0
111 207 0 0 49 4 0
112 993 2 1 81 5 0
112 371 4 2 55 4 0
112 423 3 0 25 4 0
112 579 2 9 18 5 0
113 608 2 7 81 4 0
114 636 4 5 31 5 0
114 730 1 6 70 5 0
115 948 1 9 15 3 0
115 999 0 7 69 4 0
115 1000 1 9 14 5 0
116 551 4 5 90 5 0
116 325 0 6 94 5 0
117 850 1 7 96 5 0
117 54 0 7 58 3 0
117 875 0 5 95 5 0
117 319 1 2 42 3 0
118 612 4 0 22 3 0
119 20 0 7 16 5 0
120 23 4 6 44 3 0
120 1034 2 9 45 4 0
121 624 2 1 43 5 0
122 75 0 4 30 5 0
122 136 0 4 92 5 0
122 740 0 2 7 4 0
125 601 3 8 96 5 0
125 460 3 3 8 5 0
125 581 4 4 43 3 0
125 663 3 6 73 5 0
126 491 3 8 60 3 0
126 55 2 1 92 5 0
126 1113 1 9 33 3 0
127 751 4 2 50 4 0
129 451 0 8 7 3 0
129 208 3 5 3 5 0
130 139 0 1 59 3 0
132 530 2 2 38 4 0
132 186 3 2 32 5 0
133 1081 2 9 84 3 0
133 1017 2 9 26 4 0
133 373 4 3 40 5 0
134 594 2 1 36 5 0
135 23 0 6 45 3 0
135 809 0 0 79 4 0
136 596 0 2 82 4 0
136 921 3 3 62 5 0
136 778 0 5 45 5 0
136 134 2 2 70 4 0
136 633 0 3 11 5 0
136 783 3 1 21 5 0
137 242 0 0 20 4 0
138 540 3 8 60 3 0
139 443 1 1 71 4 0
140 904 3 3 21 5 0
140 891 2 4 45 4 0
140 132 4 2 87 3 0
140 795 0 3 66 5 0
143 1030 3 3 33 4 0
144 1011 3 0 74 5 0
144 57 2 6 27 5 0
144 129 0 6 88 5 0
144 1121 2 2 67 3 0
145 457 0 7 43 4 0
145 631 1 1 67 3 0
145 348 3 9 63 3 0
146 533 2 7 12 4 0
146 1015 3 6 96 3 0
146 315 3 6 100 4 0
150 876 0 2 63 3 0
150 634 0 4 39 4 0
150 710 1 1 39 4 0
151 666 1 2 77 5 0
151 682 2 8 51 4 0
151 711 4 3 27 5 0
151 1098 4 6 32 5 0
151 578 1 2 4 3 0
152 1130 4 3 37 4 0
152 524 2 8 83 3 0
153 693 4 7 50 5 0
154 397 1 5 46 3 0
155 372 3 1 65 5 0
158 958 1 7 81 4 0
158 467 1 0 10 5 0
158 533 4 0 69 4 0
159 277 1 0 44 5 0
160 437 3 8 37 5 0
160 452 4 9 44 5 0
161 692 1 2 6 4 0
161 1076 2 7 16 4 0
162 468 4 5 83 5 0
162 536 1 7 56 5 0
162 274 4 1 95 4 0
163 863 2 4 98 4 0
164 673 4 6 44 4 0
164 1136 4 0 6 3 0
164 994 0 2 44 5 0
166 636 4 5 45 4 0
167 26 3 9 54 4 0
167 1198 1 4 82 4 0
167 323 3 6 53 3 0
168 1190 0 6 77 4 0
169 736 1 8 84 5 0
170 565 4 8 11 3 0
170 988 2 8 44 4 0
171 232 0 2 72 4 0
171 279 3 9 79 4 0
171 147 0 4 78 5 0
171 724 3 3 56 4 0
172 582 3 4 56 3 0
172 458 3 6 10 4 0
172 355 2 1 10 5 0
172 332 0 3 14 4 0
173 425 1 8 67 4 0
175 948 2 9 51 3 0
176 341 2 1 85 4 0
177 822 3 2 35 5 0
177 238 4 4 28 4 0
180 238 0 3 93 5 0
181 97 0 1 80 3 0
183 932 3 2 22 5 0
183 289 0 0 17 4 0
183 188 1 6 52 4 0
185 84 4 1 93 3 0
185 459 1 6 7 5 0
186 949 2 2 44 3 0
187 110 3 0 52 5 0
187 43 4 5 43 4 0
188 697 4 3 13 4 0
188 543 4 5 79 4 0
189 663 3 0 40 4 0
189 981 2 2 93 3 0
189 193 2 8 7 3 0
190 712 1 8 1 3 0
191 405 2 4 94 5 0
192 854 0 0 100 3 0
193 494 1 6 43 3 0
195 304 2 1 28 4 0
195 163 4 9 31 4 0
195 1100 4 5 60 5 0
196 1153 1 5 27 5 0
196 692 1 9 99 5 0
197 639 4 9 67 3 0
199 1119 0 2 100 5 0
199 1025 3 8 70 4 0
200 653 2 9 10 4 0
200 553 1 9 66 3 0
200 234 1 1 47 5 0
201 410 4 2 8 5 0
202 782 0 8 26 5 0
203 318 4 8 50 4 0
203 843 2 6 70 3 0
204 1155 1 2 37 3 0
205 639 3 9 91 4 0
205 1155 0 1 55 4 0
206 610 3 2 4 3 0
207 165 3 4 50 4 0
207 126 2 3 67 3 0
207 170 0 8 20 3 0
208 489 0 8 57 5 0
208 1195 1 5 96 3 0
209 1126 4 9 31 5 0
209 168 4 3 51 5 0
209 442 2 4 64 3 0
212 347 2 8 91 5 0
212 319 3 3 40 5 0
212 872 0 4 58 5 0
213 186 4 9 94 4 0
214 521 4 0 66 4 0
214 913 3 7 9 5 0
215 1003 1 2 13 3 0
215 887 4 1 99 5 0
215 1047 3 3 77 5 0
215 348 3 8 15 3 0
217 576 2 8 49 5 0
217 103 1 0 18 3 0
217 311 2 6 81 4 0
219 137 0 7 43 5 0
220 505 2 4 84 5 0
220 647 1 8 7 5 0
221 74 3 3 66 4 0
221 284 3 6 49 5 0
221 1157 3 3 29 4 0
222 336 2 3 85 5 0
222 747 4 1 79 3 0
223 552 4 2 9 5 0
223 718 4 6 69 4 0
223 245 2 2 53 4 0
223 505 0 7 8 3 0
224 1096 2 5 75 4 0
225 447 4 2 57 5 0
226 467 0 4 73 4 0
226 346 2 6 66 4 0
226 730 0 6 92 3 0
226 842 2 2 81 3 0
226 143 4 2 89 5 0
227 714 1 3 44 4 0
227 346 3 8 17 4 0
227 1196 2 2 72 3 0
228 555 1 7 54 3 0
228 777 2 8 69 4 0
228 1009 0 2 22 4 0
229 15 3 1 90 3 0
231 686 1 3 93 3 0
232 593 4 4 17 3 0
232 240 3 7 72 5 0
233 968 0 7 12 5 0
233 334 3 5 74 5 0
234 944 2 1 17 3 0
235 1160 3 2 46 4 0
235 1174 2 0 33 5 0
236 841 1 1 59 3 0
236 913 2 9 93 3 0
236 884 2 6 96 3 0
236 38 2 4 42 5 0
237 393 1 5 32 5 0
237 742 1 8 77 4 0
238 1109 3 8 48 5 0
238 855 3 2 22 5 0
238 595 2 9 54 3 0
239 1087 0 1 48 4 0
239 911 3 1 43 4 0
240 1110 2 1 91 4 0
240 59 3 5 47 3 0
240 658 4 2 52 3 0
241 507 4 1 25 5 0
241 956 0 8 19 5 0
241 948 1 4 7 3 0
242 1061 4 3 31 3 0
242 291 2 4 6 5 0
242 87 0 6 69 3 0
242 956 1 0 77 5 0
243 186 0 7 15 3 0
243 590 3 5 43 3 0
244 1105 3 4 70 4 0
244 970 4 1 23 4 0
244 707 4 2 2 3 0
245 863 1 1 45 3 0
245 666 3 8 30 3 0
247 3 1 4 15 3 0
247 787 1 2 58 3 0
248 918 0 9 9 4 0
248 616 2 2 14 3 0
248 662 4 1 16 4 0
250 1100 3 2 59 5 0
251 306 0 6 93 5 0
251 236 4 2 52 5 0
252 626 1 6 72 4 0
252 5 4 3 23 5 0
254 986 1 1 42 3 0
254 549 1 1 91 4 0
255 446 4 7 89 3 0
256 298 1 9 94 3 0
257 628 0 0 33 5 0
257 750 4 3 90 5 0
258 856 0 4 94 4 0
258 534 0 0 20 4 0
259 250 1 9 20 4 0
259 919 1 2 59 4 0
260 365 1 8 2 5 0
260 747 2 0 44 3 0
261 82 1 4 86 5 0
262 86 4 8 83 4 0
263 823 1 6 89 4 0
264 842 4 2 57 4 0
267 294 2 2 67 3 0
267 418 4 7 42 4 0
267 240 0 9 41 4 0
268 845 1 0 8 3 0
269 210 2 9 88 3 0
269 1101 1 7 88 3 0
269 355 1 4 2 4 0
270 1197 1 2 59 4 0
270 1063 0 4 33 3 0
270 914 4 0 8 4 0
270 78 0 3 73 3 0
271 604 2 3 48 3 0
271 431 1 6 28 3 0
272 46 2 6 4 4 0
272 614 4 8 22 5 0
273 845 0 9 63 3 0
273 1113 0 0 66 5 0
274 805 4 4 21 5 0
275 895 4 6 57 5 0
276 27 4 9 16 3 0
276 741 4 4 13 5 0
276 724 4 2 28 5 0
277 444 4 2 99 5 0
279 946 1 4 30 3 0
279 970 3 0 42 4 0
280 656 3 9 72 4 0
280 1098 3 1 14 4 0
280 1130 1 2 79 5 0
280 59 3 2 29 5 0
282 188 0 6 94 5 0
283 488 3 3 82 4 0
283 1163 4 0 13 5 0
284 663 0 4 73 3 0
285 798 0 9 91 5 0
285 219 3 3 57 5 0
285 226 3 7 78 5 0
286 1045 1 3 95 5 0
286 843 1 4 67 3 0
286 49 3 3 78 5 0
286 863 0 5 23 4 0
287 438 1 4 32 3 0
287 774 1 4 89 5 0
289 210 0 8 26 5 0
289 864 2 0 24 5 0
290 502 4 6 71 5 0
290 597 1 2 39 3 0
291 752 1 3 46 5 0
291 806 4 4 79 4 0
291 143 1 5 21 4 0
292 448 1 5 65 4 0
293 698 1 2 72 5 0
294 443 2 1 93 3 0
294 106 2 2 32 3 0
294 125 0 5 53 4 0
295 1036 0 3 90 3 0
295 1114 0 1 78 5 0
296 1079 4 3 64 5 0
296 397 0 5 69 3 0
297 227 2 1 15 5 0
297 322 2 7 21 3 0
298 73 1 2 58 3 0
299 1133 1 8 40 5 0
299 88 0 8 18 4 0
299 207 0 4 80 3 0
299 117 4 8 91 5 0
299 363 3 5 84 4 0
300 547 3 0 22 3 0
300 451 4 9 27 5 0
301 743 1 3 59 3 0
301 349 4 4 86 5 0
301 164 4 4 59 5 0
301 245 2 4 46 5 0
301 1103 3 8 37 5 0
302 801 0 7 11 4 0
302 954 3 2 36 4 0
303 1050 4 9 82 3 0
303 232 1 5 38 4 0
304 300 0 4 77 5 0
305 507 2 4 33 4 0
305 85 3 8 7 5 0
306 1036 1 6 16 4 0
307 1110 1 0 54 5 0
307 314 0 9 32 5 0
309 13 2 0 28 3 0
309 327 3 4 84 4 0
310 371 2 0 21 4 0
310 952 3 0 71 4 0
310 803 0 7 85 3 0
312 200 4 3 8 3 0
312 258 4 9 56 4 0
313 1031 4 3 8 5 0
314 154 3 4 38 4 0
315 1034 0 9 57 3 0
315 382 0 3 33 5 0
315 1187 1 9 5 4 0
315 784 0 8 8 4 0
316 409 3 7 20 5 0
317 360 3 8 9 4 0
318 801 4 2 91 4 0
318 939 2 5 77 5 0
318 391 3 4 59 4 0
319 582 0 0 53 4 0
320 1038 0 5 47 5 0
321 288 0 2 97 4 0
321 779 3 5 89 3 0
322 659 3 0 25 5 0
322 1002 1 9 38 3 0
322 587 3 2 99 3 0
323 481 3 1 5 3 0
323 92 4 7 79 4 0
323 876 4 6 21 5 0
324 772 4 8 82 4 0
326 1031 1 2 38 4 0
327 405 0 4 51 4 0
328 134 3 7 66 4 0
328 382 4 9 9 4 0
328 757 0 0 42 5 0
330 1053 4 0 42 4 0
332 739 3 9 54 3 0
332 654 2 2 8 3 0
332 574 4 6 46 5 0
333 477 0 9 11 5 0
334 1021 0 7 26 4 0
335 884 2 8 94 5 0
336 478 1 4 37 4 0
336 298 2 7 65 3 0
338 317 1 8 83 3 0
338 565 1 7 47 3 0
338 193 1 8 68 5 0
338 101 3 4 46 3 0
338 529 0 9 100 5 0
338 954 2 9 43 3 0
339 46 0 9 2 5 0
339 140 2 9 73 4 0
340 11 4 6 57 4 0
341 177 4 2 89 5 0
342 533 2 0 20 3 0
342 812 1 0 44 3 0
342 596 2 8 83 5 0
342 554 2 8 14 4 0
343 954 3 8 58 5 0
344 254 3 4 82 4 0
344 301 4 8 9 5 0
344 721 2 9 18 5 0
344 1043 2 4 72 5 0
345 486 1 1 86 4 0
345 669 0 8 51 3 0
345 1160 2 2 77 3 0
345 111 0 6 38 4 0
346 1122 0 9 29 5 0
347 383 3 1 6 4 0
347 870 4 5 60 4 0
348 800 0 1 42 4 0
348 69 3 4 2 5 0
348 423 3 8 50 3 0
349 498 0 2 25 3 0
349 200 0 7 83 3 0
350 488 0 1 93 4 0
351 1160 3 7 88 3 0
352 565 1 0 84 5 0
353 918 1 6 65 3 0
353 57 4 3 66 3 0
353 166 0 6 85 4 0
356 703 1 4 3 3 0
356 795 2 4 28 3 0
357 928 3 9 85 3 0
357 1131 3 1 74 5 0
357 27 1 0 50 5 0
358 1098 1 6 69 3 0
359 1148 0 1 68 5 0
359 719 3 8 87 3 0
359 12 0 0 39 3 0
359 1049 2 5 91 4 0
360 35 2 2 74 3 0
362 970 1 5 70 3 0
362 533 0 2 49 5 0
364 653 4 0 94 3 0
364 1181 1 4 14 4 0
365 1079 3 5 28 4 0
365 705 1 8 22 5 0
366 21 4 2 91 3 0
367 603 2 6 68 3 0
368 172 3 3 94 5 0
368 1125 3 8 48 4 0
369 535 0 4 57 3 0
369 1100 1 5 46 4 0
369 278 0 4 32 4 0
370 695 4 7 96 5 0
370 271 4 9 93 4 0
370 321 3 5 32 5 0
372 536 3 4 89 4 0
373 1024 2 2 84 5 0
374 611 3 2 7 4 0
374 1052 0 7 68 5 0
376 135 1 9 2 3 0
377 1043 2 8 29 5 0
377 507 0 3 50 3 0
378 923 4 4 33 3 0
379 627 3 6 50 4 0
379 790 2 8 91 3 0
379 1044 2 4 40 5 0
379 44 4 7 15 4 0
380 1148 4 0 60 5 0
381 702 3 5 53 4 0
383 1044 2 7 15 4 0
383 60 4 2 94 5 0
384 81 2 6 92 5 0
384 1083 1 6 68 5 0
385 956 3 0 75 3 0
386 991 0 2 95 4 0
386 75 3 7 67 5 0
386 1066 2 4 58 4 0
386 62 0 7 96 5 0
387 567 4 8 14 3 0
387 152 0 5 50 4 0
388 1042 4 3 18 4 0
388 1186 3 3 61 4 0
389 595 4 4 18 5 0
390 733 4 3 38 4 0
391 401 4 0 94 3 0
391 559 3 8 70 5 0
393 126 0 3 19 4 0
393 51 3 4 74 3 0
394 1069 0 9 26 4 0
395 3 0 7 57 5 0
395 679 3 8 40 5 0
396 1052 1 0 13 5 0
396 695 3 0 23 3 0
396 479 0 4 23 5 0
396 299 3 0 33 3 0
396 337 4 1 42 3 0
397 238 1 7 44 3 0
397 1146 3 7 41 3 0
398 289 2 2 65 3 0
398 840 1 2 89 3 0
399 909 0 8 24 5 0
399 933 2 0 8 5 0
401 60 4 2 57 3 0
401 741 2 6 74 5 0
402 7 4 4 93 4 0
403 646 1 9 84 3 0
404 1010 0 6 53 3 0
404 654 0 7 40 3 0
405 349 1 8 39 4 0
406 1021 3 1 8 4 0
408 377 4 0 66 5 0
409 703 3 2 1 4 0
409 958 0 9 44 5 0
410 544 4 5 74 4 0
411 409 3 5 84 5 0
412 859 2 3 13 3 0
413 1029 1 8 9 3 0
414 362 3 4 57 3 0
414 5 0 2 70 3 0
415 881 2 1 81 3 0
415 186 1 3 21 5 0
415 179 1 5 31 5 0
416 741 0 9 42 5 0
419 519 3 4 38 3 0
420 843 2 1 39 5 0
423 1132 1 8 72 5 0
424 1126 3 8 27 5 0
425 996 1 1 61 5 0
428 1164 4 0 14 5 0
428 123 1 9 11 3 0
428 588 0 3 54 5 0
428 713 3 3 63 4 0
428 886 1 4 89 5 0
429 1097 0 3 83 4 0
430 1189 3 2 76 5 0
430 1049 4 1 90 3 0
431 307 1 1 5 3 0
431 615 4 6 50 4 0
432 321 2 9 66 5 0
432 417 3 1 1 4 0
433 609 3 6 8 5 0
433 153 3 4 55 3 0
434 226 4 8 4 5 0
434 422 1 5 80 3 0
434 821 0 0 10 4 0
435 464 1 1 81 4 0
436 666 2 7 20 3 0
436 71 2 3 42 4 0
436 107 2 2 54 4 0
437 84 0 1 28 5 0
439 977 1 9 36 5 0
440 32 1 9 19 5 0
441 981 3 0 56 5 0
441 1033 1 3 50 4 0
441 102 0 7 46 4 0
442 672 3 2 67 5 0
442 294 3 2 38 3 0
442 388 1 7 61 5 0
443 78 1 2 11 4 0
443 258 3 9 16 3 0
444 1193 0 1 66 5 0
444 1146 0 6 1 3 0
445 649 1 6 49 3 0
445 1110 3 6 8 4 0
446 242 3 3 43 3 0
446 358 2 5 89 4 0
447 298 0 8 65 5 0
447 923 4 2 55 5 0
448 1184 2 3 59 4 0
448 1127 0 7 90 3 0
448 11 0 8 20 4 0
448 867 4 9 42 5 0
449 549 0 8 69 3 0
449 248 4 1 59 4 0
450 994 3 9 2 5 0
450 882 0 9 95 3 0
450 1103 0 1 94 5 0
451 94 2 1 76 3 0
452 436 0 3 98 5 0
452 631 4 2 52 5 0
453 733 2 6 20 5 0
453 814 1 2 100 5 0
453 853 2 2 61 4 0
454 622 1 7 31 5 0
454 722 1 9 55 3 0
454 414 3 3 28 3 0
455 2 1 7 63 5 0
457 570 2 7 3 5 0
457 551 0 0 14 5 0
458 847 2 7 82 5 0
459 43 4 1 31 3 0
460 345 3 8 95 3 0
460 528 2 4 48 5 0
461 353 1 8 82 3 0
462 719 1 8 12 4 0
463 996 4 4 40 4 0
464 1142 2 5 70 5 0
464 1187 4 4 58 3 0
464 490 0 9 69 5 0
464 74 1 7 6 5 0
465 41 3 2 65 3 0
465 261 3 8 84 4 0
466 683 1 7 55 4 0
466 183 2 1 89 5 0
467 692 1 2 93 3 0
467 701 1 9 80 4 0
468 257 3 6 42 3 0
468 65 0 3 17 3 0
469 443 4 8 30 5 0
469 902 4 7 68 5 0
471 529 2 1 25 3 0
472 879 4 2 92 4 0
473 295 4 7 16 4 0
473 139 4 6 30 5 0
473 659 3 7 12 4 0
473 1144 4 1 94 3 0
473 661 0 8 95 3 0
474 472 2 3 39 3 0
474 202 0 5 29 5 0
475 846 1 9 65 4 0
475 1068 1 0 43 3 0
475 17 0 6 33 4 0
477 229 0 0 68 3 0
477 42 0 1 52 5 0
477 11 4 3 3 5 0
478 289 2 1 2 5 0
478 339 2 4 96 3 0
479 151 0 8 1 4 0
479 62 1 0 48 5 0
479 1162 4 1 77 5 0
479 187 4 9 96 4 0
480 760 4 0 15 5 0
480 893 4 9 85 5 0
481 1194 2 0 92 3 0
481 175 0 3 9 4 0
485 809 4 6 32 4 0
485 725 4 5 90 4 0
487 1195 3 4 10 3 0
488 556 3 3 17 4 0
488 31 0 2 83 4 0
488 607 4 7 13 3 0
489 189 0 8 28 3 0
489 727 3 9 16 5 0
490 96 4 7 16 3 0
492 413 3 8 85 3 0
493 236 4 3 28 5 0
493 1038 0 1 87 5 0
493 1175 2 0 22 5 0
494 1120 3 0 13 5 0
494 235 4 7 63 5 0
495 914 0 8 41 3 0
495 890 2 2 3 5 0
496 599 3 9 52 3 0
496 1114 1 9 85 3 0
498 976 0 3 57 5 0
499 535 3 3 51 4 0
501 579 3 5 79 5 0
502 310 0 9 87 4 0
503 906 3 3 32 5 0
503 956 0 5 33 3 0
503 997 1 4 86 3 0
504 170 4 9 44 4 0
504 156 2 0 50 5 0
504 1140 2 1 96 5 0
504 143 4 4 99 4 0
505 1103 0 6 29 5 0
505 187 3 7 96 3 0
505 116 3 3 72 5 0
506 1132 3 5 49 3 0
506 27 4 6 37 3 0
507 168 1 0 85 5 0
508 516 3 0 29 3 0
510 891 2 1 18 5 0
511 472 1 1 86 4 0
511 390 4 9 33 3 0
512 659 3 1 55 3 0
513 486 1 1 25 3 0
513 961 4 8 41 4 0
513 829 4 2 85 4 0
513 110 2 6 89 3 0
514 721 3 8 12 5 0
514 888 4 6 66 5 0
514 150 3 7 80 5 0
516 152 4 6 47 3 0
516 1122 2 4 51 5 0
516 735 1 8 82 3 0
517 1062 2 5 56 4 0
517 1162 1 6 26 5 0
518 244 4 7 92 4 0
519 825 4 2 27 3 0
519 69 3 0 5 4 0
519 1174 0 3 10 4 0
519 669 0 2 65 4 0
520 416 2 0 61 5 0
522 1015 2 8 6 5 0
522 146 1 5 29 5 0
522 84 2 2 93 5 0
523 445 0 7 11 3 0
524 935 4 4 85 4 0
524 629 4 1 31 4 0
525 541 1 1 54 4 0
525 78 0 1 65 4 0
526 661 3 5 55 3 0
527 1022 3 9 17 3 0
528 474 0 8 57 3 0
528 325 4 7 30 3 0
529 148 3 1 97 3 0
529 215 1 2 78 5 0
530 87 2 1 29 5 0
531 1085 2 6 72 4 0
532 852 3 7 10 4 0
533 1117 4 9 15 3 0
533 260 3 0 36 5 0
533 849 4 7 92 5 0
534 117 4 3 31 3 0
534 177 3 9 31 4 0
534 700 4 8 23 3 0
534 836 0 9 99 4 0
534 543 3 1 61 3 0
534 490 2 3 61 3 0
535 624 4 3 4 4 0
536 429 4 1 61 4 0
537 961 0 3 39 3 0
537 238 0 0 78 4 0
537 809 1 9 29 5 0
538 998 4 9 71 3 0
540 1019 0 6 19 3 0
540 892 0 0 35 4 0
541 975 3 5 19 4 0
541 363 2 2 94 5 0
542 947 1 5 56 4 0
542 1195 0 3 24 3 0
542 105 1 0 52 4 0
543 263 3 8 94 5 0
543 587 4 7 54 5 0
544 408 2 8 76 3 0
546 795 1 3 12 3 0
547 173 2 2 1 5 0
547 1054 0 9 83 4 0
547 886 2 7 84 5 0
548 663 2 1 85 4 0
548 463 0 5 83 4 0
548 864 3 3 73 3 0
549 306 3 0 97 4 0
549 112 0 6 61 5 0
551 114 2 8 11 3 0
551 863 2 8 73 5 0
552 832 1 5 63 3 0
552 748 4 7 26 3 0
553 506 4 8 24 5 0
553 958 4 5 60 3 0
554 44 4 8 55 5 0
555 263 3 6 70 3 0
555 799 0 2 31 5 0
556 194 1 2 97 4 0
556 992 4 0 73 3 0
557 421 2 8 68 3 0
558 77 3 5 38 5 0
558 94 3 7 4 5 0
559 1007 3 9 23 3 0
559 884 3 1 30 4 0
559 287 4 3 22 3 0
559 678 2 6 89 3 0
559 810 2 8 77 3 0
561 511 3 3 70 5 0
561 584 4 0 76 5 0
561 740 3 7 100 4 0
562 759 1 8 12 3 0
562 1007 2 4 27 4 0
562 159 1 5 92 5 0
563 1197 0 7 96 3 0
564 22 4 8 95 5 0
564 779 3 4 41 3 0
564 493 1 5 33 3 0
565 860 4 0 51 3 0
566 323 0 3 94 5 0
567 407 3 1 95 3 0
568 854 4 4 25 4 0
569 465 1 2 97 3 0
569 209 1 2 11 3 0
570 356 0 6 91 3 0
570 523 3 9 54 3 0
570 291 2 5 17 3 0
571 1078 3 8 77 5 0
572 960 2 7 84 4 0
572 1179 4 1 88 3 0
573 415 3 8 64 5 0
575 505 1 1 99 3 0
575 599 1 5 49 3 0
575 337 0 5 59 4 0
575 263 0 1 82 4 0
576 621 1 1 61 5 0
577 147 4 0 47 5 0
577 1041 4 6 66 3 0
577 942 0 8 94 4 0
578 163 4 3 69 4 0
578 1037 2 6 18 5 0
579 615 2 9 38 3 0
579 830 4 0 84 3 0
579 845 2 4 69 5 0
582 479 1 8 25 3 0
582 1087 2 8 26 3 0
583 883 2 7 99 4 0
583 889 0 7 2 5 0
583 1156 0 9 23 5 0
584 809 3 9 1 4 0
585 831 0 2 28 4 0
585 935 4 4 78 3 0
586 120 2 7 1 4 0
586 3 4 0 3 3 0
586 180 1 4 100 3 0
587 575 2 5 12 5 0
587 859 2 9 31 4 0
587 962 4 1 61 4 0
587 851 3 5 24 3 0
587 46 4 4 29 4 0
587 1198 2 8 31 3 0
587 1165 4 4 3 4 0
587 1034 4 8 29 5 0
588 1199 2 2 87 3 0
588 635 0 3 14 5 0
588 1199 4 6 26 4 0
588 242 0 9 60 3 0
590 180 4 5 61 4 0
590 962 2 9 4 5 0
590 157 2 4 74 4 0
591 942 1 6 29 4 0
591 860 1 7 61 4 0
592 398 1 0 48 3 0
592 793 0 3 62 3 0
592 472 4 6 35 3 0
594 775 4 0 9 5 0
594 956 4 1 84 4 0
594 770 3 6 37 4 0
595 718 2 0 69 3 0
595 182 2 0 49 4 0
597 704 4 4 6 4 0
598 569 3 4 59 4 0
598 1173 3 2 63 5 0
601 803 2 5 15 5 0
601 89 0 1 22 3 0
602 693 2 9 35 5 0
603 205 0 0 16 3 0
603 1110 1 2 72 4 0
603 444 4 6 14 3 0
604 1084 2 6 50 5 0
604 1177 3 2 18 3 0
604 1163 1 3 93 5 0
605 1022 3 0 44 4 0
605 936 4 8 44 4 0
605 229 0 0 23 4 0
607 1059 4 1 92 5 0
607 392 4 2 16 4 0
608 747 1 1 73 5 0
609 285 1 3 39 4 0
609 1 0 0 72 4 0
609 356 3 8 20 4 0
611 815 4 9 81 3 0
611 935 4 3 75 4 0
611 449 0 1 63 3 0
612 447 3 6 30 3 0
614 388 1 0 97 3 0
614 246 2 7 89 3 0
614 11 3 3 75 4 0
616 69 2 1 88 5 0
616 826 2 2 76 5 0
616 962 3 5 69 3 0
617 586 4 9 63 3 0
617 685 3 7 57 5 0
618 904 2 8 35 5 0
618 128 3 0 69 4 0
619 399 1 4 70 3 0
620 1161 2 6 43 3 0
621 1024 4 9 78 4 0
621 1052 3 6 13 3 0
623 593 0 3 52 5 0
624 1020 4 0 82 3 0
625 4 2 0 5 3 0
625 1130 0 6 59 3 0
625 72 0 1 18 5 0
625 1168 2 3 52 5 0
625 528 1 7 82 3 0
625 854 1 4 63 5 0
626 807 4 7 53 5 0
626 243 2 5 2 5 0
626 429 2 2 40 5 0
626 380 1 2 1 3 0
628 543 1 9 48 3 0
630 298 3 5 3 3 0
630 1044 1 9 16 3 0
631 566 3 3 61 4 0
631 602 3 9 50 3 0
632 588 1 6 88 5 0
632 307 1 2 27 4 0
633 1093 0 6 66 3 0
633 134 0 2 41 4 0
633 890 3 3 99 5 0
634 60 2 2 89 3 0
635 407 0 2 8 4 0
635 796 0 5 77 3 0
639 470 1 9 83 5 0
639 131 3 2 8 3 0
639 770 3 0 50 5 0
640 1136 3 7 36 5 0
640 964 3 6 27 4 0
641 570 2 1 34 3 0
641 285 3 9 87 4 0
642 469 2 2 12 5 0
642 595 2 4 5 4 0
643 79 2 2 24 5 0
644 373 4 1 94 4 0
645 541 1 0 15 4 0
645 918 4 6 29 5 0
645 280 0 4 4 5 0
646 548 0 0 6 4 0
647 265 4 6 72 5 0
647 823 0 6 16 5 0
647 398 4 6 70 4 0
648 2 4 0 33 3 0
648 872 3 8 4 3 0
649 1104 4 3 42 3 0
649 543 3 0 65 3 0
649 967 1 6 43 5 0
651 568 2 7 44 4 0
651 454 3 5 6 3 0
651 614 4 3 57 4 0
651 513 0 5 2 4 0
652 256 1 9 99 5 0
652 44 3 9 97 4 0
652 886 1 2 100 4 0
653 57 0 8 95 4 0
653 555 0 4 30 3 0
653 960 1 3 10 5 0
654 858 2 2 8 5 0
654 846 2 1 15 3 0
654 423 1 0 66 3 0
654 859 0 5 84 3 0
655 568 0 9 23 5 0
657 820 2 1 78 5 0
657 711 0 8 88 4 0
658 1000 2 9 56 4 0
658 1144 3 7 86 5 0
658 379 0 5 10 3 0
659 49 0 1 87 5 0
659 1076 1 5 83 4 0
660 543 2 8 68 5 0
660 834 1 7 77 3 0
661 78 4 6 79 3 0
661 893 1 0 19 4 0
662 94 2 7 1 3 0
663 429 4 2 37 5 0
664 830 2 2 92 5 0
664 476 2 5 16 4 0
664 721 2 6 45 4 0
665 550 1 0 56 4 0
665 585 3 1 11 3 0
665 604 3 2 37 4 0
666 1092 3 8 29 4 0
667 383 3 1 91 5 0
667 182 2 5 64 3 0
668 195 1 4 88 3 0
668 448 0 5 58 3 0
669 193 2 5 9 3 0
670 715 1 3 40 5 0
670 250 1 9 64 3 0
670 1073 0 1 94 3 0
670 974 1 4 3 3 0
671 933 3 8 20 3 0
671 1033 1 9 77 4 0
673 348 1 4 12 3 0
673 58 1 0 87 5 0
674 424 0 8 19 3 0
676 479 1 0 79 3 0
676 954 3 5 12 5 0
678 575 4 5 36 5 0
678 101 0 3 87 5 0
678 815 3 8 54 3 0
678 747 1 5 37 4 0
679 458 3 0 69 4 0
679 57 2 3 61 4 0
680 70 1 5 79 5 0
680 369 0 4 2 5 0
680 852 1 3 23 3 0
681 879 2 4 11 5 0
681 1137 4 7 89 3 0
682 770 1 1 23 3 0
683 436 0 1 5 5 0
683 955 1 7 70 4 0
683 898 3 9 64 3 0
685 249 0 8 57 4 0
685 196 4 3 35 4 0
685 431 1 1 66 5 0
687 239 2 3 14 3 0
688 116 3 4 42 3 0
688 623 0 9 55 5 0
689 88 0 3 58 5 0
691 286 3 7 97 3 0
694 1108 1 6 24 3 0
694 589 3 1 33 5 0
694 192 4 0 91 3 0
696 772 1 7 2 5 0
696 963 4 8 98 5 0
697 1051 2 8 98 3 0
697 358 0 1 25 3 0
697 1145 1 7 81 3 0
698 536 0 1 16 5 0
699 359 4 0 84 4 0
701 731 0 8 34 3 0
701 647 3 6 39 4 0
702 676 2 2 30 4 0
702 809 2 9 75 4 0
704 714 0 6 87 5 0
705 379 4 9 99 3 0
706 180 3 9 46 4 0
707 640 4 0 22 5 0
707 1185 0 3 28 4 0
708 587 0 4 50 3 0
709 371 0 4 38 5 0
709 946 0 3 77 5 0
709 679 4 4 66 5 0
710 324 4 8 8 3 0
710 422 3 9 46 4 0
710 1189 0 0 24 4 0
710 276 2 6 90 5 0
711 818 4 6 9 5 0
712 159 2 8 75 3 0
713 831 2 1 48 5 0
715 1047 2 3 54 3 0
715 819 2 5 76 4 0
715 470 3 8 90 5 0
715 241 0 0 29 4 0
717 341 0 9 24 4 0
717 269 0 1 46 5 0
718 965 4 0 52 3 0
720 1185 1 7 4 5 0
721 633 1 3 73 4 0
723 288 0 6 91 4 0
723 899 1 4 5 4 0
725 452 2 7 95 3 0
725 328 0 6 88 5 0
725 426 2 1 24 3 0
725 1051 2 1 15 4 0
726 670 1 5 28 5 0
727 62 4 6 69 3 0
727 819 0 0 84 3 0
728 549 4 1 21 5 0
728 815 1 1 76 3 0
730 1146 3 6 29 3 0
731 608 0 5 71 5 0
732 404 3 8 75 3 0
733 497 3 5 86 4 0
733 1182 1 5 62 5 0
735 1061 2 2 36 3 0
735 428 4 4 35 5 0
736 636 1 6 64 3 0
736 1028 3 3 22 4 0
737 839 2 2 47 3 0
737 196 3 9 32 3 0
737 1106 1 9 86 3 0
737 948 3 7 85 3 0
737 140 2 8 83 4 0
740 1119 4 7 53 4 0
740 389 2 9 54 3 0
740 734 2 7 74 3 0
741 547 4 8 60 3 0
743 490 3 8 1 4 0
745 172 2 7 72 5 0
746 265 4 8 91 4 0
746 5 4 6 56 5 0
747 717 3 1 43 3 0
749 268 3 7 7 3 0
750 5 2 9 86 5 0
750 902 2 6 69 5 0
750 431 2 6 60 5 0
751 689 3 8 65 3 0
752 466 0 3 31 5 0
752 478 4 1 55 3 0
752 808 3 6 35 3 0
753 962 1 9 31 3 0
754 1057 2 2 62 4 0
755 526 3 8 84 3 0
757 594 2 0 81 3 0
757 1101 1 7 78 3 0
758 661 3 9 28 5 0
758 497 3 8 24 4 0
758 674 4 7 33 4 0
762 846 0 6 15 4 0
762 525 1 2 2 4 0
763 666 1 1 78 3 0
765 810 0 4 70 5 0
766 1133 3 7 31 4 0
766 55 3 8 18 4 0
766 180 4 9 67 5 0
766 481 3 9 35 5 0
767 404 0 9 6 3 0
768 970 4 1 99 5 0
768 1006 2 2 83 4 0
768 797 4 6 66 4 0
769 344 2 8 9 5 0
769 314 1 9 6 4 0
770 636 4 4 22 4 0
770 41 3 3 95 4 0
770 567 3 6 42 4 0
771 1023 4 8 34 5 0
771 41 4 2 37 5 0
771 117 2 2 11 3 0
771 562 2 1 7 5 0
771 666 1 3 87 3 0
771 583 4 3 22 4 0
773 323 0 1 35 4 0
773 750 1 4 24 5 0
774 724 0 0 40 5 0
775 1133 2 5 74 3 0
776 311 2 9 89 4 0
777 84 1 8 78 3 0
777 470 1 7 64 4 0
777 954 4 9 1 3 0
777 51 2 2 35 5 0
778 491 3 4 42 3 0
779 614 3 6 81 5 0
780 624 3 0 76 3 0
782 722 0 6 16 5 0
783 190 2 2 6 4 0
783 1041 0 5 54 4 0
784 947 4 2 63 3 0
785 471 2 3 11 4 0
786 501 4 2 56 3 0
788 506 0 5 36 3 0
788 1045 1 6 72 5 0
789 426 1 2 55 5 0
789 655 3 5 25 4 0
789 542 0 6 46 4 0
790 1136 2 4 84 5 0
790 290 2 0 61 3 0
791 143 1 2 9 5 0
791 9 2 6 41 3 0
792 913 0 6 13 3 0
793 325 4 7 18 5 0
793 462 0 3 30 4 0
794 207 0 3 75 5 0
795 1083 0 5 86 5 0
796 744 1 1 5 4 0
796 1010 2 8 39 3 0
796 1017 2 4 82 3 0
797 318 2 5 9 3 0
797 157 3 0 74 4 0
797 635 2 6 13 4 0
797 767 3 6 17 3 0
797 73 3 2 59 3 0
798 442 2 5 83 3 0
799 801 4 4 4 5 0
800 965 4 9 3 4 0
800 80 3 1 87 3 0
800 344 3 5 29 4 0
800 104 3 1 81 5 0
800 127 3 9 6 4 0
800 69 2 8 59 4 0
803 496 1 2 64 4 0
804 230 1 5 1 3 0
805 284 4 5 47 4 0
805 641 2 5 11 4 0
805 664 0 6 88 5 0
806 314 3 9 53 3 0
807 371 3 9 34 3 0
807 1039 3 6 71 4 0
807 1133 1 1 22 3 0
807 1158 4 3 44 4 0
807 719 2 3 16 5 0
808 1012 1 6 70 5 0
809 732 0 8 38 5 0
809 194 0 6 89 4 0
809 257 0 6 49 5 0
810 194 0 1 91 3 0
811 1165 2 8 27 3 0
811 1167 0 7 42 3 0
811 1100 2 1 25 3 0
812 622 1 1 71 3 0
812 1100 1 3 92 5 0
812 674 2 1 21 5 0
813 160 4 5 43 5 0
814 991 0 3 84 4 0
814 177 3 5 29 4 0
814 345 4 7 64 5 0
817 1183 3 5 17 4 0
817 316 2 6 89 4 0
818 1182 4 1 76 3 0
818 831 2 0 90 3 0
820 943 2 6 59 3 0
821 115 0 3 61 4 0
821 834 2 2 9 5 0
823 207 2 8 15 4 0
824 482 0 2 31 4 0
825 33 4 1 78 4 0
826 807 2 7 84 5 0
828 72 0 4 90 5 0
829 575 4 4 72 3 0
829 679 1 0 88 5 0
829 255 4 9 80 4 0
829 95 4 6 95 3 0
830 214 3 4 69 4 0
830 320 0 2 63 3 0
832 471 4 2 10 4 0
833 92 0 3 81 3 0
834 317 3 6 1 3 0
834 32 4 1 44 4 0
834 415 4 5 58 4 0
835 906 1 0 89 5 0
836 863 1 1 22 5 0
836 414 3 2 30 5 0
836 1022 2 8 29 3 0
837 374 4 6 36 4 0
837 26 3 7 61 5 0
839 1069 2 0 92 3 0
839 316 2 4 85 4 0
839 887 4 9 94 3 0
841 551 1 9 72 4 0
841 315 3 2 68 3 0
845 620 2 3 20 5 0
846 349 3 3 50 5 0
848 395 3 6 91 4 0
850 837 3 8 99 3 0
850 563 4 6 78 3 0
852 636 0 1 65 3 0
852 713 1 2 48 4 0
853 469 1 9 50 4 0
854 599 0 7 38 3 0
854 492 3 3 73 5 0
855 756 1 4 26 4 0
856 990 1 3 25 5 0
856 525 2 4 60 5 0
857 604 4 9 30 5 0
857 971 0 0 12 3 0
857 422 4 1 63 3 0
857 183 4 3 16 4 0
858 558 1 3 56 3 0
858 1080 4 5 12 4 0
858 29 2 5 8 3 0
858 805 0 3 65 5 0
858 867 2 7 89 4 0
859 476 4 0 77 5 0
860 358 3 4 85 3 0
861 583 2 1 79 5 0
862 1099 2 7 83 3 0
863 510 0 9 92 5 0
864 701 3 5 35 4 0
864 163 0 0 48 5 0
865 408 3 8 8 3 0
865 1198 1 3 63 5 0
865 1012 4 6 84 5 0
867 884 0 3 5 5 0
867 873 2 3 60 4 0
868 399 1 9 25 5 0
868 968 3 1 26 4 0
868 917 3 4 98 4 0
869 648 0 4 75 5 0
870 711 2 8 97 5 0
870 635 0 3 29 4 0
870 1188 3 5 95 4 0
870 231 4 0 7 5 0
871 224 4 4 44 3 0
872 384 1 0 20 5 0
872 981 0 6 28 3 0
874 555 0 8 96 4 0
874 1178 4 2 65 3 0
874 313 3 6 50 3 0
874 563 0 0 34 5 0
875 62 3 8 55 5 0
876 906 3 3 27 5 0
876 593 2 6 16 3 0
877 114 2 9 29 4 0
877 1153 1 8 55 3 0
877 184 1 8 28 3 0
878 327 4 4 48 4 0
878 155 1 0 33 5 0
878 390 0 4 50 4 0
879 255 3 0 9 5 0
880 1167 0 2 60 5 0
880 1193 0 9 63 4 0
880 316 1 2 100 5 0
881 93 1 8 9 5 0
881 609 4 1 31 4 0
883 785 3 5 10 3 0
883 319 1 8 38 3 0
884 21 3 0 12 4 0
884 419 3 0 68 5 0
885 367 1 9 7 3 0
886 677 1 7 22 3 0
887 733 4 2 56 5 0
888 334 4 1 44 5 0
888 423 1 8 78 5 0
891 386 2 3 19 4 0
891 693 0 2 61 3 0
892 720 2 2 21 5 0
892 509 1 0 41 4 0
892 253 3 4 41 3 0
893 729 3 6 15 4 0
893 14 2 2 67 3 0
893 105 0 0 62 5 0
894 368 2 5 30 3 0
894 990 0 9 45 4 0
894 291 1 5 58 4 0
894 386 2 5 95 4 0
895 24 1 1 61 5 0
896 362 0 9 46 3 0
897 872 3 5 36 4 0
898 975 4 5 4 4 0
898 822 0 2 8 5 0
899 581 1 8 70 4 0
899 214 0 5 40 4 0
899 995 4 8 40 5 0
899 740 3 0 38 3 0
900 687 1 6 97 3 0
901 719 4 1 79 3 0
902 56 0 4 85 4 0
902 518 3 5 74 4 0
902 616 1 3 95 3 0
903 259 0 0 84 4 0
903 741 2 6 50 3 0
904 420 4 6 38 5 0
904 403 2 7 90 3 0
905 452 4 7 45 3 0
905 238 2 8 79 4 0
906 841 1 3 94 4 0
907 161 0 8 54 4 0
907 49 0 2 20 4 0
908 463 2 7 43 5 0
909 458 3 9 13 4 0
909 374 2 9 29 3 0
909 856 1 6 74 5 0
910 595 0 3 54 5 0
910 1073 4 3 20 4 0
911 892 4 2 49 4 0
911 944 1 9 90 4 0
911 493 2 5 20 5 0
912 163 0 4 17 5 0
915 721 1 7 41 3 0
916 796 2 7 75 4 0
916 1194 4 2 13 5 0
917 471 3 9 91 5 0
917 777 0 5 12 3 0
917 898 2 7 10 3 0
917 987 1 5 74 4 0
917 25 1 9 58 3 0
918 654 2 1 17 4 0
919 732 1 7 36 3 0
919 980 4 2 2 5 0
920 598 3 3 55 5 0
921 1017 1 8 20 4 0
922 922 3 8 60 4 0
922 664 2 1 24 5 0
922 223 4 3 29 4 0
924 172 0 3 80 3 0
925 545 2 1 15 5 0
928 533 3 4 3 3 0
928 978 3 1 60 5 0
929 453 2 3 58 3 0
931 1131 1 4 17 5 0
932 774 0 8 49 5 0
932 1045 1 7 93 5 0
932 430 3 0 22 5 0
932 565 4 6 49 4 0
933 368 2 9 69 4 0
935 965 0 6 58 5 0
936 705 4 1 60 4 0
936 1073 1 3 15 3 0
937 993 4 2 88 5 0
938 1034 2 0 78 3 0
938 715 4 6 53 3 0
938 902 2 7 88 5 0
938 749 1 3 67 3 0
939 38 2 7 2 5 0
940 429 1 9 19 5 0
940 149 3 0 2 4 0
940 196 4 3 4 4 0
941 684 1 3 74 4 0
941 381 4 2 43 4 0
941 1139 4 0 17 5 0
942 452 2 6 50 4 0
942 30 0 5 35 4 0
943 133 4 6 83 4 0
945 1033 1 9 18 3 0
947 320 4 6 8 4 0
947 321 4 1 14 5 0
947 470 2 9 13 3 0
949 159 2 3 25 3 0
949 334 1 3 12 4 0
949 71 0 8 14 5 0
949 127 1 0 71 4 0
950 176 1 9 13 5 0
950 215 1 0 15 4 0
950 969 3 5 77 4 0
951 313 1 1 95 4 0
952 897 0 6 38 3 0
952 907 0 4 83 5 0
952 806 2 5 75 5 0
952 283 3 0 1 3 0
953 10 2 6 52 5 0
953 540 2 8 92 5 0
953 603 3 2 87 5 0
954 499 1 0 59 5 0
954 640 4 2 88 4 0
955 15 1 3 49 3 0
955 178 1 0 68 5 0
956 136 2 6 61 3 0
956 33 0 1 10 3 0
956 762 1 1 63 3 0
957 282 2 0 93 3 0
957 658 0 9 44 4 0
957 526 2 3 27 3 0
959 451 1 6 81 5 0
959 930 3 8 27 4 0
959 103 2 6 14 4 0
960 261 4 8 53 5 0
960 585 0 6 26 4 0
961 528 3 4 57 5 0
961 1049 3 3 50 5 0
962 729 4 7 26 4 0
962 1022 4 2 3 4 0
962 403 1 9 79 5 0
962 1079 0 8 4 4 0
963 166 0 7 38 5 0
964 830 3 1 71 3 0
964 175 0 2 21 4 0
965 309 2 6 92 5 0
965 1114 3 3 93 5 0
965 514 4 2 70 3 0
965 612 4 7 6 4 0
965 35 2 4 73 3 0
965 81 4 4 78 4 0
966 132 0 6 71 5 0
966 669 1 4 10 4 0
968 171 3 5 48 4 0
968 403 2 4 2 4 0
969 510 3 1 55 4 0
969 1126 4 7 49 3 0
969 842 1 6 53 5 0
970 821 3 2 69 4 0
972 816 2 0 32 4 0
974 123 4 6 24 3 0
975 365 2 6 17 4 0
975 712 0 2 67 3 0
976 224 4 9 61 5 0
976 40 0 6 41 4 0
977 406 2 5 16 3 0
977 76 2 7 85 5 0
977 125 2 9 40 3 0
977 197 4 2 67 3 0
978 249 2 8 43 5 0
979 834 2 2 32 4 0
980 1059 4 6 24 4 0
981 151 1 3 74 3 0
983 647 4 7 42 4 0
983 517 1 9 14 3 0
984 436 3 0 18 3 0
985 335 2 7 16 4 0
987 97 2 3 90 3 0
987 1151 3 0 85 4 0
987 1060 1 8 4 4 0
987 33 2 3 27 5 0
990 310 2 6 22 4 0
991 790 1 8 82 3 0
991 797 1 2 41 5 0
992 991 0 1 10 3 0
992 81 2 0 4 4 0
992 73 0 0 66 5 0
993 609 1 0 63 4 0
993 897 1 2 78 3 0
993 1000 1 2 85 4 0
993 962 1 2 75 3 0
994 594 3 8 82 4 0
994 907 1 5 88 5 0
994 618 0 2 82 3 0
995 277 1 6 31 3 0
995 613 0 8 7 3 0
995 837 4 7 59 5 0
996 430 1 2 37 3 0
997 1142 4 1 22 3 0
997 391 0 9 65 4 0
997 620 1 8 27 5 0
998 851 0 6 76 3 0
998 1023 1 4 95 4 0
1000 1145 3 0 59 5 0
1001 1075 3 7 71 3 0
1002 135 2 6 99 3 0
1002 784 0 8 4 3 0
1002 330 2 9 30 4 0
1002 1152 0 1 14 4 0
1003 6 3 7 72 3 0
1004 43 1 3 48 5 0
1005 487 4 1 9 5 0
1007 108 1 6 99 4 0
1008 57 3 6 63 3 0
1008 39 0 2 23 5 0
1009 254 1 7 66 5 0
1009 862 4 1 95 4 0
1009 228 4 2 12 3 0
1010 98 4 3 24 5 0
1015 593 0 5 38 3 0
1015 1114 2 1 89 5 0
1016 255 4 2 47 5 0
1016 65 4 5 59 4 0
1016 266 3 8 5 4 0
1016 668 4 0 69 5 0
1017 195 4 0 93 5 0
1017 834 2 1 29 3 0
1017 218 2 9 54 3 0
1018 87 4 9 70 5 0
1018 912 2 7 25 3 0
1018 77 1 6 84 5 0
1020 648 2 3 49 5 0
1021 320 3 5 59 3 0
1021 821 0 8 97 4 0
1021 597 0 0 72 4 0
1021 303 2 5 72 4 0
1022 1085 0 0 89 3 0
1022 1031 0 5 37 4 0
1022 615 3 0 73 5 0
1023 824 0 9 76 3 0
1023 669 2 9 9 5 0
1024 1051 0 2 6 3 0
1024 133 3 1 56 3 0
1024 37 0 6 32 4 0
1027 1086 4 0 63 5 0
1028 626 1 1 38 5 0
1028 808 1 9 79 4 0
1029 946 1 5 88 5 0
1030 379 4 9 20 4 0
1030 254 4 5 53 5 0
1030 284 3 9 5 3 0
1031 34 2 9 9 5 0
1032 331 0 0 66 5 0
1032 510 4 8 5 4 0
1032 115 4 8 24 5 0
1033 140 2 1 16 5 0
1034 445 0 4 51 5 0
1034 401 4 7 30 5 0
1034 245 3 4 40 4 0
1034 757 1 9 73 3 0
1035 411 2 9 23 5 0
1035 81 4 7 43 5 0
1035 388 0 0 54 3 0
1035 909 4 9 12 5 0
1036 262 4 9 85 3 0
1037 506 4 0 96 3 0
1038 1003 2 5 74 5 0
1039 668 0 5 76 4 0
1040 840 0 6 33 5 0
1044 189 0 2 11 3 0
1045 428 3 2 44 5 0
1045 440 2 4 17 5 0
1045 155 2 4 33 4 0
1046 53 2 8 94 5 0
1046 792 2 1 94 5 0
1046 221 2 1 48 5 0
1048 531 4 3 98 5 0
1048 1108 3 6 1 4 0
1049 583 1 9 44 4 0
1049 298 4 4 16 4 0
1049 835 2 3 71 4 0
1050 738 4 7 35 4 0
1050 195 4 4 26 3 0
1053 550 0 1 67 5 0
1053 743 3 7 69 4 0
1053 1161 1 8 41 3 0
1053 752 3 3 14 3 0
1055 575 0 4 67 3 0
1055 1163 3 0 42 3 0
1055 543 1 0 4 5 0
1055 1092 3 5 85 3 0
1056 27 3 7 85 5 0
1056 296 1 2 81 3 0
1056 754 1 3 29 4 0
1056 695 1 7 31 5 0
1057 935 1 0 57 5 0
1058 41 4 1 28 3 0
1058 614 4 4 7 4 0
1059 714 0 3 47 3 0
1060 508 1 9 43 3 0
1061 506 3 9 28 5 0
1062 667 1 0 68 4 0
1062 676 3 1 83 3 0
1063 119 4 6 4 4 0
1063 914 1 4 3 3 0
1065 584 1 3 80 3 0
1065 1167 4 9 5 5 0
1065 432 3 3 51 5 0
1066 1090 0 7 75 5 0
1069 69 1 9 67 3 0
1070 829 2 0 8 4 0
1070 980 3 0 30 4 0
1070 1168 3 1 8 3 0
1070 871 4 3 70 3 0
1071 174 3 5 11 3 0
1071 1119 1 7 58 3 0
1071 600 2 0 5 3 0
1072 74 1 4 17 5 0
1072 412 1 5 93 5 0
1072 70 1 2 21 3 0
1072 1150 0 6 62 5 0
1072 580 0 1 29 4 0
1072 600 4 9 33 5 0
1074 914 3 5 62 3 0
1075 964 1 5 43 4 0
1075 822 2 2 6 5 0
1076 1170 1 9 5 4 0
1077 451 0 7 37 4 0
1078 289 0 3 49 4 0
1079 790 3 3 80 4 0
1080 642 1 9 41 5 0
1082 999 3 4 22 5 0
1082 915 0 7 85 3 0
1083 50 4 3 13 3 0
1084 70 0 0 13 3 0
1085 296 1 4 24 4 0
1085 1041 0 8 22 4 0
1085 36 0 6 73 4 0
1086 743 4 4 91 4 0
1086 457 1 8 53 5 0
1087 941 0 5 28 3 0
1088 837 1 0 11 3 0
1088 329 2 1 46 4 0
1089 562 0 0 39 3 0
1091 1003 1 6 19 3 0
1091 514 0 5 42 4 0
1092 1042 2 5 28 4 0
1093 1180 4 7 13 3 0
1093 943 0 3 62 4 0
1098 1055 3 8 56 4 0
1098 790 0 8 12 3 0
1100 1155 1 9 30 5 0
1101 861 1 3 11 5 0
1101 638 0 2 68 4 0
1101 693 1 4 31 5 0
1103 682 0 5 66 4 0
1104 883 0 4 99 4 0
1105 565 1 9 68 4 0
1106 1055 3 3 29 4 0
1106 1172 0 5 92 3 0
1106 147 2 3 60 3 0
1107 494 0 7 57 4 0
1108 404 1 3 46 3 0
1109 1197 4 9 34 4 0
1109 576 3 0 56 3 0
1111 674 3 8 22 4 0
1113 13 3 4 92 3 0
1114 671 2 7 15 5 0
1114 551 2 6 77 3 0
1115 810 4 7 47 5 0
1115 469 2 2 84 3 0
1115 251 3 4 16 4 0
1115 914 0 7 96 5 0
1116 226 0 3 91 3 0
1116 733 4 3 37 5 0
1117 800 1 6 58 5 0
1119 638 0 2 13 4 0
1121 233 4 0 24 5 0
1122 194 0 1 71 5 0
1122 386 4 8 92 4 0
1123 106 2 6 11 3 0
1124 113 0 1 54 5 0
1125 216 4 8 59 3 0
1126 1057 4 1 58 4 0
1126 20 3 1 36 5 0
1127 572 2 9 90 5 0
1127 551 2 5 95 5 0
1127 401 4 5 44 3 0
1127 171 1 9 70 5 0
1127 447 0 1 58 3 0
1128 22 4 1 84 4 0
1128 729 1 0 71 4 0
1128 485 3 9 55 4 0
1129 248 1 3 47 3 0
1129 455 2 1 19 4 0
1130 237 0 9 93 4 0
1130 852 3 5 33 5 0
1130 385 2 6 73 5 0
1131 1080 0 7 86 3 0
1131 908 1 0 32 5 0
1134 615 1 6 32 3 0
1135 647 2 3 62 3 0
1135 964 1 2 36 3 0
1136 839 0 0 73 4 0
1136 1188 2 3 8 4 0
1137 1165 3 6 22 3 0
1137 642 2 5 5 5 0
1137 268 2 0 49 4 0
1138 346 4 5 98 4 0
1138 289 0 2 86 3 0
1140 1074 0 2 97 3 0
1140 341 0 3 51 3 0
1140 316 2 1 37 5 0
1141 724 3 9 61 3 0
1143 937 1 5 98 5 0
1145 109 3 4 4 5 0
1147 1174 1 6 91 5 0
1147 585 1 7 64 5 0
1148 610 1 8 82 4 0
1149 964 0 0 18 4 0
1149 1182 1 4 66 3 0
1150 82 4 8 26 3 0
1150 676 0 8 62 4 0
1150 1148 4 6 28 3 0
1150 43 2 7 44 3 0
1151 262 2 7 29 4 0
1151 453 2 7 55 5 0
1151 603 0 1 31 5 0
1151 921 2 0 51 4 0
1151 864 4 3 76 3 0
1151 668 3 4 28 3 0
1152 877 3 9 1 5 0
1153 347 3 8 87 4 0
1153 963 0 4 4 4 0
1155 845 4 1 81 3 0
1155 138 4 4 7 4 0
1156 489 0 1 5 3 0
1156 801 4 3 64 3 0
1157 424 0 8 8 3 0
1157 194 1 4 95 3 0
1158 795 0 1 87 5 0
1159 706 0 7 13 5 0
1160 871 1 3 8 3 0
1161 365 3 2 12 5 0
1162 1049 3 7 6 5 0
1165 1174 0 3 10 3 0
1166 61 4 2 13 5 0
1167 94 2 6 24 3 0
1168 1031 1 7 75 4 0
1168 196 0 8 49 3 0
1169 797 4 2 41 4 0
1169 31 2 2 98 3 0
1169 988 2 2 66 4 0
1169 144 2 4 81 4 0
1169 432 4 7 69 4 0
1170 397 4 3 14 3 0
1171 494 1 3 39 5 0
1172 759 4 9 7 4 0
1173 958 4 4 37 3 0
1173 560 0 0 95 3 0
1173 751 1 1 54 4 0
1174 5 4 9 77 4 0
1174 570 2 1 14 5 0
1177 225 0 1 34 5 0
1177 373 0 3 48 3 0
1177 327 2 6 23 3 0
1179 290 2 8 9 5 0
1180 947 1 2 31 5 0
1180 803 3 5 57 3 0
1180 719 4 6 12 4 0
1181 965 1 0 33 4 0
1181 470 0 5 56 5 0
1181 1012 3 3 95 4 0
1181 915 1 1 9 3 0
1181 7 3 9 48 4 0
1182 830 1 5 4 3 0
1184 936 3 9 92 4 0
1185 1190 1 7 24 4 0
1185 733 4 1 82 3 0
1185 583 2 4 13 5 0
1185 1078 0 4 60 3 0
1186 772 3 0 10 3 0
1186 47 4 0 30 3 0
1188 559 4 7 42 5 0
1190 20 4 8 89 4 0
1190 497 0 8 74 5 0
1191 755 3 6 4 3 0
1191 531 4 1 42 4 0
1192 267 2 3 52 3 0
1192 461 0 8 82 3 0
1192 847 3 8 73 5 0
1192 1004 0 5 33 4 0
1193 912 1 4 6 4 0
1193 377 3 4 80 4 0
1193 387 2 5 83 5 0
1193 767 1 2 73 4 0
1193 482 4 4 42 4 0
1193 368 4 3 88 5 0
1195 384 4 1 90 3 0
1195 1006 0 5 91 3 0
1195 263 0 6 92 5 0
1195 652 3 6 16 3 0
1195 85 0 4 61 3 0
1196 455 4 9 57 4 0
1196 652 2 7 18 4 0
1197 1068 2 5 77 3 0
1197 779 1 2 66 4 0
1198 642 4 9 5 3 0
1198 254 4 0 9 3 0
1198 1064 3 2 27 4 0
1198 267 2 3 92 4 0
1199 1198 3 1 64 3 0

