10

5
0 20 20 20 20 20 20 20 20 20 20
1 20 20 20 20 20 20 20 20 20 20
2 20 20 20 20 20 20 20 20 20 20
3 20 20 20 20 20 20 20 20 20 20
4 20 20 20 20 20 20 20 20 20 20

25
309 532 100000 6 1
0 126 2 2
1 108 6 8
2 137 8 7
5 113 4 6
6 140 6 6
9 127 2 9
1007 829 100000 6 0
0 139 2 1
1 117 4 4
2 136 4 1
3 100 10 5
4 117 3 6
9 138 8 3
560 1138 100000 6 1
1 107 10 1
2 133 4 7
3 111 3 2
5 107 5 1
6 141 6 7
9 129 9 1
336 240 100000 6 0
0 147 2 2
1 121 5 2
5 142 5 1
7 150 1 4
8 114 9 9
9 144 1 3
48 1079 100000 6 3
1 124 3 2
2 128 8 1
3 111 4 5
4 125 2 5
6 113 6 10
8 119 3 2
9 565 100000 6 4
0 104 10 8
1 113 1 9
4 104 9 10
5 121 1 3
6 117 5 10
7 106 1 1
432 423 100000 6 2
1 103 3 10
4 124 9 7
5 125 5 1
6 149 8 2
7 137 8 6
9 114 4 5
922 689 100000 6 1
0 105 6 1
2 148 2 8
3 115 9 3
5 118 1 3
6 143 6 6
9 133 3 1
470 886 100000 6 1
3 141 5 10
4 148 2 8
6 117 6 3
7 129 4 8
8 108 6 6
9 140 9 3
1103 252 100000 6 4
0 113 9 9
3 145 5 8
4 140 3 3
5 108 5 1
6 136 2 3
8 121 5 4
650 174 100000 6 0
0 102 8 8
1 125 9 2
2 141 3 5
4 132 9 7
7 110 8 8
8 143 9 8
313 365 100000 6 3
1 107 4 4
3 146 5 4
4 132 5 7
6 130 2 6
7 133 4 3
8 135 10 6
598 308 100000 6 1
0 146 3 9
2 104 3 10
4 132 9 1
5 107 5 7
6 136 2 9
8 112 10 8
910 834 100000 6 4
0 110 4 5
1 114 2 2
2 135 9 10
4 128 7 6
7 150 4 9
9 146 3 9
114 924 100000 6 4
0 140 2 6
1 100 1 10
4 147 3 3
5 114 2 8
6 126 1 1
8 138 4 7
1106 1149 100000 6 0
1 109 10 2
3 147 1 6
4 111 4 3
5 114 5 1
7 107 1 4
8 127 9 10
775 565 100000 6 0
0 132 9 9
1 130 3 3
2 113 9 6
5 108 3 5
8 150 2 3
9 135 5 8
416 173 100000 6 2
0 119 6 1
1 116 1 8
2 100 6 5
5 144 8 8
8 150 5 1
9 101 1 2
41 1043 100000 6 3
0 125 1 5
1 147 1 9
4 137 2 1
6 120 2 8
7 127 2 6
9 133 1 1
240 1154 100000 6 3
0 104 9 2
3 145 2 4
5 116 10 8
7 129 8 1
8 102 8 2
9 111 3 10
1069 443 100000 6 4
0 122 10 10
2 129 6 8
3 131 1 5
4 138 2 6
8 147 4 5
9 149 3 10
1193 1172 100000 6 2
0 112 2 8
1 129 9 5
2 114 1 7
3 115 5 6
4 119 4 6
8 131 7 2
419 417 100000 6 3
2 104 1 3
3 130 4 10
5 137 9 1
6 130 5 1
7 106 9 8
8 102 4 2
34 275 100000 6 2
0 113 5 9
1 117 6 4
3 145 4 7
5 103 5 9
6 139 1 9
8 115 8 6
862 670 100000 6 2
1 117 3 2
2 144 3 1
5 108 4 2
6 137 1 4
7 105 6 4
9 102 8 4

900
0 1127 1 6 14 4 0
2 237 2 4 72 5 0
3 947 4 1 86 3 0
4 299 4 3 41 3 0
5 777 2 5 32 5 0
6 41 3 7 56 5 0
7 667 1 3 44 5 0
8 107 2 5 42 5 0
9 1069 4 3 29 3 0
10 1157 3 5 56 5 0
12 199 1 9 89 5 0
13 207 1 1 46 3 0
14 698 1 2 51 3 0
16 809 3 9 8 3 0
18 922 3 7 35 3 0
19 1136 1 4 33 4 0
20 701 0 0 12 3 0
21 587 3 1 52 5 0
22 1157 3 7 51 4 0
23 595 2 7 82 5 0
24 928 1 1 6 3 0
25 1193 4 6 31 3 0
26 603 1 8 52 3 0
28 1038 2 3 14 3 0
29 1050 3 5 44 5 0
30 199 4 1 75 3 0
32 396 3 6 13 3 0
33 285 3 6 2 3 0
34 56 0 7 23 4 0
35 465 3 2 86 5 0
36 1104 4 0 63 5 0
38 479 4 5 98 4 0
39 336 3 8 55 5 0
40 830 0 3 62 4 0
41 1116 1 6 73 5 0
44 350 0 0 88 3 0
45 122 0 6 16 5 0
46 137 2 9 56 3 0
48 1156 3 3 26 5 0
49 479 2 3 16 3 0
50 104 0 1 4 4 0
51 272 0 2 61 3 0
53 397 2 9 3 4 0
54 1045 1 8 2 5 0
55 151 2 1 84 4 0
56 594 4 3 41 5 0
57 1113 1 1 80 3 0
58 454 2 4 31 3 0
60 777 0 7 67 4 0
61 795 1 7 91 4 0
62 453 0 6 53 3 0
63 881 3 7 18 5 0
64 212 3 8 47 4 0
65 255 4 7 81 3 0
66 826 2 2 19 3 0
68 415 2 5 35 3 0
70 765 1 2 25 5 0
71 50 3 4 89 5 0
72 556 0 5 31 5 0
75 1018 3 3 84 3 0
76 85 0 0 84 4 0
78 174 3 5 87 4 0
79 253 2 7 49 3 0
80 732 1 7 14 3 0
81 830 4 9 49 4 0
82 79 3 7 10 3 0
84 269 3 8 86 4 0
85 941 1 5 67 4 0
86 1023 3 3 20 3 0
88 580 4 7 56 5 0
90 411 4 6 34 3 0
91 660 0 7 81 4 0
92 757 2 4 48 4 0
93 1029 0 4 34 4 0
94 386 1 7 12 3 0
96 134 0 8 4 4 0
99 965 1 3 23 4 0
100 781 1 5 73 4 0
102 657 3 9 56 5 0
103 1169 3 3 88 4 0
104 1016 4 6 18 5 0
105 270 2 7 94 5 0
106 111 2 7 52 4 0
107 173 2 7 58 4 0
108 576 4 0 8 5 0
110 45 2 7 65 4 0
111 767 4 5 32 4 0
112 265 2 1 51 5 0
113 1158 4 9 64 3 0
114 354 2 2 98 3 0
115 552 0 1 9 5 0
116 551 0 8 51 4 0
117 1000 1 9 53 4 0
118 124 2 9 85 5 0
119 682 3 5 59 4 0
120 875 1 3 80 3 0
121 311 4 6 49 4 0
122 218 0 2 100 5 0
125 771 3 0 55 4 0
126 1054 2 1 25 4 0
129 615 4 5 98 3 0
130 177 3 3 59 3 0
132 279 4 5 41 5 0
133 1091 0 8 28 3 0
134 154 3 6 79 3 0
135 1194 4 5 27 5 0
136 217 3 6 9 4 0
138 930 0 8 48 3 0
139 936 0 8 10 3 0
140 470 4 4 87 3 0
143 83 4 9 94 5 0
144 458 0 6 40 3 0
145 143 4 4 71 4 0
146 1155 2 6 14 3 0
150 28 0 8 45 3 0
151 906 3 5 13 3 0
152 444 2 0 58 3 0
153 791 0 9 77 5 0
154 593 4 5 74 5 0
155 994 0 1 79 4 0
158 437 0 6 38 4 0
159 799 1 2 76 5 0
160 343 1 1 33 5 0
161 144 4 0 15 3 0
162 863 2 3 77 3 0
163 869 1 5 10 4 0
164 780 1 7 58 5 0
166 808 1 1 28 3 0
167 706 1 4 2 4 0
169 806 0 4 98 4 0
170 1044 3 8 25 5 0
171 369 3 0 26 3 0
172 959 4 7 27 5 0
173 123 2 1 83 5 0
175 792 0 1 59 4 0
177 51 0 0 73 3 0
180 499 3 8 45 4 0
181 217 3 4 31 4 0
183 1013 0 0 51 4 0
185 1125 2 7 22 4 0
186 954 3 3 98 3 0
187 913 3 8 4 3 0
188 390 0 5 89 4 0
189 1151 1 7 42 3 0
190 824 4 0 87 5 0
193 3 0 7 81 4 0
195 519 3 5 11 4 0
196 1138 0 3 17 4 0
197 186 1 2 60 4 0
200 941 4 7 2 4 0
201 566 3 0 61 5 0
202 645 2 4 97 5 0
203 351 4 9 63 4 0
204 539 1 3 57 4 0
205 322 1 8 69 3 0
206 248 2 0 23 4 0
207 182 3 1 10 5 0
208 772 0 8 12 4 0
209 1153 4 7 36 4 0
212 1158 0 0 3 3 0
213 1098 0 0 23 4 0
214 1075 1 7 63 4 0
215 473 3 6 72 3 0
217 693 0 5 35 3 0
219 1012 2 3 83 4 0
220 32 4 3 33 5 0
221 1097 0 1 88 5 0
222 247 0 8 44 3 0
223 233 3 0 60 5 0
224 817 1 3 89 4 0
226 109 0 6 2 5 0
227 131 1 8 14 5 0
228 103 2 8 44 3 0
229 1046 3 2 91 5 0
231 965 3 4 74 4 0
232 1026 3 8 28 5 0
233 184 4 4 9 3 0
234 438 2 2 82 5 0
235 130 4 5 83 5 0
236 1026 0 0 11 3 0
237 283 1 6 15 5 0
238 1132 0 6 47 4 0
239 1094 2 2 43 5 0
240 423 0 0 95 5 0
241 58 4 3 40 4 0
242 247 0 4 98 3 0
243 60 1 9 10 4 0
244 1002 4 3 16 3 0
245 668 4 2 77 5 0
247 1110 3 7 59 4 0
248 886 0 6 75 3 0
251 425 2 4 56 4 0
252 1119 3 2 45 4 0
254 1111 3 7 84 3 0
256 686 3 0 100 3 0
257 218 3 2 66 4 0
258 407 2 1 18 4 0
259 1056 1 1 33 4 0
260 181 2 5 27 5 0
261 149 2 5 7 4 0
262 709 1 5 80 3 0
263 156 1 4 71 5 0
264 289 1 6 80 4 0
267 283 2 6 81 5 0
268 56 3 9 60 4 0
269 792 4 0 70 4 0
270 329 1 5 39 5 0
271 825 4 4 57 3 0
272 532 1 8 28 4 0
273 794 0 9 77 4 0
274 710 1 6 34 5 0
275 170 3 5 40 4 0
276 106 3 4 66 3 0
279 241 1 7 94 4 0
280 903 2 3 94 4 0
281 1109 4 3 2 4 0
282 1018 1 1 18 5 0
283 682 4 9 46 3 0
284 466 3 3 24 5 0
285 370 2 7 32 4 0
286 419 0 8 94 3 0
287 334 3 9 76 4 0
289 1064 3 7 27 4 0
290 801 2 0 98 3 0
291 32 4 0 53 3 0
293 590 4 5 62 4 0
294 233 2 4 76 3 0
295 999 3 9 79 3 0
296 954 2 6 33 4 0
297 1175 2 2 69 3 0
298 855 4 1 12 4 0
299 925 1 6 82 5 0
300 346 4 5 94 3 0
301 507 4 9 45 5 0
302 143 0 4 95 5 0
303 1176 1 5 83 3 0
304 501 0 3 81 4 0
305 415 4 9 1 3 0
306 274 2 3 36 4 0
307 951 4 8 4 5 0
309 221 1 0 71 5 0
310 973 2 1 81 3 0
312 1102 3 8 29 4 0
313 167 3 1 35 3 0
314 649 2 5 78 3 0
315 317 1 5 29 5 0
317 203 2 0 57 4 0
318 556 4 0 32 5 0
319 1182 0 9 11 3 0
320 488 4 8 13 3 0
321 647 3 3 1 3 0
322 408 2 5 4 4 0
323 674 2 9 73 4 0
324 350 1 1 73 3 0
326 169 0 5 80 5 0
327 1172 3 7 53 3 0
328 963 0 1 49 4 0
330 924 0 8 1 4 0
332 251 2 9 7 5 0
333 123 3 5 43 5 0
334 376 3 8 37 5 0
335 561 3 8 88 5 0
336 763 3 2 68 4 0
338 157 3 6 27 4 0
339 318 0 1 38 3 0
340 111 1 3 91 3 0
341 471 2 8 98 5 0
342 864 4 1 90 4 0
343 645 4 2 93 3 0
344 120 1 3 76 4 0
345 207 0 0 49 4 0
346 993 2 1 81 5 0
347 371 4 2 55 4 0
348 423 3 0 25 4 0
349 579 2 9 18 5 0
351 608 2 7 81 4 0
353 636 4 5 31 5 0
356 730 1 6 70 5 0
357 948 1 9 15 3 0
358 999 0 7 69 4 0
359 1000 1 9 14 5 0
360 551 4 5 90 5 0
362 325 0 6 94 5 0
364 850 1 7 96 5 0
365 54 0 7 58 3 0
366 875 0 5 95 5 0
367 319 1 2 42 3 0
368 612 4 0 22 3 0
369 20 0 7 16 5 0
370 23 4 6 44 3 0
374 1034 2 9 45 4 0
376 624 2 1 43 5 0
377 75 0 4 30 5 0
378 136 0 4 92 5 0
379 740 0 2 7 4 0
380 601 3 8 96 5 0
381 460 3 3 8 5 0
383 581 4 4 43 3 0
384 663 3 6 73 5 0
385 491 3 8 60 3 0
386 55 2 1 92 5 0
387 1113 1 9 33 3 0
388 751 4 2 50 4 0
389 451 0 8 7 3 0
390 208 3 5 3 5 0
391 139 0 1 59 3 0
393 530 2 2 38 4 0
394 186 3 2 32 5 0
395 1081 2 9 84 3 0
396 1017 2 9 26 4 0
399 373 4 3 40 5 0
401 594 2 1 36 5 0
402 23 0 6 45 3 0
403 809 0 0 79 4 0
404 596 0 2 82 4 0
406 921 3 3 62 5 0
409 778 0 5 45 5 0
410 134 2 2 70 4 0
412 633 0 3 11 5 0
414 783 3 1 21 5 0
415 242 0 0 20 4 0
416 540 3 8 60 3 0
419 443 1 1 71 4 0
420 904 3 3 21 5 0
425 891 2 4 45 4 0
428 132 4 2 87 3 0
429 795 0 3 66 5 0
430 1030 3 3 33 4 0
431 1011 3 0 74 5 0
432 57 2 6 27 5 0
433 129 0 6 88 5 0
434 1121 2 2 67 3 0
435 457 0 7 43 4 0
436 631 1 1 67 3 0
437 348 3 9 63 3 0
439 533 2 7 12 4 0
440 1015 3 6 96 3 0
441 315 3 6 100 4 0
442 876 0 2 63 3 0
443 634 0 4 39 4 0
444 710 1 1 39 4 0
445 666 1 2 77 5 0
446 682 2 8 51 4 0
447 711 4 3 27 5 0
448 1098 4 6 32 5 0
449 578 1 2 4 3 0
450 1130 4 3 37 4 0
451 524 2 8 83 3 0
452 693 4 7 50 5 0
453 397 1 5 46 3 0
454 372 3 1 65 5 0
455 958 1 7 81 4 0
457 467 1 0 10 5 0
458 533 4 0 69 4 0
459 277 1 0 44 5 0
460 437 3 8 37 5 0
461 452 4 9 44 5 0
462 692 1 2 6 4 0
464 1076 2 7 16 4 0
465 468 4 5 83 5 0
466 536 1 7 56 5 0
467 274 4 1 95 4 0
468 863 2 4 98 4 0
469 673 4 6 44 4 0
471 1136 4 0 6 3 0
472 994 0 2 44 5 0
473 636 4 5 45 4 0
474 26 3 9 54 4 0
475 1198 1 4 82 4 0
477 323 3 6 53 3 0
478 1190 0 6 77 4 0
479 736 1 8 84 5 0
480 565 4 8 11 3 0
481 988 2 8 44 4 0
485 232 0 2 72 4 0
488 279 3 9 79 4 0
489 147 0 4 78 5 0
492 724 3 3 56 4 0
493 582 3 4 56 3 0
494 458 3 6 10 4 0
495 355 2 1 10 5 0
496 332 0 3 14 4 0
498 425 1 8 67 4 0
499 948 2 9 51 3 0
503 341 2 1 85 4 0
504 822 3 2 35 5 0
505 238 4 4 28 4 0
506 238 0 3 93 5 0
507 97 0 1 80 3 0
508 932 3 2 22 5 0
510 289 0 0 17 4 0
511 188 1 6 52 4 0
512 84 4 1 93 3 0
513 459 1 6 7 5 0
514 949 2 2 44 3 0
516 110 3 0 52 5 0
517 43 4 5 43 4 0
518 697 4 3 13 4 0
519 543 4 5 79 4 0
520 663 3 0 40 4 0
522 981 2 2 93 3 0
523 193 2 8 7 3 0
524 712 1 8 1 3 0
525 405 2 4 94 5 0
526 854 0 0 100 3 0
528 494 1 6 43 3 0
529 304 2 1 28 4 0
530 163 4 9 31 4 0
531 1100 4 5 60 5 0
532 1153 1 5 27 5 0
533 692 1 9 99 5 0
534 639 4 9 67 3 0
535 1119 0 2 100 5 0
536 1025 3 8 70 4 0
537 653 2 9 10 4 0
538 553 1 9 66 3 0
540 234 1 1 47 5 0
541 410 4 2 8 5 0
542 782 0 8 26 5 0
543 318 4 8 50 4 0
544 843 2 6 70 3 0
546 1155 1 2 37 3 0
547 639 3 9 91 4 0
548 1155 0 1 55 4 0
549 610 3 2 4 3 0
551 165 3 4 50 4 0
552 126 2 3 67 3 0
553 170 0 8 20 3 0
554 489 0 8 57 5 0
555 1195 1 5 96 3 0
556 1126 4 9 31 5 0
557 168 4 3 51 5 0
558 442 2 4 64 3 0
559 347 2 8 91 5 0
561 319 3 3 40 5 0
562 872 0 4 58 5 0
563 186 4 9 94 4 0
564 521 4 0 66 4 0
565 913 3 7 9 5 0
566 1003 1 2 13 3 0
568 887 4 1 99 5 0
569 1047 3 3 77 5 0
570 348 3 8 15 3 0
571 576 2 8 49 5 0
572 103 1 0 18 3 0
575 311 2 6 81 4 0
577 137 0 7 43 5 0
578 505 2 4 84 5 0
579 647 1 8 7 5 0
582 74 3 3 66 4 0
583 284 3 6 49 5 0
585 1157 3 3 29 4 0
586 336 2 3 85 5 0
587 747 4 1 79 3 0
588 552 4 2 9 5 0
590 718 4 6 69 4 0
591 245 2 2 53 4 0
592 505 0 7 8 3 0
594 1096 2 5 75 4 0
595 447 4 2 57 5 0
597 467 0 4 73 4 0
598 346 2 6 66 4 0
601 730 0 6 92 3 0
602 842 2 2 81 3 0
603 143 4 2 89 5 0
604 714 1 3 44 4 0
605 346 3 8 17 4 0
607 1196 2 2 72 3 0
608 555 1 7 54 3 0
609 777 2 8 69 4 0
611 1009 0 2 22 4 0
612 15 3 1 90 3 0
614 686 1 3 93 3 0
616 593 4 4 17 3 0
617 240 3 7 72 5 0
618 968 0 7 12 5 0
619 334 3 5 74 5 0
620 944 2 1 17 3 0
621 1160 3 2 46 4 0
623 1174 2 0 33 5 0
624 841 1 1 59 3 0
625 913 2 9 93 3 0
626 884 2 6 96 3 0
628 38 2 4 42 5 0
630 393 1 5 32 5 0
631 742 1 8 77 4 0
632 1109 3 8 48 5 0
633 855 3 2 22 5 0
634 595 2 9 54 3 0
635 1087 0 1 48 4 0
639 911 3 1 43 4 0
641 1110 2 1 91 4 0
642 59 3 5 47 3 0
644 658 4 2 52 3 0
645 507 4 1 25 5 0
646 956 0 8 19 5 0
647 948 1 4 7 3 0
648 1061 4 3 31 3 0
649 291 2 4 6 5 0
651 87 0 6 69 3 0
652 956 1 0 77 5 0
653 186 0 7 15 3 0
654 590 3 5 43 3 0
655 1105 3 4 70 4 0
657 970 4 1 23 4 0
658 707 4 2 2 3 0
659 863 1 1 45 3 0
660 666 3 8 30 3 0
661 3 1 4 15 3 0
663 787 1 2 58 3 0
664 918 0 9 9 4 0
665 616 2 2 14 3 0
666 662 4 1 16 4 0
668 1100 3 2 59 5 0
669 306 0 6 93 5 0
670 236 4 2 52 5 0
671 626 1 6 72 4 0
673 5 4 3 23 5 0
674 986 1 1 42 3 0
676 549 1 1 91 4 0
678 446 4 7 89 3 0
679 298 1 9 94 3 0
680 628 0 0 33 5 0
681 750 4 3 90 5 0
682 856 0 4 94 4 0
683 534 0 0 20 4 0
685 250 1 9 20 4 0
687 919 1 2 59 4 0
688 365 1 8 2 5 0
689 747 2 0 44 3 0
691 82 1 4 86 5 0
694 86 4 8 83 4 0
696 823 1 6 89 4 0
697 842 4 2 57 4 0
699 294 2 2 67 3 0
701 418 4 7 42 4 0
702 240 0 9 41 4 0
704 845 1 0 8 3 0
705 210 2 9 88 3 0
706 1101 1 7 88 3 0
707 355 1 4 2 4 0
708 1197 1 2 59 4 0
709 1063 0 4 33 3 0
710 914 4 0 8 4 0
711 78 0 3 73 3 0
712 604 2 3 48 3 0
713 431 1 6 28 3 0
715 46 2 6 4 4 0
717 614 4 8 22 5 0
718 845 0 9 63 3 0
721 1113 0 0 66 5 0
723 805 4 4 21 5 0
725 895 4 6 57 5 0
726 27 4 9 16 3 0
727 741 4 4 13 5 0
728 724 4 2 28 5 0
731 444 4 2 99 5 0
732 946 1 4 30 3 0
733 970 3 0 42 4 0
735 656 3 9 72 4 0
736 1098 3 1 14 4 0
737 1130 1 2 79 5 0
740 59 3 2 29 5 0
741 188 0 6 94 5 0
743 488 3 3 82 4 0
745 1163 4 0 13 5 0
746 663 0 4 73 3 0
747 798 0 9 91 5 0
749 219 3 3 57 5 0
750 226 3 7 78 5 0
751 1045 1 3 95 5 0
752 843 1 4 67 3 0
753 49 3 3 78 5 0
754 863 0 5 23 4 0
755 438 1 4 32 3 0
757 774 1 4 89 5 0
758 210 0 8 26 5 0
762 864 2 0 24 5 0
763 502 4 6 71 5 0
766 597 1 2 39 3 0
767 752 1 3 46 5 0
768 806 4 4 79 4 0
769 143 1 5 21 4 0
770 448 1 5 65 4 0
771 698 1 2 72 5 0
773 443 2 1 93 3 0
774 106 2 2 32 3 0
775 125 0 5 53 4 0
776 1036 0 3 90 3 0
777 1114 0 1 78 5 0
778 1079 4 3 64 5 0
779 397 0 5 69 3 0
780 227 2 1 15 5 0
782 322 2 7 21 3 0
783 73 1 2 58 3 0
784 1133 1 8 40 5 0
785 88 0 8 18 4 0
786 207 0 4 80 3 0
788 117 4 8 91 5 0
789 363 3 5 84 4 0
790 547 3 0 22 3 0
791 451 4 9 27 5 0
792 743 1 3 59 3 0
793 349 4 4 86 5 0
794 164 4 4 59 5 0
796 245 2 4 46 5 0
797 1103 3 8 37 5 0
798 801 0 7 11 4 0
799 954 3 2 36 4 0
800 1050 4 9 82 3 0
803 232 1 5 38 4 0
804 300 0 4 77 5 0
805 507 2 4 33 4 0
806 85 3 8 7 5 0
807 1036 1 6 16 4 0
808 1110 1 0 54 5 0
809 314 0 9 32 5 0
811 13 2 0 28 3 0
812 327 3 4 84 4 0
813 371 2 0 21 4 0
814 952 3 0 71 4 0
817 803 0 7 85 3 0
818 200 4 3 8 3 0
821 258 4 9 56 4 0
823 1031 4 3 8 5 0
824 154 3 4 38 4 0
825 1034 0 9 57 3 0
829 382 0 3 33 5 0
830 1187 1 9 5 4 0
832 784 0 8 8 4 0
833 409 3 7 20 5 0
834 360 3 8 9 4 0
835 801 4 2 91 4 0
836 939 2 5 77 5 0
837 391 3 4 59 4 0
839 582 0 0 53 4 0
841 1038 0 5 47 5 0
845 288 0 2 97 4 0
846 779 3 5 89 3 0
848 659 3 0 25 5 0
850 1002 1 9 38 3 0
852 587 3 2 99 3 0
853 481 3 1 5 3 0
854 92 4 7 79 4 0
855 876 4 6 21 5 0
856 772 4 8 82 4 0
857 1031 1 2 38 4 0
858 405 0 4 51 4 0
859 134 3 7 66 4 0
860 382 4 9 9 4 0
861 757 0 0 42 5 0
862 1053 4 0 42 4 0
863 739 3 9 54 3 0
864 654 2 2 8 3 0
865 574 4 6 46 5 0
867 477 0 9 11 5 0
868 1021 0 7 26 4 0
869 884 2 8 94 5 0
870 478 1 4 37 4 0
871 298 2 7 65 3 0
872 317 1 8 83 3 0
874 565 1 7 47 3 0
875 193 1 8 68 5 0
876 101 3 4 46 3 0
877 529 0 9 100 5 0
878 954 2 9 43 3 0
879 46 0 9 2 5 0
880 140 2 9 73 4 0
883 11 4 6 57 4 0
884 177 4 2 89 5 0
885 533 2 0 20 3 0
886 812 1 0 44 3 0
887 596 2 8 83 5 0
888 554 2 8 14 4 0
891 954 3 8 58 5 0
892 254 3 4 82 4 0
893 301 4 8 9 5 0
894 721 2 9 18 5 0
895 1043 2 4 72 5 0
896 486 1 1 86 4 0
897 669 0 8 51 3 0
898 1160 2 2 77 3 0
899 111 0 6 38 4 0
900 1122 0 9 29 5 0
901 383 3 1 6 4 0
902 870 4 5 60 4 0
903 800 0 1 42 4 0
904 69 3 4 2 5 0
905 423 3 8 50 3 0
906 498 0 2 25 3 0
907 200 0 7 83 3 0
908 488 0 1 93 4 0
909 1160 3 7 88 3 0
910 565 1 0 84 5 0
911 918 1 6 65 3 0
912 57 4 3 66 3 0
916 166 0 6 85 4 0
917 703 1 4 3 3 0
918 795 2 4 28 3 0
919 928 3 9 85 3 0
920 1131 3 1 74 5 0
921 27 1 0 50 5 0
922 1098 1 6 69 3 0
928 1148 0 1 68 5 0
929 719 3 8 87 3 0
932 12 0 0 39 3 0
933 1049 2 5 91 4 0
935 35 2 2 74 3 0
936 970 1 5 70 3 0
937 533 0 2 49 5 0
938 653 4 0 94 3 0
939 1181 1 4 14 4 0
940 1079 3 5 28 4 0
941 705 1 8 22 5 0
942 21 4 2 91 3 0
943 603 2 6 68 3 0
945 172 3 3 94 5 0
947 1125 3 8 48 4 0
949 535 0 4 57 3 0
950 1100 1 5 46 4 0
951 278 0 4 32 4 0
952 695 4 7 96 5 0
953 271 4 9 93 4 0
954 321 3 5 32 5 0
955 536 3 4 89 4 0
956 1024 2 2 84 5 0
957 611 3 2 7 4 0
959 1052 0 7 68 5 0
960 135 1 9 2 3 0
961 1043 2 8 29 5 0
962 507 0 3 50 3 0
963 923 4 4 33 3 0
964 627 3 6 50 4 0
965 790 2 8 91 3 0
966 1044 2 4 40 5 0
968 44 4 7 15 4 0
969 1148 4 0 60 5 0
970 702 3 5 53 4 0
972 1044 2 7 15 4 0
974 60 4 2 94 5 0
975 81 2 6 92 5 0
976 1083 1 6 68 5 0
977 956 3 0 75 3 0
978 991 0 2 95 4 0
979 75 3 7 67 5 0
980 1066 2 4 58 4 0
981 62 0 7 96 5 0
983 567 4 8 14 3 0
984 152 0 5 50 4 0
987 1042 4 3 18 4 0
990 1186 3 3 61 4 0
991 595 4 4 18 5 0
992 733 4 3 38 4 0
993 401 4 0 94 3 0
994 559 3 8 70 5 0
995 126 0 3 19 4 0
996 51 3 4 74 3 0
997 1069 0 9 26 4 0
998 3 0 7 57 5 0
1000 679 3 8 40 5 0
1001 1052 1 0 13 5 0
1002 695 3 0 23 3 0
1003 479 0 4 23 5 0
1004 299 3 0 33 3 0
1005 337 4 1 42 3 0
1007 238 1 7 44 3 0
1008 1146 3 7 41 3 0
1009 289 2 2 65 3 0
1010 840 1 2 89 3 0
1015 909 0 8 24 5 0
1016 933 2 0 8 5 0
1017 60 4 2 57 3 0
1018 741 2 6 74 5 0
1020 7 4 4 93 4 0
1021 646 1 9 84 3 0
1022 1010 0 6 53 3 0
1023 654 0 7 40 3 0
1024 349 1 8 39 4 0
1027 1021 3 1 8 4 0
1028 377 4 0 66 5 0
1029 703 3 2 1 4 0
1030 958 0 9 44 5 0
1031 544 4 5 74 4 0
1032 409 3 5 84 5 0
1033 859 2 3 13 3 0
1034 1029 1 8 9 3 0
1035 362 3 4 57 3 0
1036 5 0 2 70 3 0
1037 881 2 1 81 3 0
1039 186 1 3 21 5 0
1040 179 1 5 31 5 0
1044 741 0 9 42 5 0
1045 519 3 4 38 3 0
1046 843 2 1 39 5 0
1048 1132 1 8 72 5 0
1049 1126 3 8 27 5 0
1050 996 1 1 61 5 0
1053 1164 4 0 14 5 0
1055 123 1 9 11 3 0
1056 588 0 3 54 5 0
1057 713 3 3 63 4 0
1058 886 1 4 89 5 0
1060 1097 0 3 83 4 0
1061 1189 3 2 76 5 0
1062 1049 4 1 90 3 0
1063 307 1 1 5 3 0
1065 615 4 6 50 4 0
1066 321 2 9 66 5 0
1070 417 3 1 1 4 0
1071 609 3 6 8 5 0
1072 153 3 4 55 3 0
1075 226 4 8 4 5 0
1076 422 1 5 80 3 0
1077 821 0 0 10 4 0
1078 464 1 1 81 4 0
1079 666 2 7 20 3 0
1080 71 2 3 42 4 0
1082 107 2 2 54 4 0
1083 84 0 1 28 5 0
1084 977 1 9 36 5 0
1085 32 1 9 19 5 0
1086 981 3 0 56 5 0
1088 1033 1 3 50 4 0
1089 102 0 7 46 4 0
1091 672 3 2 67 5 0
1092 294 3 2 38 3 0
1093 388 1 7 61 5 0
1098 78 1 2 11 4 0
1100 258 3 9 16 3 0
1101 1193 0 1 66 5 0
1103 1146 0 6 1 3 0
1105 649 1 6 49 3 0
1106 1110 3 6 8 4 0
1107 242 3 3 43 3 0
1108 358 2 5 89 4 0
1109 298 0 8 65 5 0
1111 923 4 2 55 5 0
1114 1184 2 3 59 4 0
1115 1127 0 7 90 3 0
1116 11 0 8 20 4 0
1117 867 4 9 42 5 0
1121 549 0 8 69 3 0
1122 248 4 1 59 4 0
1124 994 3 9 2 5 0
1125 882 0 9 95 3 0
1126 1103 0 1 94 5 0
1127 94 2 1 76 3 0
1128 436 0 3 98 5 0
1129 631 4 2 52 5 0
1130 733 2 6 20 5 0
1131 814 1 2 100 5 0
1134 853 2 2 61 4 0
1135 622 1 7 31 5 0
1136 722 1 9 55 3 0
1137 414 3 3 28 3 0
1138 2 1 7 63 5 0
1140 570 2 7 3 5 0
1143 551 0 0 14 5 0
1145 847 2 7 82 5 0
1147 43 4 1 31 3 0
1148 345 3 8 95 3 0
1149 528 2 4 48 5 0
1150 353 1 8 82 3 0
1151 719 1 8 12 4 0
1152 996 4 4 40 4 0
1153 1142 2 5 70 5 0
1155 1187 4 4 58 3 0
1156 490 0 9 69 5 0
1158 74 1 7 6 5 0
1160 41 3 2 65 3 0
1161 261 3 8 84 4 0
1162 683 1 7 55 4 0
1165 183 2 1 89 5 0
1166 692 1 2 93 3 0
1167 701 1 9 80 4 0
1168 257 3 6 42 3 0
1169 65 0 3 17 3 0
1170 443 4 8 30 5 0
1171 902 4 7 68 5 0
1172 529 2 1 25 3 0
1173 879 4 2 92 4 0
1174 295 4 7 16 4 0
1177 139 4 6 30 5 0
1179 659 3 7 12 4 0
1180 1144 4 1 94 3 0
1181 661 0 8 95 3 0
1182 472 2 3 39 3 0
1184 202 0 5 29 5 0
1185 846 1 9 65 4 0
1186 1068 1 0 43 3 0
1188 17 0 6 33 4 0
1190 229 0 0 68 3 0
1191 42 0 1 52 5 0
1192 11 4 3 3 5 0
1193 289 2 1 2 5 0
1195 339 2 4 96 3 0
1196 151 0 8 1 4 0
1197 62 1 0 48 5 0
1198 1162 4 1 77 5 0
1199 187 4 9 96 4 0

