10

5
0 20 20 20 20 20 20 20 20 20 20
1 20 20 20 20 20 20 20 20 20 20
2 20 20 20 20 20 20 20 20 20 20
3 20 20 20 20 20 20 20 20 20 20
4 20 20 20 20 20 20 20 20 20 20

25
309 532 100000 6 4
0 126 2 2
1 108 6 8
2 137 8 7
5 113 4 6
6 140 6 6
9 127 2 9
1007 829 100000 6 1
0 139 2 1
1 117 4 4
2 136 4 1
3 100 10 5
4 117 3 6
9 138 8 3
560 1138 100000 6 0
1 107 10 1
2 133 4 7
3 111 3 2
5 107 5 1
6 141 6 7
9 129 9 1
336 240 100000 6 4
0 147 2 2
1 121 5 2
5 142 5 1
7 150 1 4
8 114 9 9
9 144 1 3
48 1079 100000 6 3
1 124 3 2
2 128 8 1
3 111 4 5
4 125 2 5
6 113 6 10
8 119 3 2
9 565 100000 6 0
0 104 10 8
1 113 1 9
4 104 9 10
5 121 1 3
6 117 5 10
7 106 1 1
432 423 100000 6 0
1 103 3 10
4 124 9 7
5 125 5 1
6 149 8 2
7 137 8 6
9 114 4 5
922 689 100000 6 4
0 105 6 1
2 148 2 8
3 115 9 3
5 118 1 3
6 143 6 6
9 133 3 1
470 886 100000 6 0
3 141 5 10
4 148 2 8
6 117 6 3
7 129 4 8
8 108 6 6
9 140 9 3
1103 252 100000 6 4
0 113 9 9
3 145 5 8
4 140 3 3
5 108 5 1
6 136 2 3
8 121 5 4
650 174 100000 6 3
0 102 8 8
1 125 9 2
2 141 3 5
4 132 9 7
7 110 8 8
8 143 9 8
313 365 100000 6 2
1 107 4 4
3 146 5 4
4 132 5 7
6 130 2 6
7 133 4 3
8 135 10 6
598 308 100000 6 1
0 146 3 9
2 104 3 10
4 132 9 1
5 107 5 7
6 136 2 9
8 112 10 8
910 834 100000 6 1
0 110 4 5
1 114 2 2
2 135 9 10
4 128 7 6
7 150 4 9
9 146 3 9
114 924 100000 6 1
0 140 2 6
1 100 1 10
4 147 3 3
5 114 2 8
6 126 1 1
8 138 4 7
1106 1149 100000 6 1
1 109 10 2
3 147 1 6
4 111 4 3
5 114 5 1
7 107 1 4
8 127 9 10
775 565 100000 6 4
0 132 9 9
1 130 3 3
2 113 9 6
5 108 3 5
8 150 2 3
9 135 5 8
416 173 100000 6 2
0 119 6 1
1 116 1 8
2 100 6 5
5 144 8 8
8 150 5 1
9 101 1 2
41 1043 100000 6 2
0 125 1 5
1 147 1 9
4 137 2 1
6 120 2 8
7 127 2 6
9 133 1 1
240 1154 100000 6 3
0 104 9 2
3 145 2 4
5 116 10 8
7 129 8 1
8 102 8 2
9 111 3 10
1069 443 100000 6 0
0 122 10 10
2 129 6 8
3 131 1 5
4 138 2 6
8 147 4 5
9 149 3 10
1193 1172 100000 6 3
0 112 2 8
1 129 9 5
2 114 1 7
3 115 5 6
4 119 4 6
8 131 7 2
419 417 100000 6 2
2 104 1 3
3 130 4 10
5 137 9 1
6 130 5 1
7 106 9 8
8 102 4 2
34 275 100000 6 3
0 113 5 9
1 117 6 4
3 145 4 7
5 103 5 9
6 139 1 9
8 115 8 6
862 670 100000 6 2
1 117 3 2
2 144 3 1
5 108 4 2
6 137 1 4
7 105 6 4
9 102 8 4

5000
0 1065 4 5 83 4 0
0 926 2 0 12 4 0
0 567 4 8 14 3 0
0 152 0 5 50 4 0
0 1042 4 3 18 4 0
1 1186 3 3 61 4 0
1 595 4 4 18 5 0
1 733 4 3 38 4 0
2 401 4 0 94 3 0
2 559 3 8 70 5 0
3 126 0 3 19 4 0
3 51 3 4 74 3 0
3 1069 0 9 26 4 0
3 3 0 7 57 5 0
4 679 3 8 40 5 0
4 1052 1 0 13 5 0
4 695 3 0 23 3 0
5 479 0 4 23 5 0
5 299 3 0 33 3 0
5 337 4 1 42 3 0
5 238 1 7 44 3 0
6 1146 3 7 41 3 0
6 289 2 2 65 3 0
6 840 1 2 89 3 0
6 909 0 8 24 5 0
6 933 2 0 8 5 0
6 60 4 2 57 3 0
6 741 2 6 74 5 0
7 7 4 4 93 4 0
7 646 1 9 84 3 0
7 1010 0 6 53 3 0
8 654 0 7 40 3 0
8 349 1 8 39 4 0
8 1021 3 1 8 4 0
8 377 4 0 66 5 0
8 703 3 2 1 4 0
9 958 0 9 44 5 0
9 544 4 5 74 4 0
9 409 3 5 84 5 0
9 859 2 3 13 3 0
9 1029 1 8 9 3 0
9 362 3 4 57 3 0
10 5 0 2 70 3 0
10 881 2 1 81 3 0
10 186 1 3 21 5 0
10 179 1 5 31 5 0
10 741 0 9 42 5 0
11 519 3 4 38 3 0
12 843 2 1 39 5 0
12 1132 1 8 72 5 0
13 1126 3 8 27 5 0
13 996 1 1 61 5 0
13 1164 4 0 14 5 0
13 123 1 9 11 3 0
13 588 0 3 54 5 0
13 713 3 3 63 4 0
13 886 1 4 89 5 0
14 1097 0 3 83 4 0
14 1189 3 2 76 5 0
14 1049 4 1 90 3 0
14 307 1 1 5 3 0
15 615 4 6 50 4 0
15 321 2 9 66 5 0
15 417 3 1 1 4 0
16 609 3 6 8 5 0
16 153 3 4 55 3 0
16 226 4 8 4 5 0
16 422 1 5 80 3 0
16 821 0 0 10 4 0
16 464 1 1 81 4 0
17 666 2 7 20 3 0
17 71 2 3 42 4 0
18 107 2 2 54 4 0
18 84 0 1 28 5 0
18 977 1 9 36 5 0
18 32 1 9 19 5 0
19 981 3 0 56 5 0
19 1033 1 3 50 4 0
19 102 0 7 46 4 0
19 672 3 2 67 5 0
19 294 3 2 38 3 0
20 388 1 7 61 5 0
20 78 1 2 11 4 0
21 258 3 9 16 3 0
21 1193 0 1 66 5 0
21 1146 0 6 1 3 0
21 649 1 6 49 3 0
21 1110 3 6 8 4 0
21 242 3 3 43 3 0
22 358 2 5 89 4 0
22 298 0 8 65 5 0
23 923 4 2 55 5 0
23 1184 2 3 59 4 0
23 1127 0 7 90 3 0
23 11 0 8 20 4 0
23 867 4 9 42 5 0
23 549 0 8 69 3 0
23 248 4 1 59 4 0
24 994 3 9 2 5 0
24 882 0 9 95 3 0
24 1103 0 1 94 5 0
25 94 2 1 76 3 0
25 436 0 3 98 5 0
25 631 4 2 52 5 0
25 733 2 6 20 5 0
26 814 1 2 100 5 0
26 853 2 2 61 4 0
26 622 1 7 31 5 0
27 722 1 9 55 3 0
27 414 3 3 28 3 0
27 2 1 7 63 5 0
27 570 2 7 3 5 0
27 551 0 0 14 5 0
27 847 2 7 82 5 0
27 43 4 1 31 3 0
28 345 3 8 95 3 0
28 528 2 4 48 5 0
28 353 1 8 82 3 0
28 719 1 8 12 4 0
28 996 4 4 40 4 0
28 1142 2 5 70 5 0
28 1187 4 4 58 3 0
28 490 0 9 69 5 0
28 74 1 7 6 5 0
28 41 3 2 65 3 0
29 261 3 8 84 4 0
29 683 1 7 55 4 0
29 183 2 1 89 5 0
29 692 1 2 93 3 0
29 701 1 9 80 4 0
30 257 3 6 42 3 0
30 65 0 3 17 3 0
30 443 4 8 30 5 0
30 902 4 7 68 5 0
31 529 2 1 25 3 0
31 879 4 2 92 4 0
31 295 4 7 16 4 0
31 139 4 6 30 5 0
32 659 3 7 12 4 0
32 1144 4 1 94 3 0
32 661 0 8 95 3 0
32 472 2 3 39 3 0
32 202 0 5 29 5 0
32 846 1 9 65 4 0
32 1068 1 0 43 3 0
33 17 0 6 33 4 0
33 229 0 0 68 3 0
33 42 0 1 52 5 0
33 11 4 3 3 5 0
34 289 2 1 2 5 0
34 339 2 4 96 3 0
34 151 0 8 1 4 0
34 62 1 0 48 5 0
35 1162 4 1 77 5 0
35 187 4 9 96 4 0
35 760 4 0 15 5 0
35 893 4 9 85 5 0
36 1194 2 0 92 3 0
36 175 0 3 9 4 0
36 809 4 6 32 4 0
37 725 4 5 90 4 0
37 1195 3 4 10 3 0
38 556 3 3 17 4 0
38 31 0 2 83 4 0
38 607 4 7 13 3 0
38 189 0 8 28 3 0
39 727 3 9 16 5 0
39 96 4 7 16 3 0
40 413 3 8 85 3 0
41 236 4 3 28 5 0
41 1038 0 1 87 5 0
41 1175 2 0 22 5 0
41 1120 3 0 13 5 0
41 235 4 7 63 5 0
41 914 0 8 41 3 0
41 890 2 2 3 5 0
42 599 3 9 52 3 0
42 1114 1 9 85 3 0
42 976 0 3 57 5 0
42 535 3 3 51 4 0
43 579 3 5 79 5 0
43 310 0 9 87 4 0
44 906 3 3 32 5 0
44 956 0 5 33 3 0
44 997 1 4 86 3 0
45 170 4 9 44 4 0
45 156 2 0 50 5 0
45 1140 2 1 96 5 0
45 143 4 4 99 4 0
45 1103 0 6 29 5 0
45 187 3 7 96 3 0
45 116 3 3 72 5 0
45 1132 3 5 49 3 0
46 27 4 6 37 3 0
46 168 1 0 85 5 0
46 516 3 0 29 3 0
46 891 2 1 18 5 0
46 472 1 1 86 4 0
46 390 4 9 33 3 0
46 659 3 1 55 3 0
46 486 1 1 25 3 0
48 961 4 8 41 4 0
48 829 4 2 85 4 0
49 110 2 6 89 3 0
49 721 3 8 12 5 0
49 888 4 6 66 5 0
49 150 3 7 80 5 0
49 152 4 6 47 3 0
49 1122 2 4 51 5 0
49 735 1 8 82 3 0
49 1062 2 5 56 4 0
49 1162 1 6 26 5 0
50 244 4 7 92 4 0
50 825 4 2 27 3 0
50 69 3 0 5 4 0
50 1174 0 3 10 4 0
50 669 0 2 65 4 0
51 416 2 0 61 5 0
51 1015 2 8 6 5 0
51 146 1 5 29 5 0
52 84 2 2 93 5 0
53 445 0 7 11 3 0
53 935 4 4 85 4 0
53 629 4 1 31 4 0
53 541 1 1 54 4 0
53 78 0 1 65 4 0
54 661 3 5 55 3 0
54 1022 3 9 17 3 0
54 474 0 8 57 3 0
54 325 4 7 30 3 0
54 148 3 1 97 3 0
54 215 1 2 78 5 0
55 87 2 1 29 5 0
55 1085 2 6 72 4 0
55 852 3 7 10 4 0
55 1117 4 9 15 3 0
55 260 3 0 36 5 0
55 849 4 7 92 5 0
55 117 4 3 31 3 0
56 177 3 9 31 4 0
56 700 4 8 23 3 0
56 836 0 9 99 4 0
56 543 3 1 61 3 0
56 490 2 3 61 3 0
56 624 4 3 4 4 0
56 429 4 1 61 4 0
56 961 0 3 39 3 0
56 238 0 0 78 4 0
57 809 1 9 29 5 0
57 998 4 9 71 3 0
57 1019 0 6 19 3 0
57 892 0 0 35 4 0
58 975 3 5 19 4 0
58 363 2 2 94 5 0
58 947 1 5 56 4 0
58 1195 0 3 24 3 0
58 105 1 0 52 4 0
58 263 3 8 94 5 0
58 587 4 7 54 5 0
59 408 2 8 76 3 0
59 795 1 3 12 3 0
59 173 2 2 1 5 0
60 1054 0 9 83 4 0
60 886 2 7 84 5 0
60 663 2 1 85 4 0
60 463 0 5 83 4 0
60 864 3 3 73 3 0
61 306 3 0 97 4 0
61 112 0 6 61 5 0
61 114 2 8 11 3 0
61 863 2 8 73 5 0
61 832 1 5 63 3 0
61 748 4 7 26 3 0
62 506 4 8 24 5 0
62 958 4 5 60 3 0
62 44 4 8 55 5 0
62 263 3 6 70 3 0
62 799 0 2 31 5 0
63 194 1 2 97 4 0
63 992 4 0 73 3 0
63 421 2 8 68 3 0
63 77 3 5 38 5 0
63 94 3 7 4 5 0
63 1007 3 9 23 3 0
64 884 3 1 30 4 0
64 287 4 3 22 3 0
65 678 2 6 89 3 0
65 810 2 8 77 3 0
66 511 3 3 70 5 0
66 584 4 0 76 5 0
67 740 3 7 100 4 0
67 759 1 8 12 3 0
67 1007 2 4 27 4 0
68 159 1 5 92 5 0
68 1197 0 7 96 3 0
68 22 4 8 95 5 0
68 779 3 4 41 3 0
69 493 1 5 33 3 0
70 860 4 0 51 3 0
70 323 0 3 94 5 0
70 407 3 1 95 3 0
71 854 4 4 25 4 0
71 465 1 2 97 3 0
71 209 1 2 11 3 0
71 356 0 6 91 3 0
71 523 3 9 54 3 0
71 291 2 5 17 3 0
71 1078 3 8 77 5 0
71 960 2 7 84 4 0
72 1179 4 1 88 3 0
72 415 3 8 64 5 0
73 505 1 1 99 3 0
74 599 1 5 49 3 0
75 337 0 5 59 4 0
75 263 0 1 82 4 0
75 621 1 1 61 5 0
75 147 4 0 47 5 0
75 1041 4 6 66 3 0
75 942 0 8 94 4 0
76 163 4 3 69 4 0
76 1037 2 6 18 5 0
78 615 2 9 38 3 0
78 830 4 0 84 3 0
78 845 2 4 69 5 0
78 479 1 8 25 3 0
78 1087 2 8 26 3 0
79 883 2 7 99 4 0
79 889 0 7 2 5 0
79 1156 0 9 23 5 0
79 809 3 9 1 4 0
79 831 0 2 28 4 0
80 935 4 4 78 3 0
81 120 2 7 1 4 0
81 3 4 0 3 3 0
81 180 1 4 100 3 0
81 575 2 5 12 5 0
81 859 2 9 31 4 0
81 962 4 1 61 4 0
82 851 3 5 24 3 0
82 46 4 4 29 4 0
82 1198 2 8 31 3 0
82 1165 4 4 3 4 0
82 1034 4 8 29 5 0
83 1199 2 2 87 3 0
83 635 0 3 14 5 0
84 1199 4 6 26 4 0
84 242 0 9 60 3 0
84 180 4 5 61 4 0
84 962 2 9 4 5 0
84 157 2 4 74 4 0
84 942 1 6 29 4 0
85 860 1 7 61 4 0
85 398 1 0 48 3 0
85 793 0 3 62 3 0
85 472 4 6 35 3 0
85 775 4 0 9 5 0
85 956 4 1 84 4 0
85 770 3 6 37 4 0
85 718 2 0 69 3 0
85 182 2 0 49 4 0
86 704 4 4 6 4 0
86 569 3 4 59 4 0
86 1173 3 2 63 5 0
86 803 2 5 15 5 0
87 89 0 1 22 3 0
87 693 2 9 35 5 0
87 205 0 0 16 3 0
87 1110 1 2 72 4 0
88 444 4 6 14 3 0
88 1084 2 6 50 5 0
88 1177 3 2 18 3 0
88 1163 1 3 93 5 0
89 1022 3 0 44 4 0
89 936 4 8 44 4 0
89 229 0 0 23 4 0
90 1059 4 1 92 5 0
90 392 4 2 16 4 0
90 747 1 1 73 5 0
90 285 1 3 39 4 0
90 1 0 0 72 4 0
91 356 3 8 20 4 0
91 815 4 9 81 3 0
91 935 4 3 75 4 0
91 449 0 1 63 3 0
92 447 3 6 30 3 0
92 388 1 0 97 3 0
92 246 2 7 89 3 0
93 11 3 3 75 4 0
93 69 2 1 88 5 0
93 826 2 2 76 5 0
93 962 3 5 69 3 0
94 586 4 9 63 3 0
94 685 3 7 57 5 0
94 904 2 8 35 5 0
94 128 3 0 69 4 0
95 399 1 4 70 3 0
95 1161 2 6 43 3 0
96 1024 4 9 78 4 0
97 1052 3 6 13 3 0
97 593 0 3 52 5 0
97 1020 4 0 82 3 0
97 4 2 0 5 3 0
98 1130 0 6 59 3 0
99 72 0 1 18 5 0
99 1168 2 3 52 5 0
99 528 1 7 82 3 0
99 854 1 4 63 5 0
99 807 4 7 53 5 0
99 243 2 5 2 5 0
100 429 2 2 40 5 0
100 380 1 2 1 3 0
100 543 1 9 48 3 0
100 298 3 5 3 3 0
100 1044 1 9 16 3 0
100 566 3 3 61 4 0
101 602 3 9 50 3 0
101 588 1 6 88 5 0
102 307 1 2 27 4 0
102 1093 0 6 66 3 0
102 134 0 2 41 4 0
102 890 3 3 99 5 0
102 60 2 2 89 3 0
102 407 0 2 8 4 0
102 796 0 5 77 3 0
102 470 1 9 83 5 0
103 131 3 2 8 3 0
103 770 3 0 50 5 0
103 1136 3 7 36 5 0
103 964 3 6 27 4 0
103 570 2 1 34 3 0
103 285 3 9 87 4 0
103 469 2 2 12 5 0
104 595 2 4 5 4 0
104 79 2 2 24 5 0
104 373 4 1 94 4 0
104 541 1 0 15 4 0
105 918 4 6 29 5 0
105 280 0 4 4 5 0
105 548 0 0 6 4 0
105 265 4 6 72 5 0
106 823 0 6 16 5 0
106 398 4 6 70 4 0
106 2 4 0 33 3 0
106 872 3 8 4 3 0
106 1104 4 3 42 3 0
106 543 3 0 65 3 0
106 967 1 6 43 5 0
106 568 2 7 44 4 0
106 454 3 5 6 3 0
107 614 4 3 57 4 0
107 513 0 5 2 4 0
107 256 1 9 99 5 0
107 44 3 9 97 4 0
107 886 1 2 100 4 0
107 57 0 8 95 4 0
107 555 0 4 30 3 0
107 960 1 3 10 5 0
108 858 2 2 8 5 0
108 846 2 1 15 3 0
108 423 1 0 66 3 0
108 859 0 5 84 3 0
108 568 0 9 23 5 0
108 820 2 1 78 5 0
108 711 0 8 88 4 0
108 1000 2 9 56 4 0
109 1144 3 7 86 5 0
109 379 0 5 10 3 0
110 49 0 1 87 5 0
110 1076 1 5 83 4 0
110 543 2 8 68 5 0
110 834 1 7 77 3 0
110 78 4 6 79 3 0
111 893 1 0 19 4 0
111 94 2 7 1 3 0
111 429 4 2 37 5 0
111 830 2 2 92 5 0
111 476 2 5 16 4 0
111 721 2 6 45 4 0
111 550 1 0 56 4 0
112 585 3 1 11 3 0
112 604 3 2 37 4 0
112 1092 3 8 29 4 0
112 383 3 1 91 5 0
112 182 2 5 64 3 0
112 195 1 4 88 3 0
112 448 0 5 58 3 0
113 193 2 5 9 3 0
113 715 1 3 40 5 0
113 250 1 9 64 3 0
114 1073 0 1 94 3 0
114 974 1 4 3 3 0
114 933 3 8 20 3 0
114 1033 1 9 77 4 0
114 348 1 4 12 3 0
115 58 1 0 87 5 0
115 424 0 8 19 3 0
115 479 1 0 79 3 0
115 954 3 5 12 5 0
115 575 4 5 36 5 0
115 101 0 3 87 5 0
116 815 3 8 54 3 0
116 747 1 5 37 4 0
116 458 3 0 69 4 0
117 57 2 3 61 4 0
117 70 1 5 79 5 0
117 369 0 4 2 5 0
117 852 1 3 23 3 0
117 879 2 4 11 5 0
117 1137 4 7 89 3 0
118 770 1 1 23 3 0
118 436 0 1 5 5 0
119 955 1 7 70 4 0
119 898 3 9 64 3 0
120 249 0 8 57 4 0
120 196 4 3 35 4 0
120 431 1 1 66 5 0
120 239 2 3 14 3 0
121 116 3 4 42 3 0
121 623 0 9 55 5 0
122 88 0 3 58 5 0
122 286 3 7 97 3 0
122 1108 1 6 24 3 0
122 589 3 1 33 5 0
122 192 4 0 91 3 0
122 772 1 7 2 5 0
123 963 4 8 98 5 0
123 1051 2 8 98 3 0
123 358 0 1 25 3 0
123 1145 1 7 81 3 0
123 536 0 1 16 5 0
123 359 4 0 84 4 0
123 731 0 8 34 3 0
124 647 3 6 39 4 0
124 676 2 2 30 4 0
124 809 2 9 75 4 0
124 714 0 6 87 5 0
124 379 4 9 99 3 0
125 180 3 9 46 4 0
125 640 4 0 22 5 0
125 1185 0 3 28 4 0
125 587 0 4 50 3 0
125 371 0 4 38 5 0
125 946 0 3 77 5 0
125 679 4 4 66 5 0
126 324 4 8 8 3 0
126 422 3 9 46 4 0
126 1189 0 0 24 4 0
126 276 2 6 90 5 0
126 818 4 6 9 5 0
126 159 2 8 75 3 0
127 831 2 1 48 5 0
127 1047 2 3 54 3 0
127 819 2 5 76 4 0
129 470 3 8 90 5 0
129 241 0 0 29 4 0
129 341 0 9 24 4 0
129 269 0 1 46 5 0
129 965 4 0 52 3 0
129 1185 1 7 4 5 0
129 633 1 3 73 4 0
130 288 0 6 91 4 0
130 899 1 4 5 4 0
130 452 2 7 95 3 0
130 328 0 6 88 5 0
130 426 2 1 24 3 0
130 1051 2 1 15 4 0
131 670 1 5 28 5 0
131 62 4 6 69 3 0
131 819 0 0 84 3 0
132 549 4 1 21 5 0
132 815 1 1 76 3 0
132 1146 3 6 29 3 0
132 608 0 5 71 5 0
132 404 3 8 75 3 0
132 497 3 5 86 4 0
133 1182 1 5 62 5 0
133 1061 2 2 36 3 0
133 428 4 4 35 5 0
133 636 1 6 64 3 0
133 1028 3 3 22 4 0
134 839 2 2 47 3 0
134 196 3 9 32 3 0
134 1106 1 9 86 3 0
134 948 3 7 85 3 0
134 140 2 8 83 4 0
134 1119 4 7 53 4 0
134 389 2 9 54 3 0
135 734 2 7 74 3 0
135 547 4 8 60 3 0
135 490 3 8 1 4 0
136 172 2 7 72 5 0
136 265 4 8 91 4 0
136 5 4 6 56 5 0
136 717 3 1 43 3 0
136 268 3 7 7 3 0
136 5 2 9 86 5 0
136 902 2 6 69 5 0
136 431 2 6 60 5 0
136 689 3 8 65 3 0
136 466 0 3 31 5 0
136 478 4 1 55 3 0
136 808 3 6 35 3 0
137 962 1 9 31 3 0
137 1057 2 2 62 4 0
137 526 3 8 84 3 0
137 594 2 0 81 3 0
138 1101 1 7 78 3 0
138 661 3 9 28 5 0
139 497 3 8 24 4 0
139 674 4 7 33 4 0
139 846 0 6 15 4 0
139 525 1 2 2 4 0
139 666 1 1 78 3 0
139 810 0 4 70 5 0
140 1133 3 7 31 4 0
140 55 3 8 18 4 0
140 180 4 9 67 5 0
140 481 3 9 35 5 0
140 404 0 9 6 3 0
140 970 4 1 99 5 0
141 1006 2 2 83 4 0
141 797 4 6 66 4 0
141 344 2 8 9 5 0
142 314 1 9 6 4 0
143 636 4 4 22 4 0
143 41 3 3 95 4 0
143 567 3 6 42 4 0
143 1023 4 8 34 5 0
143 41 4 2 37 5 0
143 117 2 2 11 3 0
143 562 2 1 7 5 0
143 666 1 3 87 3 0
143 583 4 3 22 4 0
144 323 0 1 35 4 0
144 750 1 4 24 5 0
144 724 0 0 40 5 0
144 1133 2 5 74 3 0
144 311 2 9 89 4 0
144 84 1 8 78 3 0
144 470 1 7 64 4 0
144 954 4 9 1 3 0
144 51 2 2 35 5 0
145 491 3 4 42 3 0
145 614 3 6 81 5 0
145 624 3 0 76 3 0
145 722 0 6 16 5 0
146 190 2 2 6 4 0
146 1041 0 5 54 4 0
146 947 4 2 63 3 0
146 471 2 3 11 4 0
146 501 4 2 56 3 0
147 506 0 5 36 3 0
148 1045 1 6 72 5 0
149 426 1 2 55 5 0
149 655 3 5 25 4 0
150 542 0 6 46 4 0
150 1136 2 4 84 5 0
150 290 2 0 61 3 0
150 143 1 2 9 5 0
150 9 2 6 41 3 0
150 913 0 6 13 3 0
150 325 4 7 18 5 0
151 462 0 3 30 4 0
151 207 0 3 75 5 0
151 1083 0 5 86 5 0
151 744 1 1 5 4 0
151 1010 2 8 39 3 0
151 1017 2 4 82 3 0
152 318 2 5 9 3 0
152 157 3 0 74 4 0
152 635 2 6 13 4 0
153 767 3 6 17 3 0
154 73 3 2 59 3 0
154 442 2 5 83 3 0
154 801 4 4 4 5 0
154 965 4 9 3 4 0
155 80 3 1 87 3 0
155 344 3 5 29 4 0
155 104 3 1 81 5 0
155 127 3 9 6 4 0
156 69 2 8 59 4 0
156 496 1 2 64 4 0
156 230 1 5 1 3 0
157 284 4 5 47 4 0
157 641 2 5 11 4 0
158 664 0 6 88 5 0
158 314 3 9 53 3 0
158 371 3 9 34 3 0
159 1039 3 6 71 4 0
159 1133 1 1 22 3 0
159 1158 4 3 44 4 0
160 719 2 3 16 5 0
160 1012 1 6 70 5 0
160 732 0 8 38 5 0
161 194 0 6 89 4 0
161 257 0 6 49 5 0
161 194 0 1 91 3 0
161 1165 2 8 27 3 0
161 1167 0 7 42 3 0
162 1100 2 1 25 3 0
162 622 1 1 71 3 0
162 1100 1 3 92 5 0
162 674 2 1 21 5 0
163 160 4 5 43 5 0
163 991 0 3 84 4 0
163 177 3 5 29 4 0
163 345 4 7 64 5 0
163 1183 3 5 17 4 0
164 316 2 6 89 4 0
164 1182 4 1 76 3 0
164 831 2 0 90 3 0
164 943 2 6 59 3 0
164 115 0 3 61 4 0
164 834 2 2 9 5 0
164 207 2 8 15 4 0
165 482 0 2 31 4 0
165 33 4 1 78 4 0
166 807 2 7 84 5 0
166 72 0 4 90 5 0
166 575 4 4 72 3 0
166 679 1 0 88 5 0
166 255 4 9 80 4 0
166 95 4 6 95 3 0
167 214 3 4 69 4 0
167 320 0 2 63 3 0
167 471 4 2 10 4 0
167 92 0 3 81 3 0
167 317 3 6 1 3 0
168 32 4 1 44 4 0
168 415 4 5 58 4 0
168 906 1 0 89 5 0
168 863 1 1 22 5 0
169 414 3 2 30 5 0
169 1022 2 8 29 3 0
169 374 4 6 36 4 0
169 26 3 7 61 5 0
170 1069 2 0 92 3 0
170 316 2 4 85 4 0
170 887 4 9 94 3 0
170 551 1 9 72 4 0
170 315 3 2 68 3 0
170 620 2 3 20 5 0
171 349 3 3 50 5 0
171 395 3 6 91 4 0
171 837 3 8 99 3 0
171 563 4 6 78 3 0
172 636 0 1 65 3 0
172 713 1 2 48 4 0
172 469 1 9 50 4 0
172 599 0 7 38 3 0
172 492 3 3 73 5 0
172 756 1 4 26 4 0
172 990 1 3 25 5 0
173 525 2 4 60 5 0
173 604 4 9 30 5 0
173 971 0 0 12 3 0
173 422 4 1 63 3 0
173 183 4 3 16 4 0
174 558 1 3 56 3 0
174 1080 4 5 12 4 0
175 29 2 5 8 3 0
175 805 0 3 65 5 0
175 867 2 7 89 4 0
176 476 4 0 77 5 0
176 358 3 4 85 3 0
176 583 2 1 79 5 0
176 1099 2 7 83 3 0
176 510 0 9 92 5 0
177 701 3 5 35 4 0
177 163 0 0 48 5 0
177 408 3 8 8 3 0
177 1198 1 3 63 5 0
177 1012 4 6 84 5 0
178 884 0 3 5 5 0
178 873 2 3 60 4 0
178 399 1 9 25 5 0
178 968 3 1 26 4 0
178 917 3 4 98 4 0
180 648 0 4 75 5 0
180 711 2 8 97 5 0
181 635 0 3 29 4 0
181 1188 3 5 95 4 0
181 231 4 0 7 5 0
181 224 4 4 44 3 0
182 384 1 0 20 5 0
182 981 0 6 28 3 0
182 555 0 8 96 4 0
182 1178 4 2 65 3 0
183 313 3 6 50 3 0
183 563 0 0 34 5 0
183 62 3 8 55 5 0
183 906 3 3 27 5 0
184 593 2 6 16 3 0
184 114 2 9 29 4 0
185 1153 1 8 55 3 0
185 184 1 8 28 3 0
185 327 4 4 48 4 0
185 155 1 0 33 5 0
185 390 0 4 50 4 0
186 255 3 0 9 5 0
186 1167 0 2 60 5 0
186 1193 0 9 63 4 0
186 316 1 2 100 5 0
186 93 1 8 9 5 0
187 609 4 1 31 4 0
187 785 3 5 10 3 0
187 319 1 8 38 3 0
187 21 3 0 12 4 0
187 419 3 0 68 5 0
188 367 1 9 7 3 0
188 677 1 7 22 3 0
188 733 4 2 56 5 0
188 334 4 1 44 5 0
188 423 1 8 78 5 0
189 386 2 3 19 4 0
189 693 0 2 61 3 0
189 720 2 2 21 5 0
190 509 1 0 41 4 0
190 253 3 4 41 3 0
190 729 3 6 15 4 0
190 14 2 2 67 3 0
190 105 0 0 62 5 0
191 368 2 5 30 3 0
191 990 0 9 45 4 0
192 291 1 5 58 4 0
192 386 2 5 95 4 0
192 24 1 1 61 5 0
193 362 0 9 46 3 0
193 872 3 5 36 4 0
193 975 4 5 4 4 0
194 822 0 2 8 5 0
195 581 1 8 70 4 0
195 214 0 5 40 4 0
195 995 4 8 40 5 0
195 740 3 0 38 3 0
195 687 1 6 97 3 0
195 719 4 1 79 3 0
196 56 0 4 85 4 0
196 518 3 5 74 4 0
197 616 1 3 95 3 0
197 259 0 0 84 4 0
198 741 2 6 50 3 0
198 420 4 6 38 5 0
199 403 2 7 90 3 0
199 452 4 7 45 3 0
199 238 2 8 79 4 0
200 841 1 3 94 4 0
200 161 0 8 54 4 0
200 49 0 2 20 4 0
200 463 2 7 43 5 0
200 458 3 9 13 4 0
200 374 2 9 29 3 0
200 856 1 6 74 5 0
201 595 0 3 54 5 0
201 1073 4 3 20 4 0
201 892 4 2 49 4 0
201 944 1 9 90 4 0
202 493 2 5 20 5 0
202 163 0 4 17 5 0
202 721 1 7 41 3 0
202 796 2 7 75 4 0
202 1194 4 2 13 5 0
203 471 3 9 91 5 0
203 777 0 5 12 3 0
203 898 2 7 10 3 0
203 987 1 5 74 4 0
203 25 1 9 58 3 0
203 654 2 1 17 4 0
204 732 1 7 36 3 0
204 980 4 2 2 5 0
205 598 3 3 55 5 0
205 1017 1 8 20 4 0
205 922 3 8 60 4 0
205 664 2 1 24 5 0
206 223 4 3 29 4 0
206 172 0 3 80 3 0
206 545 2 1 15 5 0
206 533 3 4 3 3 0
207 978 3 1 60 5 0
207 453 2 3 58 3 0
207 1131 1 4 17 5 0
207 774 0 8 49 5 0
207 1045 1 7 93 5 0
207 430 3 0 22 5 0
207 565 4 6 49 4 0
207 368 2 9 69 4 0
208 965 0 6 58 5 0
208 705 4 1 60 4 0
208 1073 1 3 15 3 0
208 993 4 2 88 5 0
208 1034 2 0 78 3 0
208 715 4 6 53 3 0
208 902 2 7 88 5 0
209 749 1 3 67 3 0
209 38 2 7 2 5 0
209 429 1 9 19 5 0
209 149 3 0 2 4 0
210 196 4 3 4 4 0
210 684 1 3 74 4 0
212 381 4 2 43 4 0
212 1139 4 0 17 5 0
212 452 2 6 50 4 0
212 30 0 5 35 4 0
213 133 4 6 83 4 0
214 1033 1 9 18 3 0
214 320 4 6 8 4 0
214 321 4 1 14 5 0
214 470 2 9 13 3 0
214 159 2 3 25 3 0
215 334 1 3 12 4 0
215 71 0 8 14 5 0
215 127 1 0 71 4 0
215 176 1 9 13 5 0
216 215 1 0 15 4 0
216 969 3 5 77 4 0
217 313 1 1 95 4 0
217 897 0 6 38 3 0
217 907 0 4 83 5 0
217 806 2 5 75 5 0
217 283 3 0 1 3 0
217 10 2 6 52 5 0
218 540 2 8 92 5 0
218 603 3 2 87 5 0
218 499 1 0 59 5 0
218 640 4 2 88 4 0
218 15 1 3 49 3 0
219 178 1 0 68 5 0
219 136 2 6 61 3 0
219 33 0 1 10 3 0
219 762 1 1 63 3 0
219 282 2 0 93 3 0
219 658 0 9 44 4 0
219 526 2 3 27 3 0
220 451 1 6 81 5 0
220 930 3 8 27 4 0
220 103 2 6 14 4 0
220 261 4 8 53 5 0
220 585 0 6 26 4 0
221 528 3 4 57 5 0
221 1049 3 3 50 5 0
221 729 4 7 26 4 0
221 1022 4 2 3 4 0
221 403 1 9 79 5 0
222 1079 0 8 4 4 0
222 166 0 7 38 5 0
222 830 3 1 71 3 0
223 175 0 2 21 4 0
223 309 2 6 92 5 0
223 1114 3 3 93 5 0
223 514 4 2 70 3 0
223 612 4 7 6 4 0
223 35 2 4 73 3 0
224 81 4 4 78 4 0
224 132 0 6 71 5 0
224 669 1 4 10 4 0
224 171 3 5 48 4 0
224 403 2 4 2 4 0
225 510 3 1 55 4 0
225 1126 4 7 49 3 0
226 842 1 6 53 5 0
226 821 3 2 69 4 0
226 816 2 0 32 4 0
226 123 4 6 24 3 0
226 365 2 6 17 4 0
226 712 0 2 67 3 0
226 224 4 9 61 5 0
227 40 0 6 41 4 0
227 406 2 5 16 3 0
227 76 2 7 85 5 0
227 125 2 9 40 3 0
227 197 4 2 67 3 0
227 249 2 8 43 5 0
227 834 2 2 32 4 0
228 1059 4 6 24 4 0
228 151 1 3 74 3 0
228 647 4 7 42 4 0
229 517 1 9 14 3 0
229 436 3 0 18 3 0
229 335 2 7 16 4 0
229 97 2 3 90 3 0
229 1151 3 0 85 4 0
230 1060 1 8 4 4 0
231 33 2 3 27 5 0
231 310 2 6 22 4 0
231 790 1 8 82 3 0
232 797 1 2 41 5 0
232 991 0 1 10 3 0
232 81 2 0 4 4 0
232 73 0 0 66 5 0
232 609 1 0 63 4 0
233 897 1 2 78 3 0
233 1000 1 2 85 4 0
233 962 1 2 75 3 0
233 594 3 8 82 4 0
233 907 1 5 88 5 0
234 618 0 2 82 3 0
234 277 1 6 31 3 0
234 613 0 8 7 3 0
235 837 4 7 59 5 0
235 430 1 2 37 3 0
235 1142 4 1 22 3 0
235 391 0 9 65 4 0
236 620 1 8 27 5 0
236 851 0 6 76 3 0
236 1023 1 4 95 4 0
236 1145 3 0 59 5 0
236 1075 3 7 71 3 0
236 135 2 6 99 3 0
236 784 0 8 4 3 0
236 330 2 9 30 4 0
237 1152 0 1 14 4 0
237 6 3 7 72 3 0
237 43 1 3 48 5 0
237 487 4 1 9 5 0
237 108 1 6 99 4 0
237 57 3 6 63 3 0
237 39 0 2 23 5 0
238 254 1 7 66 5 0
238 862 4 1 95 4 0
238 228 4 2 12 3 0
238 98 4 3 24 5 0
238 593 0 5 38 3 0
239 1114 2 1 89 5 0
239 255 4 2 47 5 0
239 65 4 5 59 4 0
239 266 3 8 5 4 0
240 668 4 0 69 5 0
240 195 4 0 93 5 0
240 834 2 1 29 3 0
240 218 2 9 54 3 0
240 87 4 9 70 5 0
240 912 2 7 25 3 0
240 77 1 6 84 5 0
241 648 2 3 49 5 0
241 320 3 5 59 3 0
241 821 0 8 97 4 0
241 597 0 0 72 4 0
241 303 2 5 72 4 0
241 1085 0 0 89 3 0
241 1031 0 5 37 4 0
242 615 3 0 73 5 0
242 824 0 9 76 3 0
242 669 2 9 9 5 0
242 1051 0 2 6 3 0
242 133 3 1 56 3 0
242 37 0 6 32 4 0
242 1086 4 0 63 5 0
242 626 1 1 38 5 0
242 808 1 9 79 4 0
242 946 1 5 88 5 0
243 379 4 9 20 4 0
243 254 4 5 53 5 0
244 284 3 9 5 3 0
244 34 2 9 9 5 0
244 331 0 0 66 5 0
244 510 4 8 5 4 0
245 115 4 8 24 5 0
245 140 2 1 16 5 0
245 445 0 4 51 5 0
245 401 4 7 30 5 0
245 245 3 4 40 4 0
245 757 1 9 73 3 0
245 411 2 9 23 5 0
245 81 4 7 43 5 0
246 388 0 0 54 3 0
247 909 4 9 12 5 0
247 262 4 9 85 3 0
247 506 4 0 96 3 0
247 1003 2 5 74 5 0
247 668 0 5 76 4 0
248 840 0 6 33 5 0
248 189 0 2 11 3 0
248 428 3 2 44 5 0
248 440 2 4 17 5 0
248 155 2 4 33 4 0
248 53 2 8 94 5 0
249 792 2 1 94 5 0
249 221 2 1 48 5 0
250 531 4 3 98 5 0
250 1108 3 6 1 4 0
250 583 1 9 44 4 0
250 298 4 4 16 4 0
250 835 2 3 71 4 0
251 738 4 7 35 4 0
251 195 4 4 26 3 0
251 550 0 1 67 5 0
252 743 3 7 69 4 0
252 1161 1 8 41 3 0
252 752 3 3 14 3 0
252 575 0 4 67 3 0
252 1163 3 0 42 3 0
253 543 1 0 4 5 0
253 1092 3 5 85 3 0
253 27 3 7 85 5 0
254 296 1 2 81 3 0
254 754 1 3 29 4 0
254 695 1 7 31 5 0
254 935 1 0 57 5 0
255 41 4 1 28 3 0
255 614 4 4 7 4 0
255 714 0 3 47 3 0
255 508 1 9 43 3 0
255 506 3 9 28 5 0
255 667 1 0 68 4 0
256 676 3 1 83 3 0
256 119 4 6 4 4 0
256 914 1 4 3 3 0
257 584 1 3 80 3 0
257 1167 4 9 5 5 0
257 432 3 3 51 5 0
258 1090 0 7 75 5 0
258 69 1 9 67 3 0
258 829 2 0 8 4 0
258 980 3 0 30 4 0
258 1168 3 1 8 3 0
259 871 4 3 70 3 0
259 174 3 5 11 3 0
259 1119 1 7 58 3 0
260 600 2 0 5 3 0
260 74 1 4 17 5 0
260 412 1 5 93 5 0
260 70 1 2 21 3 0
261 1150 0 6 62 5 0
262 580 0 1 29 4 0
262 600 4 9 33 5 0
263 914 3 5 62 3 0
263 964 1 5 43 4 0
264 822 2 2 6 5 0
264 1170 1 9 5 4 0
264 451 0 7 37 4 0
264 289 0 3 49 4 0
264 790 3 3 80 4 0
264 642 1 9 41 5 0
264 999 3 4 22 5 0
265 915 0 7 85 3 0
265 50 4 3 13 3 0
266 70 0 0 13 3 0
266 296 1 4 24 4 0
266 1041 0 8 22 4 0
266 36 0 6 73 4 0
267 743 4 4 91 4 0
267 457 1 8 53 5 0
267 941 0 5 28 3 0
267 837 1 0 11 3 0
268 329 2 1 46 4 0
268 562 0 0 39 3 0
269 1003 1 6 19 3 0
269 514 0 5 42 4 0
269 1042 2 5 28 4 0
269 1180 4 7 13 3 0
269 943 0 3 62 4 0
269 1055 3 8 56 4 0
269 790 0 8 12 3 0
270 1155 1 9 30 5 0
270 861 1 3 11 5 0
270 638 0 2 68 4 0
270 693 1 4 31 5 0
270 682 0 5 66 4 0
270 883 0 4 99 4 0
270 565 1 9 68 4 0
270 1055 3 3 29 4 0
271 1172 0 5 92 3 0
271 147 2 3 60 3 0
271 494 0 7 57 4 0
271 404 1 3 46 3 0
272 1197 4 9 34 4 0
272 576 3 0 56 3 0
272 674 3 8 22 4 0
273 13 3 4 92 3 0
273 671 2 7 15 5 0
273 551 2 6 77 3 0
274 810 4 7 47 5 0
274 469 2 2 84 3 0
274 251 3 4 16 4 0
274 914 0 7 96 5 0
274 226 0 3 91 3 0
275 733 4 3 37 5 0
275 800 1 6 58 5 0
275 638 0 2 13 4 0
276 233 4 0 24 5 0
276 194 0 1 71 5 0
276 386 4 8 92 4 0
276 106 2 6 11 3 0
276 113 0 1 54 5 0
277 216 4 8 59 3 0
277 1057 4 1 58 4 0
277 20 3 1 36 5 0
278 572 2 9 90 5 0
278 551 2 5 95 5 0
279 401 4 5 44 3 0
279 171 1 9 70 5 0
279 447 0 1 58 3 0
279 22 4 1 84 4 0
279 729 1 0 71 4 0
279 485 3 9 55 4 0
279 248 1 3 47 3 0
279 455 2 1 19 4 0
279 237 0 9 93 4 0
280 852 3 5 33 5 0
280 385 2 6 73 5 0
280 1080 0 7 86 3 0
280 908 1 0 32 5 0
280 615 1 6 32 3 0
280 647 2 3 62 3 0
280 964 1 2 36 3 0
281 839 0 0 73 4 0
281 1188 2 3 8 4 0
281 1165 3 6 22 3 0
281 642 2 5 5 5 0
282 268 2 0 49 4 0
282 346 4 5 98 4 0
283 289 0 2 86 3 0
283 1074 0 2 97 3 0
283 341 0 3 51 3 0
283 316 2 1 37 5 0
284 724 3 9 61 3 0
284 937 1 5 98 5 0
284 109 3 4 4 5 0
284 1174 1 6 91 5 0
284 585 1 7 64 5 0
285 610 1 8 82 4 0
285 964 0 0 18 4 0
285 1182 1 4 66 3 0
285 82 4 8 26 3 0
285 676 0 8 62 4 0
285 1148 4 6 28 3 0
286 43 2 7 44 3 0
286 262 2 7 29 4 0
286 453 2 7 55 5 0
286 603 0 1 31 5 0
286 921 2 0 51 4 0
286 864 4 3 76 3 0
287 668 3 4 28 3 0
287 877 3 9 1 5 0
288 347 3 8 87 4 0
288 963 0 4 4 4 0
288 845 4 1 81 3 0
289 138 4 4 7 4 0
289 489 0 1 5 3 0
289 801 4 3 64 3 0
289 424 0 8 8 3 0
289 194 1 4 95 3 0
289 795 0 1 87 5 0
290 706 0 7 13 5 0
290 871 1 3 8 3 0
290 365 3 2 12 5 0
291 1049 3 7 6 5 0
291 1174 0 3 10 3 0
291 61 4 2 13 5 0
291 94 2 6 24 3 0
291 1031 1 7 75 4 0
292 196 0 8 49 3 0
292 797 4 2 41 4 0
292 31 2 2 98 3 0
292 988 2 2 66 4 0
293 144 2 4 81 4 0
293 432 4 7 69 4 0
293 397 4 3 14 3 0
293 494 1 3 39 5 0
293 759 4 9 7 4 0
293 958 4 4 37 3 0
294 560 0 0 95 3 0
294 751 1 1 54 4 0
294 5 4 9 77 4 0
294 570 2 1 14 5 0
294 225 0 1 34 5 0
294 373 0 3 48 3 0
295 327 2 6 23 3 0
295 290 2 8 9 5 0
295 947 1 2 31 5 0
296 803 3 5 57 3 0
296 719 4 6 12 4 0
296 965 1 0 33 4 0
296 470 0 5 56 5 0
297 1012 3 3 95 4 0
297 915 1 1 9 3 0
297 7 3 9 48 4 0
298 830 1 5 4 3 0
298 936 3 9 92 4 0
298 1190 1 7 24 4 0
298 733 4 1 82 3 0
298 583 2 4 13 5 0
299 1078 0 4 60 3 0
299 772 3 0 10 3 0
299 47 4 0 30 3 0
299 559 4 7 42 5 0
299 20 4 8 89 4 0
299 497 0 8 74 5 0
300 755 3 6 4 3 0
300 531 4 1 42 4 0
300 267 2 3 52 3 0
300 461 0 8 82 3 0
300 847 3 8 73 5 0
301 1004 0 5 33 4 0
301 912 1 4 6 4 0
301 377 3 4 80 4 0
301 387 2 5 83 5 0
301 767 1 2 73 4 0
301 482 4 4 42 4 0
302 368 4 3 88 5 0
302 384 4 1 90 3 0
303 1006 0 5 91 3 0
303 263 0 6 92 5 0
303 652 3 6 16 3 0
303 85 0 4 61 3 0
304 455 4 9 57 4 0
304 652 2 7 18 4 0
304 1068 2 5 77 3 0
304 779 1 2 66 4 0
305 642 4 9 5 3 0
305 254 4 0 9 3 0
305 1064 3 2 27 4 0
305 267 2 3 92 4 0
306 1198 3 1 64 3 0
306 504 0 4 68 5 0
306 653 2 4 87 3 0
307 942 3 4 80 4 0
307 1112 0 9 5 3 0
308 86 2 3 44 3 0
308 38 1 7 9 4 0
308 144 1 0 46 4 0
308 451 3 4 67 5 0
309 96 2 5 1 3 0
309 612 3 0 56 5 0
309 51 4 5 39 5 0
309 895 0 6 80 5 0
310 709 2 6 49 5 0
310 1142 1 6 5 4 0
310 458 2 2 77 4 0
310 964 1 3 13 3 0
310 872 1 8 20 4 0
310 724 1 7 26 4 0
311 986 2 6 29 5 0
311 175 2 3 91 4 0
311 316 1 2 95 4 0
311 219 2 9 74 5 0
311 405 0 4 73 5 0
312 1081 4 5 63 3 0
312 275 1 2 97 4 0
312 1188 3 1 95 3 0
312 510 4 2 31 3 0
312 926 4 8 36 3 0
313 94 1 2 95 3 0
313 672 2 5 9 4 0
313 612 4 2 60 4 0
314 875 1 8 6 5 0
314 837 0 0 78 4 0
314 259 1 5 84 4 0
314 297 2 1 57 3 0
315 397 2 9 35 4 0
315 1188 4 1 13 3 0
315 1014 3 6 76 3 0
315 591 2 5 23 5 0
315 378 4 2 96 3 0
315 308 3 4 18 3 0
315 675 2 9 17 3 0
315 931 0 1 33 4 0
315 878 1 0 7 5 0
315 927 3 8 90 4 0
316 211 4 9 61 4 0
316 993 1 5 58 3 0
317 1119 1 8 48 5 0
317 259 4 7 40 5 0
317 441 2 0 40 5 0
317 1143 3 8 90 4 0
318 793 0 9 85 5 0
318 1052 4 5 48 5 0
318 554 2 1 25 5 0
318 205 3 0 60 4 0
318 378 3 8 62 4 0
318 72 0 2 81 4 0
318 189 0 7 51 4 0
318 726 4 1 49 3 0
319 1104 4 4 100 5 0
319 902 4 2 61 3 0
319 244 1 0 28 5 0
319 735 1 7 82 4 0
320 911 3 1 72 5 0
320 873 2 4 30 3 0
321 1016 2 5 98 4 0
321 854 4 4 33 4 0
321 695 2 3 90 5 0
321 282 1 8 9 3 0
321 440 1 4 99 3 0
321 376 3 1 63 5 0
322 313 4 0 16 3 0
322 453 2 6 99 3 0
322 469 1 9 48 5 0
322 959 1 2 80 3 0
322 601 0 1 39 4 0
322 756 0 4 98 3 0
323 194 4 7 9 4 0
323 70 1 3 57 4 0
323 635 0 9 7 3 0
323 233 2 1 48 3 0
323 57 1 2 34 3 0
324 590 1 7 40 5 0
324 439 3 6 36 3 0
324 611 0 5 59 3 0
324 545 3 6 17 3 0
324 1068 0 9 87 5 0
325 173 3 1 59 5 0
326 409 4 1 11 4 0
327 301 2 2 64 3 0
327 794 0 3 77 5 0
327 68 4 0 81 3 0
327 1026 4 5 21 3 0
327 558 4 3 94 3 0
328 1101 2 8 41 5 0
328 385 4 6 37 5 0
328 610 3 5 12 4 0
328 883 0 6 43 4 0
328 210 0 5 89 5 0
329 329 1 6 8 5 0
330 320 0 3 39 5 0
330 1178 0 0 27 5 0
331 499 1 5 59 5 0
331 638 2 1 6 3 0
331 789 1 6 7 5 0
331 271 1 0 99 5 0
331 128 1 1 95 5 0
332 853 2 1 40 4 0
332 419 1 6 58 5 0
332 876 2 7 42 4 0
332 268 0 1 41 3 0
332 369 3 3 59 3 0
332 505 2 6 8 4 0
332 8 3 8 76 5 0
332 93 4 1 11 5 0
333 1045 4 8 59 4 0
333 88 0 2 40 4 0
333 408 1 4 67 3 0
333 321 3 9 85 5 0
334 450 4 6 50 3 0
334 578 0 3 4 4 0
334 158 1 5 53 4 0
334 279 3 5 37 5 0
334 775 2 3 31 5 0
335 956 0 4 35 4 0
335 1057 4 7 49 3 0
335 276 2 4 95 4 0
336 198 3 8 75 3 0
336 454 3 9 50 4 0
336 128 0 5 81 3 0
336 554 4 2 33 5 0
336 353 3 8 32 5 0
336 918 4 1 18 4 0
337 671 4 6 33 4 0
337 676 4 0 59 3 0
338 261 4 8 77 3 0
338 316 3 6 86 5 0
338 1015 2 6 12 3 0
338 528 4 2 85 5 0
338 591 1 6 73 4 0
338 281 2 8 46 3 0
339 875 2 1 78 5 0
339 7 3 3 77 5 0
339 771 2 6 61 3 0
340 1007 1 2 79 3 0
340 961 3 6 95 4 0
341 261 0 7 92 5 0
341 486 4 2 88 5 0
341 1006 1 1 6 4 0
341 263 1 7 1 3 0
341 41 0 0 36 4 0
342 260 3 9 64 5 0
342 549 0 5 30 3 0
342 225 1 5 9 4 0
342 347 4 7 62 4 0
342 1018 2 5 26 3 0
342 646 4 3 37 5 0
342 838 3 7 77 4 0
342 210 3 7 100 5 0
342 1161 4 3 8 3 0
342 1102 4 3 14 4 0
343 1175 3 1 97 5 0
343 441 0 2 4 3 0
344 677 1 5 74 5 0
344 583 0 6 62 4 0
344 981 2 1 89 5 0
344 1150 2 5 8 3 0
344 510 4 2 63 4 0
345 73 3 7 65 3 0
345 612 2 7 7 3 0
345 434 3 8 82 3 0
345 533 2 1 21 3 0
345 644 1 7 43 5 0
346 1105 4 9 73 5 0
346 488 0 2 66 5 0
346 429 4 9 86 3 0
346 44 0 5 4 3 0
347 225 2 0 24 3 0
347 790 4 4 39 3 0
347 1059 2 8 74 3 0
347 583 4 6 9 3 0
347 260 3 4 32 5 0
347 661 0 7 2 5 0
348 905 2 2 25 3 0
348 681 4 9 96 5 0
348 982 4 7 28 5 0
348 909 1 8 55 4 0
348 860 1 0 5 4 0
348 370 2 0 50 5 0
348 468 2 9 83 5 0
349 759 2 2 41 4 0
349 316 3 4 90 4 0
349 216 4 4 48 3 0
349 893 3 1 45 4 0
349 480 1 8 19 3 0
349 979 4 2 25 5 0
350 591 0 9 4 3 0
350 291 0 0 25 4 0
350 437 1 9 90 5 0
350 1095 2 7 63 3 0
351 341 3 7 75 4 0
351 71 1 8 91 5 0
351 990 0 1 10 5 0
351 380 1 7 81 5 0
352 402 1 3 22 5 0
352 595 1 1 75 5 0
352 617 3 5 31 3 0
352 495 4 5 20 4 0
353 374 3 9 90 3 0
353 934 1 6 48 3 0
353 463 0 0 86 5 0
354 1028 2 3 86 5 0
354 939 0 1 72 4 0
354 570 1 0 76 5 0
354 389 2 2 34 3 0
354 445 3 0 54 5 0
354 540 2 9 79 3 0
355 308 4 2 32 5 0
355 428 0 6 56 5 0
356 738 0 4 20 5 0
356 971 0 3 33 4 0
356 915 0 5 14 4 0
357 152 2 7 30 3 0
357 219 4 0 54 5 0
357 95 4 8 48 4 0
357 1158 1 9 68 4 0
358 570 1 7 60 4 0
358 168 1 6 49 3 0
359 607 0 8 21 3 0
359 809 3 2 48 5 0
359 464 1 8 17 3 0
359 109 3 5 70 3 0
359 451 0 9 17 5 0
359 608 4 5 85 4 0
360 335 2 3 36 3 0
360 1107 0 9 75 4 0
360 240 4 3 1 3 0
360 539 2 1 23 4 0
360 163 4 8 47 4 0
361 350 3 8 4 3 0
361 65 2 1 51 4 0
362 230 1 3 87 5 0
362 476 0 2 89 3 0
362 1094 3 4 89 5 0
363 412 3 4 51 3 0
363 922 2 0 50 5 0
363 496 4 7 39 3 0
364 972 1 2 84 3 0
364 217 0 8 44 4 0
364 526 0 3 27 3 0
364 407 0 9 41 5 0
365 526 4 2 84 3 0
365 628 0 8 88 5 0
365 246 4 5 67 5 0
365 629 4 8 41 3 0
366 654 0 2 70 4 0
366 945 2 2 35 5 0
366 385 3 0 6 3 0
366 756 2 8 90 5 0
366 1198 1 4 53 5 0
366 752 3 1 70 4 0
367 1133 3 5 14 4 0
367 891 0 5 35 4 0
368 421 0 6 48 4 0
368 547 0 5 13 4 0
368 966 4 4 62 5 0
368 1138 0 6 31 3 0
369 583 1 6 13 4 0
369 331 4 5 12 4 0
369 159 2 1 93 4 0
369 588 0 8 42 4 0
369 1039 0 2 87 3 0
369 521 4 6 35 5 0
369 121 4 1 100 3 0
369 852 4 6 31 3 0
370 870 4 9 44 5 0
370 320 4 5 25 4 0
370 493 0 8 70 5 0
370 409 3 1 53 4 0
370 497 2 2 45 4 0
371 906 4 7 3 3 0
371 880 0 1 95 4 0
372 1084 3 4 11 5 0
372 715 2 7 25 4 0
372 39 1 7 29 5 0
372 893 4 5 23 3 0
372 519 2 4 86 4 0
373 200 2 7 97 3 0
373 329 0 0 8 5 0
373 235 0 7 22 5 0
373 102 0 8 10 5 0
374 1047 3 6 26 4 0
374 830 3 6 6 3 0
374 877 3 3 7 3 0
374 784 4 9 56 3 0
374 950 0 5 22 4 0
374 643 1 5 26 4 0
375 1106 4 0 1 5 0
375 609 2 9 28 3 0
376 642 0 0 61 5 0
376 826 1 2 62 5 0
376 325 0 1 32 4 0
377 463 1 1 56 3 0
377 722 1 7 52 4 0
377 320 1 3 75 3 0
378 1136 3 2 94 4 0
379 850 1 8 10 3 0
379 115 1 0 32 3 0
379 222 2 8 92 5 0
379 133 2 7 68 4 0
380 981 1 2 95 4 0
380 297 0 3 63 4 0
380 952 1 6 95 5 0
381 652 4 7 29 3 0
381 741 3 1 37 3 0
382 768 2 9 45 4 0
382 704 4 3 36 4 0
382 476 4 7 28 3 0
383 766 3 6 52 4 0
383 819 3 1 56 4 0
383 1158 3 2 87 5 0
383 654 2 5 77 4 0
383 775 0 4 47 4 0
383 480 1 4 71 3 0
383 433 0 4 35 4 0
383 739 3 3 60 4 0
384 82 4 9 95 5 0
384 907 2 1 67 3 0
384 825 1 6 23 4 0
384 41 4 8 67 3 0
385 512 4 1 82 5 0
385 832 1 6 95 5 0
385 1028 2 1 72 5 0
385 112 0 3 51 4 0
386 1115 1 2 52 3 0
386 267 2 2 30 5 0
386 471 0 5 13 3 0
386 296 3 5 91 3 0
386 75 1 4 67 3 0
386 466 1 8 26 4 0
386 307 1 9 93 4 0
386 1049 0 4 73 5 0
386 588 1 1 71 4 0
387 163 2 2 96 5 0
387 76 4 9 96 5 0
387 279 2 7 17 4 0
387 822 0 0 54 3 0
387 307 1 9 87 5 0
387 25 3 7 84 3 0
388 331 3 3 77 4 0
388 1161 3 2 7 3 0
388 13 2 5 64 4 0
388 771 2 4 30 5 0
389 484 3 2 71 4 0
389 418 4 9 50 3 0
389 263 4 5 90 5 0
390 307 4 0 61 5 0
390 511 2 9 84 3 0
390 279 2 9 66 3 0
391 676 0 0 88 4 0
391 101 1 7 25 4 0
391 619 2 4 71 3 0
391 586 1 0 6 4 0
392 1021 1 9 18 4 0
392 15 1 3 85 4 0
393 161 0 5 32 5 0
393 834 0 9 41 4 0
393 155 4 6 76 5 0
393 322 0 7 44 3 0
394 1049 2 7 22 3 0
395 1100 1 6 28 3 0
395 946 0 1 30 5 0
396 409 3 4 17 4 0
396 442 1 2 100 4 0
396 173 1 0 32 3 0
396 1153 4 5 26 3 0
396 856 3 8 54 3 0
396 131 3 5 53 3 0
396 1117 4 7 8 5 0
396 772 3 0 15 3 0
396 949 2 8 99 3 0
397 464 0 0 69 3 0
397 743 0 8 90 3 0
397 904 0 3 62 4 0
397 731 2 2 64 3 0
397 1012 3 9 26 5 0
397 973 4 3 27 3 0
398 344 3 6 55 3 0
398 282 0 0 20 4 0
398 699 1 4 10 4 0
399 815 1 7 49 3 0
399 537 0 0 61 5 0
399 145 4 7 1 4 0
399 263 4 0 78 4 0
400 85 3 1 22 4 0
401 1130 3 7 67 5 0
401 954 0 3 48 3 0
402 108 4 2 61 5 0
402 1105 3 6 8 3 0
402 773 0 9 96 4 0
402 999 4 0 15 3 0
403 108 4 2 36 5 0
403 311 1 8 88 3 0
403 41 3 7 95 3 0
404 796 1 3 48 5 0
404 497 3 0 86 4 0
404 412 1 4 23 3 0
404 55 3 3 13 3 0
405 400 3 6 98 5 0
405 7 0 4 89 4 0
405 643 4 7 85 5 0
405 990 2 4 37 3 0
405 118 3 5 57 3 0
405 258 3 3 14 4 0
405 372 2 9 93 4 0
406 90 0 0 98 5 0
406 958 3 8 40 3 0
406 437 0 0 63 3 0
406 355 3 1 41 4 0
407 1005 3 5 2 3 0
407 563 0 2 87 3 0
408 38 0 3 36 4 0
408 180 2 2 17 5 0
408 453 3 7 34 5 0
409 941 1 0 72 4 0
409 748 2 0 50 5 0
409 13 1 9 7 5 0
409 338 3 1 29 3 0
409 1189 4 5 62 4 0
410 691 1 3 6 4 0
410 818 4 6 67 3 0
410 108 2 7 23 5 0
411 748 4 7 90 4 0
411 548 2 8 47 5 0
412 972 0 0 79 5 0
412 736 2 2 56 3 0
412 586 2 2 29 3 0
413 729 3 5 91 4 0
413 212 3 4 7 5 0
413 189 2 6 83 4 0
413 1019 1 1 56 3 0
413 735 1 4 14 3 0
414 1179 0 1 74 4 0
414 922 2 3 62 4 0
414 548 3 4 37 4 0
415 915 3 1 27 4 0
415 1114 0 1 19 3 0
415 94 3 7 15 3 0
415 825 1 2 59 3 0
415 269 0 0 85 4 0
415 999 2 5 15 5 0
415 357 3 6 55 5 0
416 1062 2 4 10 4 0
416 527 0 4 79 4 0
416 884 2 8 34 3 0
417 356 0 1 61 5 0
417 831 1 0 18 5 0
418 526 0 7 72 3 0
418 25 1 5 20 3 0
419 418 1 2 33 5 0
419 1143 3 8 61 3 0
419 775 4 8 82 3 0
419 876 3 5 16 3 0
420 907 1 6 3 3 0
421 267 3 7 24 3 0
421 312 4 2 83 5 0
421 297 1 3 25 4 0
422 1157 4 1 84 5 0
422 319 1 1 51 4 0
423 584 2 8 95 3 0
423 203 0 8 64 4 0
423 127 3 2 32 4 0
423 1042 4 2 13 5 0
423 143 4 3 65 5 0
423 898 0 8 24 3 0
424 637 0 2 24 5 0
425 695 2 1 48 5 0
425 1018 1 5 58 4 0
425 736 2 4 78 4 0
425 31 2 5 42 4 0
426 810 1 1 66 5 0
427 595 0 4 73 4 0
427 340 4 7 88 5 0
427 393 0 9 94 3 0
428 193 4 0 60 3 0
428 920 4 6 42 3 0
428 251 3 5 23 5 0
428 943 2 5 52 5 0
428 817 0 0 90 5 0
428 1123 3 5 68 5 0
428 440 3 6 25 5 0
428 722 0 8 54 4 0
428 615 3 6 33 3 0
429 543 0 1 98 5 0
429 1011 1 5 79 4 0
430 909 2 1 92 4 0
430 904 4 9 49 4 0
430 1185 3 5 35 4 0
430 1052 2 2 93 5 0
430 595 3 5 63 4 0
430 705 3 2 70 5 0
430 624 2 7 50 5 0
431 573 3 5 10 3 0
431 515 3 4 44 5 0
431 873 2 3 61 4 0
431 1125 1 1 66 3 0
432 57 0 1 86 3 0
432 1158 1 4 82 3 0
432 13 2 2 72 3 0
432 817 2 1 86 5 0
432 643 4 5 78 5 0
432 277 2 5 45 5 0
433 142 4 9 76 5 0
433 673 1 4 72 5 0
433 579 4 6 25 5 0
433 147 4 1 68 3 0
434 479 0 3 26 4 0
434 926 2 9 13 5 0
434 34 1 6 86 3 0
434 404 1 5 45 4 0
434 1046 4 1 46 4 0
434 1135 2 8 40 5 0
434 751 0 9 89 5 0
435 1146 2 1 34 4 0
435 230 4 7 5 3 0
435 872 2 8 70 5 0
436 671 0 8 3 5 0
436 827 1 5 2 3 0
436 556 4 0 22 3 0
436 299 0 2 67 3 0
437 213 3 2 24 4 0
437 534 4 7 75 4 0
437 1098 1 9 27 3 0
437 966 0 6 91 5 0
437 764 1 3 59 3 0
438 119 0 8 54 4 0
438 731 3 7 3 4 0
438 542 1 1 50 3 0
438 757 3 5 96 5 0
438 938 1 6 3 4 0
438 963 1 8 49 5 0
439 992 1 7 77 5 0
439 510 1 9 89 3 0
440 839 3 4 11 4 0
440 230 2 8 81 4 0
441 1126 1 5 50 5 0
441 1053 3 0 11 5 0
441 522 4 4 97 3 0
441 418 4 8 92 4 0
442 1180 1 8 6 4 0
442 214 0 3 63 4 0
442 1090 0 5 78 3 0
442 850 4 3 48 3 0
442 1041 3 4 67 5 0
442 28 1 8 5 3 0
442 610 3 1 66 5 0
442 515 0 2 55 5 0
443 316 4 9 82 3 0
443 876 4 5 66 3 0
443 231 0 6 85 3 0
443 581 2 6 89 3 0
443 480 2 5 14 5 0
443 394 3 2 99 5 0
444 967 1 4 37 4 0
444 1074 0 0 32 4 0
444 1130 1 8 99 5 0
444 431 1 1 35 3 0
445 946 0 2 91 4 0
445 531 1 5 100 4 0
445 557 1 5 68 3 0
446 26 4 1 58 3 0
446 876 0 1 79 3 0
446 947 1 6 95 4 0
447 1125 3 3 56 4 0
447 497 3 2 80 4 0
447 1049 0 0 20 5 0
447 1193 2 0 30 4 0
447 679 3 2 58 3 0
447 983 3 4 44 4 0
447 139 2 6 67 5 0
448 525 0 3 70 3 0
448 1158 1 5 19 3 0
448 1123 4 9 11 3 0
448 357 3 4 3 4 0
448 482 0 2 16 3 0
448 109 3 7 84 4 0
448 999 4 7 57 5 0
449 417 1 9 44 3 0
449 1151 0 0 18 4 0
449 953 4 1 83 3 0
449 203 0 4 66 5 0
450 201 2 5 47 4 0
450 190 2 5 40 4 0
450 233 3 4 13 4 0
451 898 2 1 86 3 0
451 376 4 9 60 4 0
451 652 2 5 43 5 0
451 997 3 1 97 4 0
451 366 3 5 55 3 0
451 958 0 5 73 5 0
452 94 3 9 61 5 0
452 844 2 8 38 5 0
452 101 0 2 93 3 0
452 249 3 4 32 3 0
453 912 0 9 43 5 0
453 811 4 4 31 3 0
453 1130 2 1 35 5 0
454 854 0 3 55 5 0
454 172 0 9 25 5 0
454 169 2 7 46 4 0
454 221 1 3 77 5 0
454 1116 2 3 89 3 0
455 210 0 6 28 3 0
456 948 1 6 62 4 0
456 524 1 1 17 3 0
456 326 3 3 86 3 0
457 657 3 8 21 4 0
457 601 1 5 47 4 0
457 473 2 4 71 5 0
457 506 0 3 69 4 0
457 458 1 9 66 3 0
457 822 1 6 75 5 0
458 629 3 5 73 3 0
458 1147 2 7 30 3 0
458 115 2 3 66 5 0
458 400 3 4 23 4 0
458 583 3 4 65 3 0
459 960 1 1 100 4 0
459 832 2 6 55 5 0
459 263 0 1 1 5 0
459 524 1 0 44 3 0
460 20 4 5 8 5 0
460 164 3 3 40 5 0
460 747 3 0 79 4 0
460 741 3 8 65 5 0
460 683 1 3 75 4 0
461 198 0 2 28 3 0
462 709 0 9 34 4 0
462 857 2 8 66 3 0
463 1164 0 3 61 4 0
464 1149 4 2 40 5 0
464 543 4 5 83 3 0
464 99 3 8 4 3 0
464 1065 2 7 53 5 0
464 6 4 0 61 5 0
465 482 3 9 85 5 0
465 2 3 5 94 4 0
465 541 2 0 97 3 0
465 883 3 0 62 5 0
465 593 1 8 87 3 0
466 710 2 9 41 5 0
466 801 3 3 84 5 0
466 984 3 7 5 5 0
466 1073 3 1 96 3 0
466 1034 4 8 18 5 0
467 146 4 4 100 4 0
467 336 0 7 67 3 0
467 391 4 6 71 4 0
467 654 0 1 69 3 0
468 967 0 5 78 3 0
468 276 2 6 69 4 0
468 288 2 9 57 3 0
468 814 0 7 2 3 0
469 65 3 7 96 4 0
469 802 4 2 66 5 0
470 612 0 4 92 5 0
470 154 2 0 28 4 0
470 487 1 0 25 4 0
470 510 1 4 80 3 0
470 694 1 0 59 5 0
471 743 3 1 90 4 0
471 142 2 3 64 4 0
471 797 0 8 14 5 0
471 335 1 9 10 5 0
472 886 4 0 22 3 0
472 41 2 6 39 3 0
472 604 3 3 72 4 0
472 158 0 5 37 5 0
472 610 4 6 66 4 0
473 292 2 1 3 3 0
473 698 1 8 21 5 0
473 233 3 7 7 5 0
473 792 3 6 78 5 0
473 381 1 1 13 5 0
473 274 2 2 2 3 0
473 292 3 3 18 5 0
473 893 0 9 42 4 0
474 158 1 4 8 3 0
474 768 4 0 59 3 0
474 926 3 0 77 3 0
474 96 3 3 49 3 0
474 259 2 2 74 3 0
475 1182 2 2 90 3 0
475 329 0 8 75 3 0
475 93 1 1 62 4 0
475 187 3 6 51 4 0
476 308 2 9 40 5 0
476 690 1 2 19 3 0
477 687 1 0 45 4 0
477 955 0 8 6 5 0
477 1175 1 0 69 3 0
477 98 1 0 7 4 0
478 645 4 0 40 5 0
478 879 2 1 10 4 0
478 876 3 0 79 3 0
478 415 1 6 2 3 0
478 1101 0 0 77 4 0
478 501 3 6 15 5 0
479 246 2 0 56 4 0
479 359 1 4 49 3 0
479 643 1 6 34 4 0
479 1145 2 4 80 4 0
479 794 0 1 66 3 0
479 1039 4 4 59 5 0
480 178 3 3 6 4 0
480 878 3 9 14 4 0
480 1189 3 9 10 4 0
481 1033 4 6 93 3 0
481 215 1 8 24 3 0
481 946 3 4 37 3 0
481 583 3 5 82 5 0
481 92 2 8 82 4 0
482 953 1 5 69 3 0
482 360 1 7 43 3 0
482 449 2 5 1 5 0
482 1050 0 7 91 4 0
482 364 0 4 65 3 0
483 1078 3 2 61 3 0
483 30 3 7 13 4 0
484 799 1 9 18 5 0
485 478 1 4 43 4 0
485 737 1 6 71 3 0
485 503 3 5 21 3 0
485 656 0 8 72 5 0
485 45 3 0 29 5 0
486 1108 0 0 82 3 0
487 1046 3 3 80 3 0
488 203 3 2 96 4 0
488 956 1 8 38 4 0
488 600 2 9 84 5 0
488 976 0 1 54 5 0
488 1043 4 1 80 3 0
488 1052 1 9 85 4 0
488 439 3 3 95 3 0
489 829 0 2 73 3 0
489 898 4 2 68 3 0
489 1172 3 6 92 3 0
489 703 2 8 24 4 0
489 265 1 6 56 4 0
489 1128 4 1 43 3 0
490 311 3 6 99 3 0
490 470 4 6 100 5 0
490 904 0 5 33 5 0
490 624 4 9 41 3 0
491 763 2 2 58 5 0
491 187 2 9 96 5 0
491 1152 4 8 45 5 0
491 166 3 7 25 3 0
492 1156 2 7 28 5 0
492 683 1 3 77 5 0
493 896 1 8 2 4 0
493 975 2 5 64 3 0
493 619 1 3 47 4 0
494 1161 4 2 96 5 0
494 490 2 7 45 4 0
494 676 2 0 92 4 0
494 1074 2 1 10 5 0
495 452 1 1 72 4 0
495 41 1 0 55 3 0
495 960 4 5 7 3 0
496 775 1 3 41 5 0
496 1180 4 8 55 3 0
496 948 0 6 32 5 0
496 1194 1 3 27 5 0
497 414 1 2 18 5 0
497 222 0 2 94 3 0
497 660 0 5 93 4 0
498 845 4 4 2 4 0
498 406 1 2 87 3 0
498 919 0 7 37 5 0
499 330 3 7 21 4 0
499 323 2 5 18 5 0
499 667 3 0 66 3 0
500 809 1 7 24 4 0
500 653 3 3 34 5 0
501 840 4 0 18 4 0
501 530 1 2 20 5 0
501 167 1 9 99 3 0
502 680 2 6 37 3 0
502 116 1 8 20 3 0
502 838 3 8 30 4 0
502 920 3 0 95 5 0
502 620 3 3 56 3 0
503 365 4 1 2 4 0
503 941 0 9 72 5 0
503 68 0 1 39 5 0
503 569 0 1 52 3 0
503 802 3 8 35 4 0
503 1083 0 6 83 4 0
504 223 2 1 45 3 0
504 759 4 9 29 3 0
504 227 0 9 21 3 0
504 1070 0 3 36 4 0
504 1133 0 4 89 3 0
505 233 2 5 19 3 0
505 652 4 2 40 4 0
505 537 3 4 84 3 0
505 753 4 2 57 5 0
505 10 0 6 86 5 0
505 802 4 3 50 5 0
505 679 2 0 76 3 0
506 1101 2 8 96 3 0
506 243 0 2 24 5 0
506 278 1 1 99 5 0
506 729 3 4 54 5 0
507 1088 1 6 91 4 0
507 708 1 0 90 3 0
507 1071 2 9 91 5 0
507 288 0 0 79 5 0
507 502 3 1 55 4 0
507 939 3 3 86 4 0
507 363 3 9 49 4 0
507 1130 0 2 89 4 0
507 315 4 3 22 4 0
508 816 3 2 5 5 0
508 320 2 3 97 4 0
508 755 0 6 59 3 0
508 604 3 5 53 4 0
509 296 2 3 21 3 0
510 157 2 6 15 4 0
510 1098 0 9 88 5 0
510 387 4 6 17 4 0
510 159 0 0 20 3 0
511 118 1 7 8 3 0
511 742 4 2 30 4 0
511 1171 1 4 68 5 0
511 747 0 7 41 5 0
511 469 2 2 73 4 0
511 742 1 8 60 4 0
511 124 2 8 28 3 0
512 648 0 2 73 3 0
512 489 0 9 76 5 0
512 440 2 8 67 3 0
513 19 0 5 70 4 0
513 1110 3 8 76 3 0
513 822 3 8 82 3 0
513 329 0 0 55 5 0
513 506 4 5 10 5 0
513 269 1 6 98 5 0
513 283 3 8 52 5 0
514 1030 1 5 63 5 0
514 959 2 0 79 4 0
514 732 0 5 81 5 0
514 936 2 8 69 5 0
514 97 4 3 48 5 0
515 172 3 3 30 3 0
515 918 1 7 24 5 0
515 802 3 7 63 5 0
516 523 3 6 20 3 0
516 1146 0 9 92 4 0
516 456 1 4 3 4 0
516 770 3 3 63 3 0
516 579 2 7 47 5 0
516 563 1 6 77 5 0
516 1024 1 5 49 5 0
517 1161 0 1 49 4 0
517 975 3 7 31 5 0
517 800 2 7 69 4 0
517 884 2 2 57 5 0
518 525 4 8 79 3 0
518 253 4 7 96 5 0
518 409 2 3 44 3 0
519 849 0 6 49 5 0
519 1106 1 5 9 5 0
519 114 2 5 54 3 0
519 181 4 6 52 3 0
519 223 3 4 16 4 0
519 119 1 5 45 3 0
520 353 0 7 63 5 0
521 9 2 9 64 3 0
521 676 1 2 4 5 0
521 894 4 3 61 5 0
521 628 0 5 100 4 0
522 488 2 6 71 5 0
522 149 3 1 65 4 0
522 656 4 2 93 3 0
522 1010 2 1 1 3 0
522 606 1 2 19 5 0
522 841 1 3 4 4 0
523 105 2 7 77 5 0
523 1057 0 9 82 5 0
523 137 1 4 30 4 0
524 538 3 9 70 5 0
524 921 2 6 27 5 0
524 879 0 5 37 4 0
524 26 2 7 84 5 0
524 486 0 8 73 3 0
524 482 2 2 35 5 0
525 197 0 1 45 3 0
525 919 4 6 39 3 0
526 787 1 4 13 4 0
526 998 4 1 74 4 0
526 1062 3 9 1 3 0
526 645 4 6 16 3 0
526 1051 0 5 79 5 0
527 882 2 3 94 4 0
527 298 4 9 70 4 0
527 147 0 9 76 3 0
528 1043 0 5 84 5 0
528 420 1 6 93 4 0
528 258 1 6 5 5 0
528 986 0 0 10 5 0
528 373 4 2 47 3 0
529 85 2 6 75 3 0
529 44 0 1 42 3 0
529 1078 1 9 26 5 0
529 836 3 1 56 4 0
530 190 0 1 82 5 0
530 540 3 0 88 5 0
530 877 0 3 73 4 0
530 916 3 9 98 3 0
530 468 0 5 32 3 0
530 376 0 5 96 4 0
530 660 2 5 83 3 0
531 619 3 5 67 4 0
532 677 0 9 76 4 0
532 790 3 1 26 5 0
532 1116 4 5 19 4 0
533 76 3 8 19 5 0
533 581 1 7 84 3 0
533 69 2 6 18 3 0
533 416 2 5 80 4 0
533 249 1 2 78 3 0
533 19 1 2 87 4 0
533 88 2 6 7 5 0
534 1192 3 2 24 4 0
534 707 4 6 98 5 0
534 368 2 6 45 3 0
534 1076 1 3 35 5 0
534 1044 0 9 57 5 0
534 739 1 5 34 3 0
534 101 0 4 35 3 0
534 362 4 5 3 4 0
535 271 2 2 27 4 0
535 998 0 8 21 5 0
535 127 4 7 22 3 0
536 639 3 9 82 5 0
536 885 0 7 60 3 0
536 1068 2 7 39 3 0
536 1118 3 8 62 4 0
536 457 4 2 86 3 0
536 22 4 3 94 3 0
537 1178 2 0 24 3 0
537 160 2 2 78 3 0
537 688 0 6 96 4 0
538 98 4 1 50 5 0
538 259 3 6 35 4 0
538 378 2 0 63 5 0
539 350 1 6 51 4 0
539 71 3 6 74 4 0
539 71 3 5 27 3 0
540 851 3 7 57 3 0
540 547 4 0 72 5 0
540 1199 2 9 89 4 0
540 1061 4 9 4 5 0
540 946 4 2 64 5 0
541 265 1 4 98 4 0
541 165 4 6 47 3 0
542 821 3 4 23 3 0
542 73 4 6 15 5 0
542 917 2 9 41 4 0
542 1062 0 8 22 4 0
543 1143 0 8 74 3 0
543 237 2 4 91 5 0
543 210 3 7 59 4 0
543 1098 3 6 84 3 0
543 741 3 7 82 5 0
544 18 2 2 66 4 0
544 260 1 2 15 4 0
545 940 1 5 5 5 0
545 676 1 4 1 3 0
545 261 3 8 100 4 0
546 172 1 0 1 3 0
546 1078 0 9 36 5 0
547 168 3 1 51 3 0
547 804 0 2 47 4 0
547 79 2 7 34 4 0
547 369 0 1 37 3 0
547 794 3 0 67 4 0
548 948 2 7 1 5 0
548 1049 2 5 96 4 0
548 966 3 2 27 3 0
548 4 0 3 100 4 0
548 215 4 1 34 4 0
549 587 2 5 79 4 0
549 1164 1 6 63 4 0
549 500 4 7 68 5 0
549 68 2 5 7 4 0
549 375 4 2 84 4 0
549 869 1 4 71 5 0
549 94 2 8 84 3 0
550 311 1 5 10 5 0
550 777 4 7 84 5 0
551 1085 0 1 15 5 0
551 1123 4 7 99 5 0
551 1088 1 5 98 5 0
551 341 2 0 96 3 0
552 562 3 4 66 3 0
552 488 2 9 28 4 0
552 620 0 7 30 5 0
552 1128 0 9 43 4 0
552 895 1 9 6 3 0
552 693 3 4 42 5 0
552 173 4 6 96 3 0
552 1072 3 0 64 5 0
553 448 1 1 80 3 0
553 829 0 7 83 3 0
553 769 0 2 13 3 0
553 1015 2 0 84 4 0
553 1181 3 7 25 5 0
553 344 2 2 67 3 0
554 1024 4 3 60 4 0
554 149 1 9 6 3 0
554 1051 3 7 35 5 0
554 545 3 7 80 3 0
554 61 4 7 12 4 0
555 772 2 9 27 4 0
555 847 2 1 32 3 0
555 482 2 7 98 3 0
556 504 2 1 33 4 0
556 44 3 7 44 3 0
556 442 1 1 34 3 0
556 143 1 5 13 5 0
557 261 3 7 69 5 0
557 502 4 3 46 5 0
558 163 0 9 79 5 0
558 135 0 6 6 5 0
558 114 0 5 6 4 0
558 922 0 5 79 3 0
558 759 4 4 54 5 0
559 306 0 9 80 4 0
559 270 1 9 43 4 0
559 731 1 7 75 3 0
559 589 2 9 79 4 0
559 557 3 3 6 4 0
559 955 4 7 4 4 0
559 823 0 7 18 3 0
560 1078 0 5 100 5 0
561 51 4 8 24 5 0
561 987 3 0 72 5 0
561 876 1 8 35 5 0
561 1058 4 2 35 4 0
561 995 3 0 6 4 0
562 196 4 4 44 3 0
562 570 3 4 54 4 0
562 445 3 4 71 3 0
562 400 2 4 21 5 0
562 88 1 3 49 3 0
563 333 2 3 100 4 0
563 1120 4 3 97 4 0
563 314 2 4 38 5 0
563 848 4 7 95 3 0
564 451 3 6 1 5 0
564 467 1 5 68 4 0
564 936 1 1 8 4 0
564 1088 1 1 37 3 0
564 327 1 9 51 3 0
565 336 4 4 81 5 0
565 311 4 9 90 5 0
565 738 2 0 10 3 0
565 1127 1 4 89 3 0
565 516 3 5 9 4 0
565 857 0 8 26 4 0
565 1170 3 4 46 5 0
565 1095 3 5 91 5 0
565 518 1 9 65 3 0
565 271 2 1 48 5 0
566 180 0 3 5 5 0
566 79 2 0 9 3 0
566 1083 3 8 2 3 0
566 431 3 2 23 4 0
567 303 0 3 73 3 0
567 423 0 2 40 5 0
567 369 4 7 98 4 0
568 566 1 3 66 5 0
568 523 2 1 47 3 0
569 876 3 2 60 3 0
569 227 0 0 21 3 0
569 660 1 8 92 3 0
569 1052 1 8 40 5 0
570 965 3 1 3 5 0
570 196 0 2 97 4 0
570 907 2 3 98 3 0
570 152 4 0 68 3 0
570 330 1 5 81 4 0
570 986 4 4 5 3 0
571 135 1 4 84 3 0
571 853 0 4 98 3 0
571 266 1 4 63 3 0
572 725 4 8 75 4 0
572 496 4 9 89 3 0
572 892 0 6 42 5 0
572 415 2 6 80 5 0
572 1198 1 4 94 4 0
573 1162 2 3 69 3 0
573 306 1 1 64 4 0
573 959 1 0 86 5 0
574 763 0 3 94 4 0
574 52 2 8 16 4 0
574 1182 3 1 72 3 0
574 603 4 2 87 3 0
575 596 2 7 79 4 0
575 298 1 1 66 3 0
575 308 4 6 92 5 0
575 373 3 4 71 5 0
575 555 1 7 55 5 0
575 518 0 3 83 5 0
576 192 2 9 76 5 0
576 602 0 7 5 5 0
576 727 3 6 50 3 0
576 548 0 8 71 5 0
577 534 0 3 52 3 0
577 754 4 7 29 5 0
577 819 2 3 24 3 0
577 957 3 1 57 5 0
578 909 4 3 99 4 0
578 1121 1 8 39 4 0
578 787 3 8 99 3 0
578 1119 0 3 39 5 0
579 221 3 5 50 5 0
579 612 0 7 24 3 0
579 1181 1 5 97 5 0
579 859 2 1 87 5 0
579 391 2 6 8 5 0
580 949 0 5 72 5 0
580 638 1 3 11 4 0
580 342 0 9 72 5 0
581 611 2 1 14 5 0
581 955 0 9 87 4 0
581 429 3 0 45 4 0
582 963 2 9 2 3 0
582 287 3 9 11 5 0
582 898 2 3 99 5 0
582 698 3 4 53 5 0
582 368 4 0 81 4 0
583 703 2 9 92 3 0
583 746 4 6 31 5 0
583 135 3 0 73 5 0
583 234 1 3 14 5 0
583 1098 2 7 59 5 0
584 757 3 5 54 4 0
584 27 0 8 15 5 0
584 9 0 7 71 3 0
585 614 2 2 15 3 0
585 931 3 2 74 3 0
585 250 2 7 22 4 0
585 371 1 7 28 4 0
585 1131 4 5 97 5 0
585 824 3 0 10 5 0
586 240 1 8 7 5 0
586 136 1 3 3 4 0
586 537 2 0 9 4 0
586 1109 1 9 3 5 0
586 667 0 5 51 4 0
586 975 4 0 23 5 0
587 627 3 4 98 5 0
587 114 4 8 64 5 0
587 450 2 8 90 4 0
587 578 4 0 46 5 0
587 556 3 6 30 5 0
587 678 0 3 29 5 0
587 739 4 9 99 3 0
587 1083 2 8 60 4 0
587 616 3 9 14 5 0
587 672 1 0 73 5 0
588 648 1 6 42 4 0
588 700 0 6 62 4 0
588 392 3 5 83 4 0
588 629 0 6 20 3 0
588 209 1 7 45 3 0
589 462 4 3 40 4 0
590 59 3 8 62 3 0
590 588 1 5 50 4 0
590 892 0 7 89 4 0
590 87 3 9 39 4 0
590 874 3 4 23 5 0
590 618 0 3 69 3 0
590 277 2 4 2 5 0
590 417 1 5 55 4 0
591 364 2 1 16 4 0
591 80 1 9 3 5 0
591 259 3 3 97 5 0
591 565 1 6 29 3 0
591 475 1 6 54 4 0
591 895 3 4 45 4 0
592 445 0 3 71 4 0
592 884 3 1 85 5 0
592 302 4 9 74 5 0
593 494 0 5 100 5 0
593 413 1 2 2 4 0
593 810 1 9 60 5 0
593 310 4 4 40 3 0
593 48 2 5 1 3 0
593 868 0 7 51 5 0
593 436 0 6 46 5 0
594 496 1 2 44 3 0
594 563 2 9 27 4 0
594 390 4 4 22 3 0
594 33 3 4 85 4 0
595 919 0 6 5 5 0
595 955 3 4 99 5 0
595 187 4 1 45 5 0
595 1184 0 2 36 4 0
596 735 3 4 8 4 0
596 860 3 9 84 5 0
596 639 4 0 36 4 0
596 244 1 2 86 4 0
596 484 3 8 61 5 0
597 1187 4 5 98 5 0
597 261 4 4 88 4 0
597 373 2 3 97 4 0
598 1130 3 0 74 5 0
598 536 1 0 50 3 0
598 939 2 3 78 4 0
598 242 2 3 10 5 0
598 1137 4 8 7 4 0
600 472 3 2 31 5 0
601 1102 2 6 39 5 0
601 798 0 1 54 3 0
601 406 1 9 62 3 0
601 986 4 1 63 3 0
601 510 0 2 60 5 0
602 1063 1 5 4 3 0
602 145 1 1 58 4 0
602 257 2 1 68 5 0
602 987 4 9 31 3 0
602 905 3 9 72 3 0
603 921 2 8 23 3 0
603 467 3 3 89 5 0
603 955 3 1 55 4 0
603 300 4 4 2 3 0
603 953 4 6 20 5 0
603 462 0 7 37 5 0
604 1117 1 6 94 3 0
604 86 1 6 78 4 0
604 209 3 2 45 5 0
604 421 2 7 56 4 0
604 1070 0 0 84 3 0
605 745 2 4 93 4 0
605 876 2 6 27 5 0
605 1170 1 6 46 3 0
605 920 4 2 30 3 0
605 559 1 1 63 5 0
606 480 3 1 46 4 0
606 361 4 3 20 3 0
606 33 3 9 19 5 0
607 285 2 2 65 5 0
607 983 0 0 83 4 0
607 696 2 2 98 3 0
607 850 4 9 41 5 0
607 914 2 7 25 3 0
607 907 0 6 30 4 0
608 25 1 5 22 3 0
608 1107 3 1 87 3 0
608 430 0 2 3 4 0
609 664 3 8 57 5 0
609 1113 0 7 16 3 0
609 509 2 8 4 5 0
609 776 1 8 69 5 0
609 907 4 1 90 5 0
609 849 2 0 86 5 0
609 165 0 4 50 4 0
610 700 4 1 1 4 0
610 63 2 7 78 5 0
611 1031 1 6 43 5 0
611 454 4 9 11 3 0
611 806 3 9 65 5 0
611 1166 3 0 10 3 0
611 523 1 6 37 5 0
611 116 0 0 3 3 0
611 213 2 1 37 5 0
611 124 3 2 3 5 0
612 682 0 3 77 5 0
612 366 2 7 59 4 0
612 104 2 6 81 4 0
612 475 3 0 57 3 0
613 427 3 0 73 5 0
613 520 3 9 25 5 0
614 845 2 3 81 4 0
614 511 4 2 52 3 0
614 789 2 6 99 5 0
614 334 0 0 33 4 0
614 564 0 4 77 5 0
615 1170 2 6 38 3 0
615 20 2 7 67 3 0
616 793 4 6 33 4 0
616 546 2 2 59 5 0
616 888 4 1 69 4 0
616 733 1 1 72 4 0
617 1148 4 7 91 5 0
617 36 1 0 92 4 0
617 127 0 4 32 5 0
617 357 1 5 32 5 0
617 821 4 1 19 4 0
617 863 2 8 47 3 0
618 1121 3 9 15 4 0
618 234 4 0 57 5 0
618 691 3 3 38 5 0
618 1100 2 7 7 5 0
618 160 1 7 22 3 0
618 544 4 2 56 4 0
619 227 1 9 92 5 0
619 437 2 7 56 3 0
619 714 1 5 6 3 0
619 714 4 6 95 5 0
619 516 1 7 82 3 0
619 1195 2 9 48 5 0
620 388 2 6 28 4 0
620 74 2 0 58 5 0
620 382 2 6 81 4 0
621 562 4 2 99 5 0
621 207 4 2 84 4 0
621 315 1 5 45 5 0
622 289 4 1 98 5 0
622 953 3 0 49 5 0
622 778 3 2 74 5 0
623 784 2 5 68 3 0
623 892 4 3 75 4 0
623 74 1 9 95 5 0
624 846 3 6 49 3 0
624 61 4 4 84 3 0
625 262 2 3 1 4 0
625 446 2 9 19 3 0
625 770 4 5 69 5 0
625 1042 2 1 8 5 0
625 1141 3 2 79 4 0
625 549 4 2 18 5 0
625 889 1 8 84 3 0
625 43 2 3 42 5 0
625 1147 3 4 30 5 0
625 891 0 5 45 4 0
625 0 3 6 79 4 0
626 1153 0 7 57 4 0
626 289 2 8 17 3 0
626 1002 3 3 31 4 0
626 1066 3 5 17 5 0
626 789 4 6 96 5 0
626 1196 0 1 73 5 0
626 112 4 4 63 3 0
626 36 1 9 94 4 0
627 542 1 6 19 5 0
628 1190 1 2 35 4 0
628 61 4 1 82 3 0
628 1192 0 2 85 3 0
629 176 4 8 92 3 0
630 990 1 3 57 5 0
630 1018 1 5 37 3 0
630 66 3 5 3 5 0
630 119 0 6 51 5 0
630 1151 0 3 22 4 0
630 932 1 1 82 4 0
631 821 4 5 19 4 0
631 800 4 2 40 5 0
631 324 4 9 90 3 0
631 525 4 4 82 4 0
631 170 4 3 80 5 0
632 65 2 3 96 4 0
632 458 0 7 27 3 0
632 934 3 0 65 4 0
632 160 1 0 96 4 0
632 1011 0 7 45 5 0
632 144 2 6 87 3 0
633 807 4 1 1 4 0
633 348 0 5 100 5 0
633 19 4 9 2 5 0
633 782 2 3 47 3 0
634 763 2 8 19 4 0
634 445 3 7 20 3 0
634 1124 1 7 99 5 0
634 116 3 4 78 4 0
635 715 3 5 69 5 0
635 935 3 6 43 5 0
635 4 4 7 31 5 0
636 898 1 5 24 4 0
636 360 1 7 17 4 0
636 752 2 6 29 3 0
636 713 4 7 55 5 0
636 904 4 8 59 4 0
636 948 1 4 83 4 0
637 148 4 8 92 5 0
637 731 3 6 8 5 0
637 756 3 8 99 5 0
639 907 3 9 16 3 0
639 1129 2 6 78 5 0
639 529 3 2 68 4 0
639 1194 1 4 86 5 0
639 251 3 2 81 4 0
640 108 2 5 42 5 0
640 284 3 4 38 3 0
640 723 4 9 30 3 0
640 108 4 0 41 3 0
641 1027 4 5 13 5 0
641 895 4 0 2 4 0
641 810 4 9 35 3 0
641 642 3 5 64 4 0
642 229 4 2 68 4 0
642 429 4 2 38 4 0
642 1074 3 4 48 5 0
643 534 0 7 28 3 0
643 663 4 2 20 4 0
643 905 1 2 91 4 0
644 155 4 2 18 3 0
644 173 3 8 63 5 0
644 801 0 4 20 5 0
644 372 1 6 19 3 0
645 977 1 3 67 3 0
645 149 4 3 92 4 0
645 1077 2 9 95 4 0
645 64 0 8 22 3 0
645 169 0 8 21 4 0
646 213 3 9 71 4 0
646 1120 0 3 2 5 0
647 254 1 1 82 4 0
647 853 0 2 13 5 0
647 1065 0 4 91 4 0
647 139 0 0 11 3 0
647 373 3 4 8 4 0
647 753 3 4 22 5 0
647 1183 0 2 46 4 0
648 391 0 1 7 3 0
648 573 1 6 12 4 0
649 370 3 3 90 4 0
649 129 2 2 85 4 0
649 1093 1 3 62 3 0
649 1160 4 7 60 4 0
649 776 4 4 92 5 0
649 994 1 7 48 4 0
649 1181 0 3 54 4 0
651 919 4 4 16 4 0
651 554 3 9 92 5 0
651 1042 1 3 11 3 0
651 382 4 3 17 4 0
652 393 2 8 6 4 0
652 688 3 0 72 3 0
652 955 1 4 87 5 0
652 348 0 9 65 3 0
652 138 3 6 53 5 0
652 1126 1 3 5 3 0
652 738 4 4 12 4 0
653 497 1 2 78 4 0
653 811 0 2 84 4 0
653 513 1 6 55 3 0
653 738 0 6 12 5 0
653 347 3 1 10 4 0
654 172 2 7 57 3 0
654 627 1 3 77 4 0
654 515 2 6 96 3 0
654 1152 0 5 41 3 0
654 611 3 8 20 3 0
654 1067 3 0 62 3 0
654 211 1 8 67 3 0
655 868 0 6 31 4 0
656 743 1 8 54 4 0
656 775 1 1 28 4 0
656 88 4 3 68 3 0
656 106 2 8 96 3 0
656 359 4 4 30 4 0
656 179 0 8 56 3 0
657 115 1 7 65 4 0
657 685 0 4 82 4 0
657 162 1 3 86 5 0
657 262 2 3 62 5 0
657 629 2 1 1 5 0
657 91 0 1 60 3 0
658 994 4 2 52 4 0
658 948 4 5 11 5 0
658 925 1 4 100 3 0
658 1070 3 2 32 5 0
658 1151 1 5 38 3 0
659 776 4 4 9 5 0
659 688 2 7 55 5 0
659 100 0 0 71 4 0
659 890 0 1 19 4 0
659 797 1 4 89 4 0
660 794 1 2 64 3 0
660 534 1 5 80 5 0
660 336 4 8 59 5 0
661 769 3 1 46 5 0
661 129 4 7 96 4 0
661 89 2 2 8 3 0
661 293 2 9 11 3 0
662 803 2 5 21 3 0
662 550 0 1 53 5 0
663 869 3 8 5 5 0
663 472 1 6 52 4 0
663 663 3 6 41 4 0
663 206 4 8 97 3 0
663 805 2 6 28 4 0
663 99 3 0 2 3 0
664 534 1 4 45 5 0
664 291 0 5 53 3 0
664 1062 1 6 81 4 0
664 650 3 6 72 4 0
664 66 1 9 31 4 0
665 571 0 8 3 4 0
665 867 1 4 90 4 0
665 1035 4 9 64 3 0
665 841 2 2 68 4 0
665 150 4 3 84 3 0
665 488 2 2 14 3 0
665 157 0 4 16 3 0
666 310 3 7 84 3 0
666 647 3 2 62 4 0
666 323 4 1 30 5 0
666 456 4 5 64 5 0
666 369 4 5 88 5 0
667 35 4 7 11 3 0
667 1090 3 2 68 3 0
667 890 3 1 68 3 0
668 219 1 8 54 5 0
668 101 2 4 86 3 0
668 486 2 9 7 5 0
668 447 2 2 20 5 0
669 19 4 5 78 4 0
669 665 3 0 94 5 0
669 1052 0 2 68 4 0
670 619 2 4 92 4 0
670 498 2 3 5 4 0
670 855 1 1 25 4 0
670 418 4 7 44 4 0
670 1187 2 6 45 4 0
670 822 1 1 100 5 0
670 738 1 9 23 4 0
671 192 3 5 91 5 0
671 904 3 4 47 3 0
671 788 4 5 16 5 0
671 235 0 1 40 5 0
671 569 3 5 43 3 0
672 330 1 4 63 3 0
672 162 1 1 13 5 0
673 461 0 4 3 4 0
673 172 4 1 86 3 0
673 775 4 6 42 4 0
673 991 1 7 25 3 0
673 679 1 2 11 3 0
674 621 1 9 34 5 0
674 958 1 7 70 4 0
674 317 4 9 19 5 0
674 162 2 2 70 3 0
674 1066 4 0 73 5 0
674 692 0 3 62 4 0
674 1056 1 3 77 4 0
674 616 2 7 12 5 0
674 190 3 5 4 5 0
674 349 3 4 37 3 0
676 1095 2 9 81 4 0
676 45 2 7 41 3 0
676 1096 3 6 37 4 0
676 880 2 7 19 5 0
678 227 1 3 54 4 0
678 92 0 8 86 5 0
678 709 1 0 88 5 0
678 662 0 1 16 3 0
678 128 1 1 32 3 0
678 132 4 2 52 5 0
678 419 4 6 70 3 0
679 708 1 3 19 5 0
679 1034 2 7 76 5 0
679 227 0 9 54 3 0
679 983 4 4 75 3 0
679 141 2 0 6 3 0
680 671 2 2 56 5 0
680 251 0 3 80 4 0
680 976 4 1 95 3 0
680 149 3 1 55 4 0
680 1025 1 9 76 5 0
681 470 0 8 7 4 0
681 118 3 9 20 4 0
681 579 1 5 23 4 0
681 547 4 6 41 4 0
681 490 4 8 61 4 0
682 347 0 5 49 3 0
682 94 3 7 85 5 0
682 692 4 4 15 3 0
682 859 3 8 90 4 0
682 152 2 7 47 3 0
682 791 3 8 1 3 0
683 779 3 2 7 4 0
683 1106 2 9 64 4 0
683 859 3 6 14 3 0
683 832 3 1 45 4 0
683 106 4 3 71 5 0
684 830 1 4 22 4 0
684 431 4 1 37 5 0
684 1016 3 6 32 5 0
684 474 3 3 19 5 0
685 319 3 4 73 4 0
685 54 0 2 89 4 0
685 887 4 4 67 3 0
685 696 4 9 5 3 0
685 1042 2 2 2 3 0
685 366 4 4 8 5 0
686 398 3 7 84 3 0
686 964 2 7 14 4 0
686 992 0 3 40 3 0
686 292 1 2 26 4 0
686 128 2 3 9 4 0
687 135 1 5 25 3 0
687 437 4 3 71 3 0
687 347 2 2 59 5 0
688 747 1 4 61 3 0
688 948 4 7 70 3 0
688 1123 3 6 92 4 0
689 407 2 8 11 4 0
689 661 1 1 78 3 0
689 484 2 6 93 5 0
689 45 3 3 27 5 0
690 892 2 8 68 5 0
690 464 3 9 52 3 0
691 399 4 7 71 4 0
691 973 3 9 72 4 0
691 105 1 3 37 5 0
691 704 3 6 77 5 0
692 835 0 7 61 4 0
692 503 4 7 70 4 0
692 1131 1 7 69 4 0
692 540 3 1 4 4 0
693 734 0 7 92 3 0
693 997 2 5 9 4 0
694 451 3 0 63 3 0
694 141 3 6 49 5 0
694 1105 0 7 48 4 0
694 379 0 4 43 5 0
694 562 1 3 87 4 0
695 593 4 3 71 5 0
695 658 0 5 86 3 0
696 532 0 0 96 5 0
696 88 1 9 5 3 0
696 314 4 1 44 3 0
696 321 0 4 40 3 0
696 951 4 7 6 3 0
696 1120 1 3 100 4 0
696 257 0 2 100 5 0
697 277 1 1 16 4 0
697 231 2 3 7 5 0
697 1008 0 5 33 4 0
697 961 3 3 40 4 0
697 131 2 3 77 5 0
698 294 0 5 17 3 0
698 826 4 2 61 5 0
698 386 3 7 84 5 0
698 363 3 6 9 3 0
698 324 4 2 62 3 0
698 273 2 2 30 3 0
699 500 1 2 20 3 0
699 52 2 2 13 4 0
699 499 2 2 35 3 0
699 439 3 4 76 4 0
699 1129 4 4 80 5 0
701 323 0 9 31 3 0
701 842 2 4 11 4 0
701 1109 4 3 61 5 0
701 226 1 2 52 5 0
701 203 2 5 1 3 0
702 526 1 2 18 5 0
702 967 4 8 7 4 0
702 1139 2 8 60 3 0
702 970 1 9 95 3 0
702 78 1 9 4 5 0
703 1137 1 7 30 5 0
703 711 2 3 63 3 0
703 990 4 8 23 5 0
704 22 3 2 39 5 0
704 915 1 4 11 3 0
704 302 3 1 71 3 0
704 474 3 3 45 5 0
705 1091 3 2 30 3 0
705 665 1 8 97 4 0
705 385 4 2 22 5 0
705 1057 4 9 67 3 0
705 57 1 0 55 3 0
705 551 3 3 52 4 0
706 244 2 1 20 4 0
706 650 4 4 30 5 0
706 907 4 9 70 4 0
706 946 2 9 29 5 0
706 647 0 9 73 5 0
706 59 2 4 67 4 0
707 754 1 1 4 3 0
707 793 1 3 39 3 0
707 221 3 1 78 5 0
707 376 1 3 33 4 0
707 21 4 4 35 4 0
708 101 3 7 13 5 0
708 762 2 0 25 4 0
708 25 4 6 79 5 0
708 396 4 4 69 4 0
708 843 1 9 94 4 0
709 871 3 4 51 4 0
709 368 3 5 58 4 0
709 237 1 2 61 5 0
709 623 0 9 97 4 0
709 398 1 0 67 4 0
709 226 1 6 62 5 0
710 696 4 5 20 5 0
710 793 4 5 31 4 0
710 889 1 3 90 5 0
710 724 1 3 100 4 0
710 84 4 3 44 3 0
710 171 4 9 37 4 0
711 903 4 4 53 3 0
711 1144 1 2 68 3 0
711 212 0 5 68 5 0
711 557 3 5 47 4 0
711 1001 4 4 75 5 0
711 95 1 6 56 5 0
712 1036 0 1 98 3 0
712 168 4 1 27 5 0
712 988 2 3 95 5 0
712 622 2 4 45 4 0
713 744 4 3 73 3 0
713 451 0 8 79 5 0
713 781 3 5 37 4 0
713 991 1 1 12 4 0
713 226 1 7 32 3 0
713 853 0 6 9 4 0
714 219 0 0 86 4 0
714 1088 4 2 41 3 0
715 57 0 0 27 5 0
715 690 0 6 49 5 0
715 1105 1 0 33 4 0
715 362 1 4 84 4 0
717 37 4 5 89 3 0
717 552 3 1 58 5 0
717 666 3 8 54 5 0
718 412 2 4 7 3 0
718 1068 0 0 56 5 0
718 38 0 5 34 3 0
719 494 3 8 16 3 0
719 1056 0 7 23 3 0
719 202 3 3 83 3 0
720 463 4 1 9 5 0
720 305 4 6 59 4 0
720 1185 4 1 45 5 0
720 308 3 7 20 3 0
721 432 1 8 6 3 0
721 270 4 4 40 5 0
721 670 2 6 56 5 0
721 389 3 9 70 3 0
721 944 3 1 19 5 0
722 870 1 5 4 4 0
722 210 1 7 98 4 0
723 919 3 8 88 5 0
723 694 1 1 68 3 0
724 1064 4 4 84 5 0
724 345 2 1 70 3 0
724 707 2 4 20 5 0
725 174 2 3 16 4 0
725 106 4 2 26 5 0
725 532 0 6 42 4 0
725 209 0 3 99 3 0
725 738 4 3 35 4 0
726 570 0 9 94 5 0
726 699 0 9 14 3 0
726 643 1 5 43 4 0
727 887 3 1 97 4 0
727 840 3 1 84 3 0
727 860 4 8 85 5 0
728 531 0 1 6 5 0
728 378 2 2 97 4 0
730 108 1 0 14 3 0
730 718 0 7 82 5 0
730 776 0 5 60 4 0
730 858 3 4 60 5 0
730 729 3 2 2 3 0
730 1056 1 8 90 5 0
731 790 3 7 78 5 0
731 346 4 6 80 3 0
731 866 3 8 30 5 0
732 643 1 1 43 3 0
732 200 3 9 51 4 0
733 342 4 5 30 5 0
733 365 3 2 57 5 0
733 533 2 9 89 4 0
733 213 2 5 61 3 0
733 602 4 1 70 4 0
735 707 1 2 97 5 0
735 618 1 7 79 3 0
735 328 1 9 41 4 0
735 114 1 5 39 5 0
735 185 3 7 26 3 0
735 739 2 5 46 4 0
735 140 2 6 55 4 0
736 754 2 4 72 4 0
736 773 2 6 49 3 0
736 990 4 5 76 3 0
736 669 0 3 35 4 0
737 346 0 0 70 5 0
737 932 4 3 84 4 0
737 316 0 9 43 3 0
737 57 1 8 15 4 0
737 167 1 5 80 4 0
738 37 2 7 65 4 0
739 122 3 4 19 3 0
739 714 4 6 70 3 0
739 1076 0 0 32 3 0
739 776 1 5 57 5 0
740 239 4 2 13 4 0
740 38 1 9 64 3 0
740 935 4 4 62 5 0
740 1093 2 5 34 5 0
740 997 4 9 20 5 0
740 1167 3 8 32 3 0
740 885 1 1 52 5 0
741 634 0 5 13 5 0
741 688 3 5 53 5 0
742 129 3 4 55 5 0
742 1070 2 8 85 4 0
742 948 3 6 17 4 0
742 926 0 4 43 3 0
743 605 1 8 90 5 0
743 1148 4 8 55 3 0
743 127 3 5 2 4 0
743 63 0 7 64 5 0
744 573 2 4 58 5 0
744 79 2 4 33 3 0
745 416 2 3 12 4 0
745 410 1 5 11 5 0
745 387 1 5 65 3 0
746 329 1 7 9 5 0
746 296 4 1 92 3 0
746 641 1 5 98 4 0
746 365 4 8 63 3 0
746 1151 0 9 86 3 0
747 798 3 7 13 5 0
747 664 3 9 50 5 0
747 1018 1 3 78 3 0
748 317 3 0 85 3 0
748 326 1 4 17 4 0
749 789 4 2 44 3 0
750 385 4 1 19 4 0
750 699 0 2 74 3 0
750 631 3 2 91 5 0
750 988 0 5 87 4 0
751 342 1 8 62 5 0
751 684 3 0 74 5 0
751 617 0 9 25 4 0
751 316 2 2 99 3 0
752 1005 1 6 5 3 0
752 1098 3 6 92 4 0
752 139 0 7 53 4 0
752 1090 0 8 21 4 0
752 886 3 5 22 4 0
753 1185 4 1 46 5 0
753 422 2 4 13 5 0
753 110 4 7 31 5 0
754 625 2 2 32 4 0
754 300 4 8 81 4 0
755 472 1 6 86 4 0
755 518 0 5 58 4 0
755 386 1 3 82 5 0
755 539 1 9 42 4 0
756 904 4 1 37 3 0
756 502 3 2 57 4 0
756 1092 3 5 60 5 0
756 699 0 8 74 5 0
756 834 4 6 19 4 0
757 151 2 9 29 4 0
757 251 0 6 37 4 0
757 636 2 7 88 3 0
757 379 4 4 84 3 0
757 669 1 5 60 4 0
757 607 0 4 41 5 0
758 847 0 7 93 3 0
758 494 1 1 21 4 0
758 992 3 3 78 4 0
758 144 2 6 27 4 0
758 655 0 9 50 3 0
759 869 1 3 36 4 0
759 1187 0 2 37 3 0
760 255 2 3 2 3 0
761 425 2 0 27 4 0
761 729 3 0 47 3 0
761 1086 1 2 78 4 0
761 1193 2 9 57 4 0
762 385 4 9 90 5 0
762 280 1 6 1 4 0
762 345 0 2 54 4 0
763 995 4 0 41 3 0
763 946 3 0 41 4 0
763 842 4 6 26 5 0
763 1126 1 1 27 5 0
765 197 0 7 92 5 0
766 187 1 3 23 5 0
766 408 2 1 15 5 0
766 526 1 1 71 5 0
766 928 3 6 55 5 0
766 867 0 6 29 4 0
766 587 4 0 60 3 0
766 738 3 1 8 4 0
767 509 0 3 30 4 0
767 643 4 7 49 4 0
767 381 2 2 56 5 0
767 223 0 8 65 3 0
767 200 2 9 3 3 0
768 758 2 5 3 5 0
768 207 1 4 84 4 0
768 1094 3 4 31 3 0
768 916 1 4 100 4 0
768 173 4 5 37 4 0
768 272 0 7 82 4 0
769 1039 2 0 33 4 0
769 957 4 0 97 5 0
769 427 0 3 71 5 0
770 779 2 3 51 3 0
770 342 1 7 17 5 0
770 653 3 9 62 4 0
770 469 0 4 76 4 0
771 210 3 8 16 4 0
771 586 1 7 72 5 0
771 272 4 7 8 3 0
771 390 4 5 63 3 0
771 830 2 8 17 3 0
771 1126 3 5 45 5 0
771 147 0 2 59 5 0
771 327 3 0 47 5 0
771 793 4 7 25 5 0
772 1118 0 2 40 3 0
772 288 0 8 94 4 0
772 899 0 5 5 3 0
772 937 3 4 24 5 0
772 695 1 2 71 3 0
772 177 2 5 98 5 0
773 844 0 4 13 4 0
773 1197 3 6 27 5 0
773 644 0 2 3 5 0
774 262 4 5 32 4 0
774 1059 2 2 89 4 0
774 271 3 7 54 3 0
775 1183 2 8 87 4 0
775 386 0 7 74 3 0
776 592 2 6 92 5 0
776 633 0 7 30 4 0
776 193 1 0 74 4 0
777 1036 2 5 75 4 0
777 860 1 6 69 4 0
777 819 3 8 54 3 0
777 109 3 6 57 5 0
777 530 0 9 85 4 0
777 650 3 0 97 4 0
777 465 1 9 7 4 0
777 637 4 5 80 5 0
778 1132 3 7 75 3 0
778 1185 3 9 12 5 0
778 910 3 3 68 5 0
778 869 0 2 82 5 0
779 860 2 8 78 3 0
779 42 0 8 89 5 0
779 519 1 7 41 5 0
780 600 4 1 25 4 0
780 653 3 5 21 3 0
780 927 2 1 11 5 0
781 637 2 1 74 3 0
782 859 2 1 43 4 0
782 442 0 7 55 4 0
782 28 4 6 14 3 0
782 469 3 3 34 5 0
782 890 0 8 64 5 0
782 832 2 1 32 5 0
783 439 4 6 35 3 0
783 123 3 2 12 3 0
783 216 2 2 75 4 0
783 211 2 8 60 5 0
783 22 3 0 11 3 0
783 368 3 4 8 5 0
784 646 1 0 23 4 0
784 458 1 1 31 4 0
784 799 1 7 90 4 0
784 340 2 8 49 4 0
785 612 1 4 77 5 0
785 466 0 6 29 5 0
786 1131 4 3 97 5 0
786 638 3 0 23 4 0
786 951 4 0 9 3 0
786 519 4 1 51 3 0
786 320 0 4 60 3 0
786 109 3 9 92 3 0
787 25 0 4 62 4 0
788 548 2 7 57 3 0
788 71 0 2 3 5 0
788 791 2 9 78 3 0
789 305 1 9 5 4 0
789 1049 4 8 68 4 0
789 996 2 4 40 4 0
789 263 2 2 53 4 0
789 656 2 5 49 5 0
789 936 2 1 9 3 0
789 521 1 2 33 3 0
790 722 2 7 67 4 0
790 1027 4 9 5 5 0
790 206 3 6 14 4 0
791 940 2 2 19 3 0
791 1020 3 0 2 5 0
791 797 2 5 14 5 0
791 698 1 4 6 3 0
792 782 2 0 43 5 0
792 194 2 8 68 5 0
792 298 0 8 2 5 0
793 855 3 8 56 4 0
793 779 0 4 61 4 0
793 430 3 3 84 3 0
793 1035 1 1 13 3 0
794 379 0 7 33 4 0
794 930 2 2 22 4 0
794 571 1 9 21 5 0
794 431 0 2 37 3 0
794 436 1 6 36 4 0
795 531 3 9 15 4 0
795 949 0 1 28 4 0
795 920 3 2 14 5 0
795 1160 0 1 40 4 0
796 1199 2 3 18 5 0
796 1151 1 6 7 5 0
796 52 1 3 75 5 0
796 848 4 9 51 3 0
796 487 2 1 74 5 0
797 487 2 7 25 4 0
797 908 3 3 48 3 0
797 88 4 3 50 4 0
797 1004 2 9 8 5 0
797 623 3 2 26 5 0
798 624 4 4 92 3 0
798 1090 2 2 33 3 0
798 309 3 8 18 4 0
798 958 1 6 9 4 0
798 27 0 4 6 5 0
799 445 2 1 73 5 0
799 958 1 2 69 4 0
799 768 2 6 6 3 0
799 103 0 3 15 5 0
800 95 1 9 4 3 0
800 92 1 9 13 3 0
800 241 2 0 61 3 0
800 191 3 3 1 5 0
800 76 0 4 91 3 0
800 790 3 6 49 5 0
800 630 3 8 58 4 0
800 638 3 6 35 5 0
800 854 3 4 89 5 0
800 508 1 0 40 5 0
800 144 0 9 55 5 0
800 705 4 7 6 5 0
800 866 0 4 62 3 0
801 577 1 3 2 3 0
801 1110 4 7 64 5 0
801 878 2 5 46 5 0
801 284 4 7 67 5 0
801 503 4 5 99 3 0
801 683 4 9 84 3 0
802 910 1 3 76 3 0
802 1032 1 5 32 5 0
802 593 3 8 53 5 0
803 466 4 0 5 3 0
803 81 4 5 80 4 0
803 674 3 5 37 5 0
804 265 4 2 87 4 0
804 1029 4 9 24 5 0
805 479 2 1 55 3 0
805 935 0 2 22 5 0
805 466 1 0 66 3 0
805 1131 1 9 59 4 0
805 836 0 1 32 5 0
805 969 4 2 66 4 0
805 225 4 9 67 5 0
806 912 3 9 43 5 0
806 224 0 3 42 4 0
806 1171 2 0 48 5 0
806 198 0 8 86 3 0
806 674 0 1 98 5 0
806 759 1 1 61 3 0
807 307 0 2 8 5 0
807 545 1 8 46 5 0
807 547 3 7 31 4 0
807 315 1 8 39 3 0
807 259 4 7 42 3 0
807 1075 1 4 83 4 0
807 864 0 3 64 4 0
808 435 0 4 51 4 0
808 433 3 3 31 5 0
809 459 2 0 63 4 0
809 766 0 3 28 3 0
809 1032 0 5 46 5 0
809 945 0 8 5 5 0
809 838 4 9 60 5 0
809 856 0 5 7 4 0
810 344 1 7 13 3 0
810 1175 2 1 100 4 0
811 1036 2 0 77 4 0
811 183 0 6 20 4 0
811 1078 2 0 67 4 0
811 721 1 6 97 3 0
811 321 3 6 31 5 0
811 101 1 0 70 5 0
812 331 4 5 22 4 0
812 395 4 7 59 5 0
812 465 3 3 92 4 0
812 468 1 6 95 5 0
812 613 4 4 26 3 0
813 761 3 1 57 3 0
813 881 2 9 50 4 0
814 414 1 2 19 4 0
814 927 0 9 48 5 0
814 733 4 0 55 3 0
814 652 0 1 35 3 0
814 1139 1 3 92 3 0
814 966 4 5 80 5 0
814 1019 0 5 79 5 0
815 599 3 8 66 3 0
815 539 2 3 43 3 0
815 1178 4 7 74 4 0
816 6 0 1 4 4 0
817 34 3 7 40 3 0
817 448 1 9 65 4 0
817 599 3 4 31 5 0
817 568 2 3 57 3 0
817 559 2 5 32 3 0
818 329 4 9 54 3 0
818 32 4 3 78 5 0
819 469 0 1 78 5 0
819 891 1 7 27 5 0
819 1002 3 7 40 4 0
819 194 2 2 45 5 0
819 805 3 7 100 5 0
820 1183 2 9 74 5 0
820 781 4 0 77 4 0
820 971 4 7 100 4 0
821 1035 0 7 84 5 0
821 999 0 4 15 4 0
821 320 3 2 82 3 0
821 225 2 0 20 5 0
822 437 0 5 11 3 0
822 293 4 1 59 4 0
822 16 4 6 88 4 0
822 715 1 5 39 3 0
822 809 0 9 100 4 0
822 998 4 6 39 3 0
822 676 3 4 95 5 0
823 98 2 9 56 5 0
823 700 1 7 70 4 0
823 89 3 1 69 4 0
823 1162 0 1 7 3 0
823 798 4 5 7 3 0
824 1018 3 8 93 5 0
824 977 1 5 83 4 0
824 538 2 2 17 3 0
825 336 2 1 21 3 0
825 620 0 3 5 3 0
825 44 3 7 23 5 0
826 211 1 8 55 5 0
827 325 3 1 85 4 0
827 180 3 6 84 4 0
827 187 3 5 44 4 0
828 202 3 1 50 5 0
828 599 4 7 60 4 0
828 705 2 3 51 3 0
828 1004 0 0 66 5 0
829 216 2 6 28 3 0
829 800 4 0 63 5 0
829 700 0 2 94 5 0
829 65 3 8 60 4 0
829 411 0 8 35 5 0
829 690 3 8 44 5 0
829 736 3 4 52 5 0
830 1120 1 9 10 3 0
830 395 0 4 47 3 0
830 781 2 4 69 3 0
830 835 1 4 55 4 0
831 998 4 2 97 4 0
832 180 2 3 25 5 0
832 1171 4 4 97 3 0
832 952 2 1 69 5 0
833 847 3 9 50 3 0
833 450 3 5 66 4 0
833 1015 3 3 60 3 0
834 983 1 6 28 3 0
834 91 2 3 13 3 0
834 933 4 6 60 4 0
834 209 0 6 68 5 0
834 406 4 4 77 5 0
834 1122 4 9 69 5 0
835 1112 4 1 4 5 0
835 362 4 4 57 5 0
835 967 1 3 65 3 0
835 768 0 6 40 3 0
835 642 4 0 47 4 0
836 357 1 2 43 3 0
836 1103 2 1 12 5 0
836 1059 1 9 8 5 0
836 980 3 9 49 3 0
836 985 0 3 35 5 0
836 726 3 4 3 4 0
836 760 0 0 51 3 0
836 139 3 6 52 4 0
836 365 1 7 13 3 0
837 1044 1 2 80 5 0
837 168 3 5 64 4 0
837 286 3 0 67 5 0
837 500 0 0 29 3 0
837 424 1 5 82 4 0
838 596 1 5 89 5 0
838 1144 3 0 15 4 0
839 434 4 6 14 5 0
839 1065 3 6 4 5 0
839 377 4 7 26 5 0
840 932 1 7 82 5 0
840 317 0 5 75 3 0
841 125 0 2 82 5 0
841 622 1 9 13 4 0
841 894 1 1 46 5 0
841 1151 1 3 86 3 0
841 514 2 4 35 5 0
842 730 3 6 81 5 0
842 39 2 6 16 3 0
842 942 2 3 6 4 0
842 474 1 3 46 3 0
842 568 4 3 69 5 0
842 52 2 1 3 3 0
843 178 4 4 87 4 0
843 544 0 9 19 4 0
843 350 0 1 66 3 0
844 518 3 3 41 5 0
844 50 3 7 76 5 0
845 281 0 2 43 5 0
845 134 2 2 47 4 0
845 375 3 9 12 5 0
845 892 2 5 78 4 0
845 199 1 7 23 5 0
845 553 1 9 100 4 0
846 357 3 2 54 4 0
846 416 4 2 5 3 0
847 5 4 6 4 4 0
847 760 3 4 62 5 0
847 246 0 8 70 5 0
848 177 1 3 91 3 0
848 431 4 3 58 4 0
849 1100 2 1 31 3 0
849 76 3 9 3 3 0
849 306 0 4 38 5 0
849 132 0 2 15 4 0
849 1069 0 1 75 5 0
850 1054 4 7 74 4 0
850 316 2 2 78 4 0
850 250 2 3 71 5 0
850 311 1 8 86 3 0
850 589 1 4 87 3 0
851 1022 0 7 29 5 0
852 631 3 0 88 5 0
852 355 2 7 56 5 0
852 1175 3 5 82 5 0
852 146 4 3 43 5 0
852 941 3 2 59 5 0
852 88 2 5 2 4 0
853 325 3 2 44 5 0
853 50 1 2 26 5 0
853 124 4 8 19 3 0
853 325 3 0 1 5 0
853 861 3 9 88 4 0
854 555 2 1 53 4 0
854 1172 3 9 19 3 0
854 11 0 1 22 3 0
855 130 3 2 71 4 0
855 1087 2 6 52 5 0
855 719 0 4 65 3 0
855 971 3 9 63 3 0
855 164 2 3 38 5 0
856 916 1 7 37 4 0
856 576 2 5 62 4 0
856 85 4 5 74 3 0
857 165 4 0 94 4 0
857 1 1 9 64 5 0
857 68 2 5 39 5 0
857 892 2 4 40 5 0
858 61 4 2 72 5 0
858 872 2 6 26 3 0
858 535 3 5 46 4 0
858 44 2 8 48 5 0
858 857 0 0 99 5 0
858 284 3 2 48 4 0
858 242 2 5 20 3 0
858 312 2 6 25 5 0
858 604 1 6 90 5 0
859 51 3 3 69 4 0
859 1011 4 7 10 4 0
859 637 3 9 91 5 0
859 714 0 3 17 4 0
859 296 0 4 29 5 0
860 1072 0 9 8 4 0
860 820 1 9 29 3 0
860 861 4 3 48 3 0
861 131 1 2 40 4 0
861 837 1 6 1 3 0
861 444 1 4 95 3 0
862 849 1 7 63 4 0
863 755 1 3 86 4 0
863 785 3 7 89 3 0
863 19 2 0 14 4 0
863 1165 0 5 19 3 0
863 42 3 7 60 3 0
864 7 3 7 97 3 0
864 828 3 0 87 4 0
864 233 1 8 93 5 0
864 565 0 7 31 4 0
864 294 2 5 40 4 0
864 475 3 0 55 4 0
865 40 0 1 47 4 0
865 42 0 6 82 4 0
865 820 0 0 50 3 0
865 728 4 7 48 4 0
865 59 3 9 14 3 0
865 433 2 1 61 3 0
866 361 0 0 97 3 0
867 152 4 7 35 3 0
867 447 3 0 67 5 0
867 1090 1 6 1 4 0
868 1110 3 9 74 3 0
868 813 0 9 74 5 0
868 924 3 9 89 5 0
868 28 1 1 29 5 0
869 96 2 7 85 5 0
869 81 0 5 19 5 0
869 1022 4 2 99 3 0
869 1194 4 1 75 5 0
869 326 3 1 45 3 0
870 162 0 6 85 3 0
870 280 2 9 80 4 0
870 114 2 5 79 4 0
870 500 3 2 23 3 0
870 71 4 7 95 5 0
870 636 0 1 85 3 0
870 308 1 5 77 4 0
870 857 2 6 91 5 0
870 404 3 9 91 5 0
870 1152 4 6 42 4 0
871 344 1 1 61 5 0
871 22 0 2 37 4 0
871 1045 4 5 18 4 0
871 403 3 9 19 5 0
872 889 0 2 90 5 0
872 19 0 1 53 5 0
872 1062 2 1 49 5 0
873 908 3 0 80 3 0
874 1116 1 3 88 3 0
874 976 2 0 72 5 0
874 1096 1 6 64 4 0
874 1149 3 1 26 5 0
875 501 2 9 96 3 0
875 839 4 0 19 4 0
875 947 1 1 41 5 0
875 422 2 9 79 3 0
875 930 3 7 91 4 0
876 976 2 5 45 3 0
876 472 3 9 41 5 0
876 559 3 7 86 3 0
876 1014 1 9 42 4 0
877 663 4 6 91 5 0
877 21 2 2 72 4 0
877 1010 1 1 16 4 0
877 36 1 8 82 5 0
877 711 2 5 29 4 0
878 1196 2 7 58 3 0
878 961 2 0 26 4 0
878 1001 1 4 46 4 0
879 297 1 3 92 5 0
879 172 2 8 77 5 0
880 709 2 5 55 5 0
880 643 2 7 23 4 0
880 105 0 9 75 5 0
880 1094 1 2 22 3 0
881 129 4 3 53 4 0
881 655 0 3 8 4 0
882 78 0 3 29 5 0
882 255 2 9 7 5 0
882 580 3 1 7 5 0
882 520 1 3 55 3 0
882 4 2 4 79 5 0
883 206 1 0 65 3 0
883 930 2 5 50 4 0
884 947 4 8 54 5 0
884 559 4 0 64 4 0
884 865 1 7 76 5 0
884 492 4 2 93 3 0
884 498 2 3 70 3 0
884 886 0 5 81 4 0
884 1061 2 2 58 3 0
885 1144 1 5 8 3 0
885 676 0 9 20 4 0
885 711 4 4 25 4 0
885 488 3 9 74 3 0
886 736 4 1 16 5 0
886 101 0 1 13 3 0
887 343 1 4 96 4 0
887 12 4 1 38 4 0
887 925 1 5 6 5 0
887 846 2 2 99 4 0
888 1032 4 7 40 4 0
888 534 4 7 17 4 0
888 850 1 9 95 4 0
888 263 4 0 82 5 0
888 1027 4 8 40 3 0
889 608 3 4 81 5 0
889 827 2 6 51 4 0
889 626 1 1 28 4 0
890 1149 0 3 43 4 0
890 570 3 9 53 4 0
891 1113 4 4 54 4 0
891 58 1 7 49 5 0
891 66 2 9 35 4 0
891 177 3 8 65 3 0
891 490 2 6 63 5 0
891 618 3 4 5 4 0
892 497 4 5 26 5 0
892 579 2 9 95 3 0
892 568 4 6 67 4 0
892 707 1 3 78 5 0
892 574 3 3 71 4 0
892 1082 1 2 77 5 0
892 266 0 1 57 3 0
893 1059 3 2 50 5 0
893 179 4 1 16 4 0
893 1187 2 1 41 3 0
893 369 4 5 97 4 0
893 834 2 3 100 5 0
893 161 2 0 58 5 0
894 871 2 1 86 3 0
894 1047 2 5 12 5 0
894 704 4 3 26 4 0
894 243 0 7 95 4 0
894 163 3 8 32 5 0
894 22 1 8 86 5 0
894 194 2 6 9 5 0
895 388 3 9 42 5 0
895 1142 1 6 68 4 0
895 792 0 5 75 4 0
895 161 4 5 49 3 0
895 870 1 1 19 4 0
896 1151 0 0 58 5 0
896 842 1 3 5 3 0
896 615 1 8 36 3 0
896 797 0 8 22 5 0
897 341 4 6 26 4 0
897 274 3 0 16 4 0
898 691 1 6 28 3 0
898 1162 2 9 60 3 0
898 124 0 2 68 5 0
898 803 1 2 28 5 0
898 979 3 7 52 4 0
898 68 0 2 42 3 0
898 151 2 6 82 5 0
899 262 4 5 32 3 0
899 361 3 3 8 5 0
899 751 2 6 63 3 0
899 936 0 1 48 3 0
900 1083 3 4 79 3 0
901 60 3 9 19 5 0
901 588 4 7 67 3 0
901 338 3 6 90 4 0
902 226 1 5 34 4 0
902 381 3 4 86 5 0
902 62 0 5 77 4 0
902 1166 0 5 64 5 0
902 59 4 4 1 4 0
903 438 3 0 86 3 0
903 993 4 4 31 4 0
903 267 1 8 75 5 0
904 522 2 9 71 4 0
904 825 2 7 66 5 0
904 279 3 0 71 5 0
904 804 4 0 100 5 0
904 170 2 3 87 4 0
905 1169 4 0 75 3 0
905 136 2 6 8 5 0
905 1087 4 4 43 3 0
905 1097 4 1 46 3 0
905 491 3 0 51 5 0
906 897 2 1 69 5 0
906 578 2 3 8 4 0
906 899 1 5 81 5 0
906 1038 0 3 77 5 0
906 793 4 7 7 5 0
906 856 0 8 81 5 0
906 457 2 9 5 5 0
907 245 0 8 69 4 0
907 743 2 7 66 3 0
908 917 4 0 99 5 0
908 509 2 4 100 4 0
909 397 0 0 67 5 0
909 428 3 7 60 4 0
909 772 0 4 42 3 0
909 389 0 9 75 4 0
909 107 0 5 74 3 0
909 466 1 4 85 5 0
910 572 2 8 66 3 0
910 1168 2 8 64 3 0
910 940 1 3 5 5 0
910 1029 3 2 18 4 0
911 378 3 0 36 4 0
911 295 2 4 15 3 0
911 224 4 8 40 3 0
911 1172 1 8 30 3 0
912 100 0 2 75 3 0
912 919 3 3 85 3 0
913 798 3 5 46 3 0
913 1190 2 9 95 5 0
913 812 4 4 1 4 0
913 1167 4 3 3 5 0
914 697 3 1 19 4 0
914 623 4 1 35 5 0
914 97 2 0 8 5 0
915 493 2 2 2 3 0
915 800 1 1 65 4 0
915 531 1 9 63 3 0
916 718 1 5 95 4 0
916 840 0 6 29 5 0
916 793 3 8 56 4 0
916 1055 4 4 78 5 0
917 789 4 2 62 4 0
917 125 2 8 12 4 0
917 1196 1 5 5 5 0
917 889 1 2 72 5 0
917 274 3 0 79 5 0
917 654 4 8 85 4 0
918 64 2 1 96 3 0
918 105 4 1 52 4 0
918 500 2 5 22 3 0
918 1032 3 3 26 5 0
918 1052 4 7 69 4 0
919 135 1 7 5 3 0
919 1021 3 0 42 5 0
919 465 4 8 88 5 0
919 944 4 9 82 3 0
920 1112 0 4 15 5 0
920 1171 4 5 20 4 0
920 559 4 4 34 5 0
921 75 1 7 61 5 0
921 332 4 5 83 4 0
921 292 0 1 97 4 0
921 801 3 3 44 4 0
922 273 0 0 60 4 0
922 210 3 2 67 4 0
922 636 3 9 1 4 0
922 1121 0 4 86 3 0
923 1042 0 2 85 4 0
923 857 0 8 77 3 0
924 264 3 7 73 4 0
924 639 1 8 43 4 0
924 966 4 0 63 3 0
924 733 3 2 1 4 0
925 793 0 0 58 3 0
925 239 0 6 75 4 0
925 970 4 1 3 4 0
925 30 3 3 67 3 0
925 1052 0 1 47 3 0
925 780 0 6 4 3 0
928 289 0 9 54 4 0
928 311 2 9 76 4 0
928 1197 1 7 35 3 0
928 614 3 2 93 3 0
928 504 0 6 82 3 0
928 576 0 6 23 4 0
929 484 0 0 82 4 0
929 454 4 0 43 3 0
929 496 0 9 20 5 0
930 580 3 6 67 3 0
930 815 4 1 27 3 0
930 1137 3 9 15 3 0
930 919 0 0 42 5 0
931 120 0 5 73 4 0
931 270 2 6 49 4 0
931 885 1 0 50 3 0
931 223 4 1 39 4 0
931 161 0 5 91 5 0
931 914 2 3 34 4 0
932 1064 3 2 32 4 0
932 456 4 8 64 5 0
932 492 1 2 40 3 0
932 35 1 5 66 4 0
932 1044 3 4 14 5 0
932 538 4 2 49 4 0
932 60 4 8 56 3 0
932 496 3 1 59 3 0
932 465 4 4 71 3 0
933 238 4 1 41 3 0
933 747 0 0 95 3 0
933 36 3 2 8 4 0
933 291 4 8 37 4 0
935 264 1 5 66 5 0
936 542 4 1 40 5 0
936 728 3 8 51 3 0
936 218 3 6 39 5 0
936 224 4 2 54 3 0
936 1137 3 8 8 3 0
936 437 0 6 9 4 0
936 1134 3 8 58 5 0
937 3 4 4 37 5 0
937 935 0 3 67 5 0
937 496 1 1 81 5 0
937 567 0 5 72 5 0
938 814 3 3 30 4 0
938 123 2 9 78 5 0
938 608 2 8 66 4 0
938 811 4 0 14 5 0
938 204 1 8 47 5 0
938 975 3 7 5 4 0
939 713 2 4 16 3 0
939 1188 3 4 24 4 0
940 411 2 1 25 5 0
940 1173 3 6 18 5 0
940 1056 3 6 80 5 0
940 72 2 5 46 4 0
940 139 0 5 28 3 0
941 316 0 2 67 5 0
941 393 2 1 93 3 0
941 461 0 5 39 4 0
941 240 0 4 30 5 0
941 17 1 8 54 5 0
941 298 2 8 28 3 0
941 1054 3 2 58 4 0
942 935 2 9 99 3 0
942 617 1 4 74 4 0
942 282 0 6 17 4 0
942 692 1 2 79 5 0
942 934 1 3 99 3 0
943 968 0 8 86 5 0
943 826 4 2 98 4 0
944 823 1 6 10 4 0
944 988 1 8 81 4 0
945 502 2 8 61 5 0
945 668 1 9 51 5 0
945 843 0 1 15 3 0
945 514 0 4 46 5 0
946 113 1 5 69 3 0
946 72 0 9 21 3 0
946 500 0 8 20 3 0
947 546 0 9 66 5 0
947 1111 1 4 67 5 0
947 103 1 2 91 4 0
947 734 2 9 71 5 0
948 1083 4 7 10 5 0
948 591 1 2 98 5 0
948 775 4 0 18 5 0
948 413 0 9 57 5 0
948 343 2 0 88 4 0
949 699 3 4 28 4 0
949 1124 4 8 18 3 0
949 802 1 4 50 4 0
949 1058 2 9 51 4 0
949 930 2 8 34 5 0
949 691 1 2 81 5 0
949 769 3 8 58 3 0
949 1068 1 2 80 3 0
949 190 2 1 25 4 0
950 212 0 8 76 5 0
950 371 4 9 69 4 0
950 532 2 8 91 4 0
951 675 1 4 92 3 0
951 1075 2 6 43 3 0
951 457 3 4 89 4 0
951 700 4 0 87 5 0
952 1051 1 3 50 3 0
952 900 3 2 87 5 0
952 192 3 3 86 4 0
952 94 0 7 6 3 0
952 543 2 3 53 4 0
952 660 4 8 21 3 0
952 670 4 3 66 4 0
953 12 4 6 53 4 0
953 56 1 4 4 3 0
953 478 4 4 47 4 0
953 101 0 4 31 5 0
953 526 0 2 93 5 0
954 804 0 5 96 5 0
954 947 2 3 66 4 0
954 596 4 0 51 5 0
954 457 0 5 18 4 0
954 212 3 3 20 3 0
954 711 3 7 22 3 0
954 140 3 8 65 4 0
954 431 0 8 2 3 0
954 22 2 5 26 5 0
954 172 1 5 40 4 0
955 849 4 0 26 4 0
955 86 4 3 89 4 0
955 157 0 0 32 5 0
956 530 3 5 80 5 0
956 224 3 9 76 4 0
956 74 4 7 34 5 0
956 1168 3 5 95 3 0
956 1046 3 7 44 3 0
956 256 4 4 77 4 0
956 394 4 4 81 4 0
957 125 4 6 65 3 0
957 83 2 7 71 4 0
957 1187 1 4 60 5 0
957 995 3 7 100 3 0
958 279 1 3 63 5 0
958 708 4 4 96 4 0
959 140 4 6 30 5 0
959 1061 2 2 92 4 0
959 43 2 9 70 4 0
959 324 0 4 1 4 0
959 235 0 1 17 5 0
959 506 4 8 81 3 0
959 746 0 3 85 3 0
960 403 4 5 8 4 0
960 688 3 4 67 5 0
960 503 0 3 31 5 0
961 635 4 9 37 3 0
961 947 2 8 15 3 0
961 755 4 4 29 5 0
961 333 0 5 21 5 0
962 835 4 4 72 3 0
962 189 4 2 95 5 0
962 1051 2 6 36 3 0
962 764 3 6 68 3 0
962 149 4 1 15 5 0
962 311 4 6 27 4 0
962 1091 3 6 4 3 0
962 474 3 9 42 3 0
962 943 2 0 11 3 0
963 543 3 5 64 5 0
963 133 0 3 23 3 0
963 465 3 0 56 4 0
964 47 4 6 58 4 0
964 559 3 2 91 5 0
964 1161 0 8 30 5 0
964 1059 3 2 25 4 0
964 954 1 7 74 4 0
964 507 2 0 72 4 0
964 908 1 0 22 3 0
965 898 2 2 45 4 0
965 1006 4 8 60 3 0
965 955 2 5 44 3 0
965 33 1 1 5 4 0
965 980 2 6 96 4 0
965 571 4 9 57 4 0
965 997 0 9 82 4 0
965 471 4 9 10 3 0
965 1010 3 0 32 5 0
966 497 3 7 87 3 0
966 353 3 2 92 5 0
967 861 2 8 73 4 0
968 430 1 2 79 4 0
968 1128 2 1 22 4 0
968 969 4 3 23 4 0
968 1000 4 6 74 4 0
969 623 3 0 30 4 0
969 562 4 1 27 4 0
969 705 1 6 21 3 0
969 686 4 2 23 5 0
969 59 4 7 95 3 0
969 539 3 6 100 4 0
970 507 1 0 35 4 0
970 392 2 5 44 4 0
970 317 0 7 93 5 0
970 1179 1 4 5 5 0
971 729 2 9 2 3 0
971 277 1 2 25 5 0
971 919 4 9 20 4 0
971 1096 1 3 49 3 0
972 635 2 7 74 3 0
972 594 3 8 60 3 0
972 819 2 6 77 3 0
973 278 3 4 6 5 0
973 194 4 3 47 5 0
974 1094 3 4 59 3 0
974 1024 0 1 13 4 0
974 62 0 6 70 4 0
975 509 2 3 7 5 0
975 216 3 4 98 5 0
975 735 2 6 94 3 0
976 967 4 6 15 3 0
976 345 0 0 96 5 0
977 149 2 1 50 3 0
977 219 0 9 2 4 0
977 330 4 5 20 5 0
977 731 2 1 11 3 0
977 748 1 4 72 4 0
978 532 0 2 88 3 0
978 855 2 9 86 5 0
979 345 3 7 43 4 0
979 1142 0 8 44 3 0
979 1026 2 3 30 5 0
980 461 1 6 52 3 0
980 148 3 4 92 5 0
980 327 0 9 55 3 0
980 645 3 3 3 3 0
981 431 4 9 50 5 0
981 1159 0 6 57 4 0
981 112 3 7 86 3 0
981 371 2 5 83 4 0
981 393 3 0 86 5 0
982 163 1 8 29 3 0
983 473 2 5 24 5 0
983 404 0 6 15 4 0
983 924 3 9 27 4 0
983 652 0 9 6 3 0
984 350 4 5 67 5 0
984 828 1 6 65 5 0
984 269 3 4 20 3 0
985 868 3 7 86 3 0
985 607 0 5 44 4 0
986 957 4 3 13 3 0
986 1190 2 9 13 3 0
986 360 1 3 20 3 0
987 183 2 6 84 4 0
987 742 0 0 89 4 0
987 294 0 9 58 5 0
987 733 2 9 81 3 0
987 327 3 9 41 5 0
987 341 3 2 63 4 0
987 67 4 5 45 3 0
988 1094 1 8 27 3 0
988 871 3 6 43 5 0
988 822 1 8 56 3 0
988 423 2 8 22 4 0
988 918 0 7 71 4 0
990 1178 2 0 34 5 0
990 590 0 7 75 4 0
991 777 4 1 48 3 0
991 1062 4 8 73 5 0
991 1136 4 7 6 5 0
991 1102 0 8 46 4 0
991 238 4 0 98 5 0
992 592 3 8 55 5 0
992 490 3 6 97 3 0
992 261 3 6 62 5 0
992 939 2 5 95 5 0
992 1023 1 6 79 4 0
993 134 2 0 36 3 0
993 1000 3 1 85 5 0
993 4 2 8 96 3 0
993 62 1 1 9 5 0
993 319 0 3 56 5 0
993 781 3 8 93 5 0
994 191 0 3 63 3 0
994 577 0 5 15 3 0
994 738 1 2 34 4 0
994 431 4 9 63 3 0
994 486 0 7 7 5 0
995 791 2 9 25 3 0
995 29 4 7 30 5 0
995 132 0 4 93 3 0
995 671 1 3 25 3 0
995 18 3 8 24 3 0
996 1100 1 8 39 5 0
997 500 0 9 43 3 0
997 197 4 9 69 3 0
997 247 1 8 7 5 0
997 725 3 7 37 5 0
997 493 3 0 43 4 0
998 87 2 4 59 5 0
998 709 3 5 99 5 0
999 808 3 8 87 5 0
999 199 4 9 80 3 0
999 559 3 8 13 3 0
999 1059 2 9 25 5 0
1000 514 0 2 77 4 0
1000 1156 4 1 9 5 0
1000 640 0 1 3 4 0
1000 618 2 7 44 5 0
1000 899 0 1 91 4 0
1000 123 0 9 14 4 0
1000 638 1 3 81 5 0
1000 1031 3 2 91 3 0
1001 101 2 4 48 4 0
1001 457 4 0 20 3 0
1001 218 3 0 96 5 0
1001 312 4 1 63 5 0
1001 738 2 6 43 3 0
1001 980 4 0 58 5 0
1001 418 3 7 25 5 0
1002 932 2 9 55 5 0
1002 455 4 0 75 5 0
1002 384 0 2 17 4 0
1002 907 4 6 51 3 0
1002 962 1 8 62 5 0
1002 1014 0 6 51 5 0
1002 73 3 2 36 5 0
1003 404 0 6 96 5 0
1003 212 1 6 14 4 0
1004 235 1 8 20 4 0
1004 486 3 2 42 3 0
1004 362 3 6 8 5 0
1005 641 1 2 44 5 0
1005 417 0 5 70 5 0
1005 964 3 1 3 4 0
1006 12 3 9 15 5 0
1007 679 2 0 7 3 0
1007 1064 1 0 21 3 0
1007 705 0 5 93 5 0
1007 1125 4 3 7 3 0
1007 38 1 8 4 3 0
1008 616 1 5 59 4 0
1008 230 2 1 64 5 0
1008 31 4 8 50 4 0
1008 668 4 3 73 4 0
1009 250 3 8 31 4 0
1009 832 4 1 88 3 0
1009 1077 3 6 27 4 0
1009 1082 0 4 53 3 0
1009 815 3 3 97 5 0
1010 1032 1 2 92 5 0
1011 129 2 0 34 4 0
1011 19 2 5 69 3 0
1011 858 0 6 72 3 0
1012 247 2 3 27 5 0
1013 679 0 1 8 3 0
1014 37 4 1 28 4 0
1015 848 0 2 60 4 0
1015 631 2 2 75 5 0
1015 629 1 4 74 3 0
1015 798 4 3 24 4 0
1016 1044 4 5 96 4 0
1016 353 2 6 75 4 0
1016 385 3 6 37 4 0
1016 293 3 1 36 5 0
1016 521 2 5 59 4 0
1016 49 1 1 80 5 0
1017 416 0 5 3 4 0
1017 1090 4 0 53 3 0
1017 1064 0 0 10 5 0
1017 590 3 7 49 3 0
1017 545 3 5 12 4 0
1018 733 1 9 94 5 0
1018 259 3 3 26 3 0
1018 366 2 3 30 4 0
1018 952 2 1 34 4 0
1018 166 1 8 97 3 0
1018 169 0 1 52 4 0
1019 618 4 0 90 5 0
1019 348 2 2 63 5 0
1019 361 3 1 89 4 0
1020 112 2 7 81 4 0
1020 444 4 5 64 4 0
1020 14 3 1 58 5 0
1020 450 0 0 90 3 0
1021 905 3 5 9 4 0
1021 226 0 9 58 3 0
1021 101 1 7 59 4 0
1021 989 2 6 15 3 0
1021 548 1 7 83 3 0
1021 746 4 9 6 3 0
1021 566 4 6 18 4 0
1022 187 2 7 61 4 0
1022 1030 2 5 60 4 0
1022 193 3 3 91 5 0
1023 824 1 2 95 4 0
1023 432 3 9 100 5 0
1023 715 0 0 68 4 0
1023 180 3 5 11 3 0
1023 27 4 3 73 5 0
1024 771 3 8 47 4 0
1024 229 0 1 71 5 0
1024 1065 3 8 63 4 0
1024 14 4 4 55 3 0
1024 841 0 7 54 3 0
1025 426 3 0 41 3 0
1026 569 2 4 76 4 0
1026 1110 0 7 21 3 0
1027 611 2 5 48 3 0
1027 872 3 4 6 5 0
1027 492 4 0 48 5 0
1027 1094 3 0 39 4 0
1028 299 3 9 36 5 0
1028 675 2 9 20 5 0
1029 754 3 2 34 4 0
1029 860 0 1 85 4 0
1029 652 0 0 22 3 0
1029 57 1 5 7 5 0
1029 436 2 7 80 4 0
1030 352 3 2 30 3 0
1030 352 0 4 77 5 0
1030 1061 3 0 63 3 0
1030 314 4 9 82 5 0
1030 689 1 8 87 5 0
1031 768 3 7 59 4 0
1031 1120 2 3 56 4 0
1031 452 3 8 80 3 0
1031 269 2 7 24 4 0
1031 27 4 2 82 5 0
1032 127 2 7 65 5 0
1032 215 1 2 72 5 0
1032 413 2 1 18 3 0
1032 810 4 4 94 5 0
1033 373 4 3 97 5 0
1034 1165 0 8 85 4 0
1034 559 2 5 19 5 0
1034 703 4 6 92 3 0
1034 622 2 8 50 4 0
1034 335 3 5 18 4 0
1034 791 2 1 40 4 0
1034 684 4 7 33 4 0
1034 679 3 4 80 4 0
1034 1081 1 5 4 5 0
1035 1003 3 0 10 4 0
1035 792 0 5 52 5 0
1035 101 4 9 88 3 0
1035 833 3 1 11 4 0
1035 430 4 3 32 3 0
1036 140 4 2 39 4 0
1036 919 2 6 90 3 0
1036 479 0 1 49 4 0
1037 1027 3 5 48 3 0
1037 288 4 1 100 5 0
1037 1015 3 6 10 4 0
1037 948 2 5 12 3 0
1037 1021 3 4 9 5 0
1037 1034 0 1 3 5 0
1038 938 4 4 35 5 0
1038 849 4 3 68 5 0
1038 957 3 6 20 3 0
1039 176 1 0 89 5 0
1039 500 3 0 92 3 0
1040 714 4 3 47 4 0
1041 150 1 1 99 5 0
1041 214 1 3 37 5 0
1041 1100 4 5 1 3 0
1041 619 0 0 4 3 0
1042 92 1 2 59 4 0
1043 139 4 8 71 3 0
1043 1074 0 4 20 4 0
1043 59 2 3 99 5 0
1043 416 2 7 39 3 0
1043 920 2 2 91 5 0
1044 256 0 1 70 3 0
1044 197 2 4 36 5 0
1044 533 1 5 99 5 0
1044 873 4 0 82 3 0
1044 1140 3 0 46 3 0
1044 1003 4 9 54 5 0
1044 334 4 2 76 3 0
1044 148 4 3 54 5 0
1045 658 1 8 94 3 0
1045 879 4 7 46 5 0
1045 687 4 6 37 5 0
1045 671 0 7 52 3 0
1045 1047 1 1 6 5 0
1045 933 1 9 70 5 0
1045 1010 0 7 31 4 0
1046 744 2 4 20 4 0
1046 674 0 8 94 4 0
1046 499 0 5 33 5 0
1046 343 3 5 97 3 0
1046 102 3 9 98 3 0
1046 395 3 1 38 4 0
1047 648 3 9 71 5 0
1048 806 3 5 77 3 0
1048 667 3 5 83 3 0
1048 1187 4 6 60 3 0
1049 839 1 3 30 5 0
1049 26 2 6 73 4 0
1049 159 3 4 5 5 0
1049 370 2 7 37 4 0
1049 514 1 0 33 3 0
1050 201 4 9 37 5 0
1050 45 3 9 78 5 0
1050 284 0 1 14 5 0
1050 309 0 1 42 3 0
1050 668 0 8 85 5 0
1051 1193 2 9 74 5 0
1051 1011 1 2 40 3 0
1051 481 4 5 99 3 0
1052 638 0 6 2 3 0
1052 733 0 9 31 5 0
1052 509 1 7 58 5 0
1052 16 0 4 65 5 0
1053 1042 4 8 45 4 0
1053 960 1 9 29 4 0
1053 481 2 7 59 4 0
1053 703 3 9 54 4 0
1053 98 3 0 96 3 0
1053 252 1 8 44 5 0
1053 1044 2 7 79 3 0
1053 1005 4 5 23 4 0
1053 1119 1 0 55 4 0
1054 584 0 1 51 4 0
1054 606 0 3 43 5 0
1054 978 2 2 42 5 0
1055 631 0 2 45 4 0
1055 797 2 9 12 3 0
1055 906 3 9 4 3 0
1055 348 0 8 72 5 0
1055 516 4 3 22 5 0
1055 513 1 1 5 4 0
1056 188 3 4 88 4 0
1056 93 2 5 84 3 0
1056 669 1 3 29 4 0
1056 55 0 4 10 5 0
1056 775 2 4 37 4 0
1056 277 4 6 66 5 0
1056 413 2 5 23 4 0
1057 579 0 8 10 4 0
1057 701 3 2 71 5 0
1058 63 3 0 24 5 0
1058 66 0 1 13 3 0
1058 73 0 3 43 4 0
1058 905 2 5 21 3 0
1058 349 1 1 64 4 0
1058 785 0 6 39 3 0
1059 416 0 7 21 3 0
1059 449 4 1 65 5 0
1060 1012 2 2 2 4 0
1060 565 1 2 91 3 0
1061 1093 0 5 97 4 0
1061 397 4 6 67 3 0
1061 179 2 5 71 5 0
1062 30 2 4 27 4 0
1062 307 4 6 86 4 0
1062 246 2 0 71 4 0
1063 226 3 3 18 5 0
1063 1174 0 1 82 4 0
1063 155 0 4 29 4 0
1063 70 1 3 88 4 0
1063 1119 0 0 62 4 0
1064 596 3 5 84 4 0
1064 696 3 0 87 5 0
1065 404 1 9 17 3 0
1065 255 3 6 43 5 0
1065 206 2 0 28 5 0
1065 1074 2 0 100 3 0
1065 1120 0 2 49 4 0
1066 274 1 1 36 5 0
1067 979 1 3 44 4 0
1067 627 1 6 55 4 0
1067 732 3 1 34 3 0
1068 494 3 4 58 4 0
1068 206 4 6 56 5 0
1069 72 2 1 85 3 0
1070 290 1 7 45 4 0
1070 479 1 8 46 3 0
1070 889 4 3 69 3 0
1070 223 1 8 77 3 0
1070 24 2 9 71 5 0
1071 411 3 2 54 4 0
1071 1154 2 7 4 5 0
1071 248 1 1 37 4 0
1071 360 3 3 27 5 0
1072 380 2 8 61 4 0
1072 394 0 0 61 5 0
1072 269 4 9 34 5 0
1072 898 4 3 100 4 0
1072 776 1 5 89 5 0
1072 184 3 5 98 3 0
1072 154 2 8 13 4 0
1072 967 3 3 42 5 0
1073 16 0 8 36 4 0
1073 313 4 5 21 3 0
1073 725 1 6 43 4 0
1074 611 3 7 73 5 0
1074 381 0 2 10 5 0
1075 15 2 9 99 5 0
1075 618 3 8 44 3 0
1075 1018 3 9 98 3 0
1075 165 1 2 6 3 0
1076 795 2 7 63 4 0
1076 1184 2 7 7 4 0
1077 635 2 8 100 3 0
1077 1020 2 3 16 5 0
1077 170 0 0 89 5 0
1077 1175 1 5 84 3 0
1078 1191 3 8 19 5 0
1078 660 0 1 87 4 0
1079 1189 0 5 66 5 0
1079 596 1 4 92 4 0
1079 199 0 2 51 5 0
1079 377 2 8 88 4 0
1079 701 3 1 79 4 0
1079 747 3 8 13 4 0
1079 918 1 7 47 5 0
1080 469 4 4 51 5 0
1080 390 4 1 83 3 0
1080 38 3 4 93 3 0
1081 128 2 6 25 3 0
1081 829 3 0 81 4 0
1081 749 4 7 47 4 0
1081 1125 2 4 4 3 0
1081 1157 3 1 76 3 0
1082 736 3 0 46 4 0
1082 1161 0 4 71 4 0
1082 1100 4 3 46 3 0
1082 251 2 9 67 5 0
1082 490 3 4 76 3 0
1083 378 0 5 69 4 0
1083 1147 0 6 4 4 0
1083 772 2 8 41 3 0
1083 212 0 1 47 4 0
1083 792 3 6 45 3 0
1084 623 3 4 65 4 0
1085 167 2 4 6 3 0
1085 644 0 1 84 4 0
1085 679 2 2 29 4 0
1085 104 2 2 45 3 0
1085 202 4 3 46 5 0
1085 736 4 5 60 3 0
1086 766 2 1 35 5 0
1086 981 3 0 5 4 0
1086 332 2 0 45 5 0
1086 56 0 8 52 4 0
1087 1030 1 8 37 4 0
1087 940 4 4 57 3 0
1087 116 2 6 40 5 0
1087 944 1 2 92 4 0
1087 884 1 3 45 5 0
1087 1 4 1 80 4 0
1087 734 3 0 7 5 0
1087 15 0 3 23 5 0
1088 1179 2 3 11 3 0
1088 874 0 0 64 4 0
1088 731 3 4 10 3 0
1089 86 0 6 42 5 0
1089 25 3 4 10 5 0
1089 353 2 8 27 5 0
1089 1190 2 2 39 4 0
1091 237 0 2 81 3 0
1091 543 2 1 46 3 0
1091 1119 3 5 85 3 0
1091 223 2 3 81 4 0
1091 69 4 1 44 4 0
1092 453 4 3 74 3 0
1093 848 2 4 6 4 0
1093 369 2 6 31 4 0
1093 986 0 6 18 3 0
1093 380 0 5 65 5 0
1094 746 0 9 34 4 0
1094 552 4 8 37 4 0
1095 1028 2 5 95 3 0
1095 880 4 5 20 3 0
1095 97 0 6 79 3 0
1096 418 0 2 20 4 0
1096 879 4 9 55 4 0
1096 1169 1 7 78 4 0
1096 570 1 7 70 4 0
1097 739 2 7 14 5 0
1097 310 4 2 78 5 0
1097 981 3 1 43 4 0
1098 630 2 0 8 4 0
1098 1069 0 8 15 5 0
1098 445 2 9 83 3 0
1098 985 0 0 1 3 0
1098 473 3 8 83 5 0
1098 107 2 6 30 5 0
1098 705 0 1 88 5 0
1099 919 2 7 80 3 0
1100 1135 1 7 7 3 0
1100 431 4 5 85 4 0
1100 687 2 6 6 5 0
1100 62 0 8 28 3 0
1100 1001 3 2 98 5 0
1100 89 1 4 33 4 0
1100 3 2 8 72 4 0
1101 534 1 4 91 4 0
1101 47 3 8 86 5 0
1101 207 1 6 15 3 0
1101 608 2 5 60 3 0
1101 713 2 2 62 3 0
1101 767 3 7 69 5 0
1101 919 2 5 94 4 0
1101 318 0 4 99 5 0
1101 636 4 3 45 4 0
1101 448 3 5 67 3 0
1102 996 2 6 75 4 0
1102 310 2 0 17 4 0
1102 886 2 5 44 4 0
1102 706 3 6 62 3 0
1103 1134 2 7 32 3 0
1103 327 3 6 91 5 0
1103 674 3 2 71 3 0
1103 1132 3 4 78 4 0
1104 1160 1 2 13 5 0
1104 1034 0 8 12 3 0
1105 617 3 2 58 5 0
1105 914 4 5 90 4 0
1105 317 2 3 34 5 0
1106 728 4 7 97 5 0
1106 654 4 3 83 5 0
1106 1113 3 5 100 3 0
1106 1068 0 9 46 4 0
1106 1174 0 1 92 3 0
1106 712 2 1 55 5 0
1107 1125 4 6 15 4 0
1107 1102 2 7 72 5 0
1107 945 1 6 70 3 0
1108 821 0 7 82 4 0
1108 934 4 0 2 5 0
1108 972 2 0 58 3 0
1109 101 1 7 84 5 0
1109 877 0 4 40 4 0
1109 38 0 5 52 3 0
1109 828 0 4 57 4 0
1110 529 1 5 33 3 0
1110 988 2 7 22 4 0
1110 43 1 5 15 5 0
1110 889 0 0 19 3 0
1111 868 0 5 31 3 0
1111 1141 1 9 93 4 0
1111 667 0 4 73 5 0
1111 328 3 3 92 3 0
1111 1178 2 1 30 3 0
1112 1077 0 0 32 4 0
1113 797 3 0 94 3 0
1113 751 2 0 54 4 0
1113 10 1 6 61 5 0
1113 26 3 0 6 5 0
1114 961 3 9 72 4 0
1114 968 1 2 28 3 0
1114 239 4 1 31 3 0
1114 701 2 1 48 3 0
1115 479 0 0 81 3 0
1115 851 0 2 17 5 0
1115 161 0 1 91 5 0
1115 252 4 2 5 5 0
1115 399 2 5 8 4 0
1115 278 4 0 38 4 0
1115 446 4 0 32 4 0
1116 277 2 9 44 3 0
1116 665 0 1 8 4 0
1116 339 1 3 55 4 0
1117 705 4 9 72 4 0
1117 545 1 0 96 5 0
1117 575 2 1 15 4 0
1117 690 3 4 39 5 0
1118 914 2 1 90 5 0
1118 683 1 6 74 5 0
1118 60 2 1 42 5 0
1119 523 4 6 16 5 0
1119 90 2 9 73 4 0
1119 1175 0 4 50 3 0
1119 350 4 3 5 4 0
1119 603 2 6 41 3 0
1119 578 0 6 81 5 0
1120 197 0 6 61 3 0
1121 1076 1 1 78 4 0
1121 1101 0 9 96 4 0
1121 97 3 0 13 5 0
1121 560 3 8 52 4 0
1121 389 1 4 68 4 0
1121 226 4 5 35 5 0
1122 438 1 0 6 5 0
1122 374 3 5 86 3 0
1122 755 1 6 95 4 0
1123 691 4 9 55 4 0
1123 1199 4 3 97 5 0
1123 407 0 7 91 5 0
1124 621 3 7 15 4 0
1124 508 2 7 57 4 0
1124 200 3 8 81 3 0
1125 820 3 3 89 4 0
1125 460 4 1 97 3 0
1125 763 4 1 17 3 0
1125 417 3 8 62 4 0
1126 838 2 8 60 3 0
1126 255 2 4 99 4 0
1126 934 0 6 94 3 0
1126 321 1 8 63 4 0
1127 628 3 6 96 5 0
1127 787 0 3 45 4 0
1127 497 4 1 90 4 0
1127 794 0 4 6 3 0
1127 1180 2 4 8 4 0
1127 905 4 0 7 3 0
1128 873 4 4 80 3 0
1128 335 1 8 30 3 0
1128 772 0 0 19 3 0
1129 643 2 3 7 5 0
1129 382 1 8 49 4 0
1129 1166 2 8 2 5 0
1129 713 0 7 75 4 0
1129 1003 1 0 73 4 0
1129 993 1 2 82 3 0
1129 549 3 4 47 5 0
1130 43 1 5 40 3 0
1130 494 3 0 98 5 0
1130 1002 3 0 74 3 0
1130 841 2 8 82 3 0
1130 1137 3 7 46 4 0
1130 495 0 9 3 5 0
1131 795 2 5 29 4 0
1131 455 4 0 5 3 0
1131 1021 0 0 72 5 0
1131 799 1 3 13 5 0
1131 293 1 8 10 3 0
1131 152 4 1 37 3 0
1131 50 3 8 79 4 0
1131 34 0 4 48 3 0
1132 351 0 2 10 3 0
1132 1175 2 9 27 4 0
1133 792 2 1 46 4 0
1133 555 3 4 69 4 0
1133 1195 1 8 45 3 0
1133 404 0 3 67 4 0
1134 484 2 4 2 5 0
1134 367 3 3 53 5 0
1134 364 1 5 14 5 0
1135 855 0 5 62 3 0
1135 17 4 0 77 3 0
1135 880 2 6 9 3 0
1136 432 2 1 98 3 0
1136 306 2 5 70 4 0
1136 44 1 5 67 5 0
1136 894 1 4 52 3 0
1136 155 1 2 17 5 0
1137 267 0 2 43 4 0
1137 540 3 9 30 4 0
1137 527 1 2 77 5 0
1137 286 0 6 67 3 0
1137 532 2 9 68 4 0
1138 825 4 6 4 3 0
1138 963 3 5 95 4 0
1138 339 2 5 91 5 0
1138 137 4 0 29 3 0
1138 1112 0 8 84 3 0
1138 402 2 9 80 5 0
1140 724 1 5 31 5 0
1140 335 1 7 66 5 0
1140 816 3 9 44 3 0
1140 308 2 8 73 3 0
1140 976 1 7 56 3 0
1140 1028 4 1 64 4 0
1141 516 4 6 92 5 0
1141 730 2 3 19 5 0
1141 1193 1 8 57 3 0
1141 734 0 1 75 3 0
1142 620 3 2 37 5 0
1142 323 0 8 91 5 0
1142 747 1 4 64 3 0
1142 791 3 6 33 3 0
1143 160 4 4 96 5 0
1143 1087 2 0 65 3 0
1143 21 2 0 50 4 0
1143 1058 4 0 70 4 0
1143 327 2 6 91 5 0
1144 1144 1 4 31 5 0
1144 333 3 1 57 5 0
1145 162 3 9 69 5 0
1145 185 4 9 98 3 0
1146 112 1 5 10 5 0
1147 890 2 6 11 5 0
1147 80 2 2 57 5 0
1147 223 0 9 2 4 0
1148 414 2 5 74 4 0
1148 868 0 8 31 3 0
1148 533 1 5 85 5 0
1148 1090 0 9 17 4 0
1148 659 4 7 39 3 0
1149 1138 4 9 67 5 0
1149 1170 0 4 81 3 0
1149 996 1 4 24 5 0
1149 912 1 8 68 4 0
1149 983 3 0 95 4 0
1150 588 4 0 100 3 0
1150 727 2 6 89 3 0
1150 1052 4 2 15 3 0
1150 131 0 5 26 5 0
1150 449 4 0 95 5 0
1150 596 0 8 63 3 0
1150 120 3 4 87 5 0
1150 1104 3 0 90 4 0
1151 562 1 5 16 4 0
1151 398 3 8 63 5 0
1151 68 4 0 95 4 0
1151 574 2 4 46 5 0
1151 240 3 7 40 3 0
1151 687 3 1 85 5 0
1151 1117 0 9 44 3 0
1151 1162 1 3 79 4 0
1151 1136 4 3 50 5 0
1151 517 1 2 24 4 0
1152 707 1 7 95 4 0
1152 452 1 1 40 3 0
1152 244 1 9 48 4 0
1152 572 1 3 7 5 0
1152 239 4 9 5 5 0
1153 992 3 2 51 3 0
1153 612 4 9 57 5 0
1153 297 0 5 74 4 0
1153 398 3 0 68 4 0
1153 656 2 7 20 4 0
1155 291 1 0 9 4 0
1155 868 4 8 27 4 0
1155 499 1 8 3 3 0
1155 849 2 0 7 4 0
1155 727 2 6 24 5 0
1155 416 2 0 93 3 0
1155 467 1 0 60 4 0
1155 275 2 3 99 3 0
1155 755 3 5 4 4 0
1156 1130 0 9 86 4 0
1156 649 0 1 60 4 0
1156 321 0 8 91 4 0
1156 428 3 3 87 3 0
1156 1123 3 2 91 4 0
1156 853 0 8 60 4 0
1157 728 2 7 67 4 0
1157 991 2 7 2 5 0
1157 1190 4 9 35 3 0
1157 641 0 0 76 5 0
1157 695 1 9 74 3 0
1157 927 0 3 28 3 0
1158 1083 4 1 39 5 0
1158 1072 0 5 89 3 0
1158 367 4 9 45 4 0
1158 684 0 5 10 5 0
1158 130 2 8 100 4 0
1159 189 1 5 99 4 0
1159 412 2 8 61 3 0
1159 962 4 5 31 3 0
1159 1023 4 2 26 5 0
1160 345 4 9 94 3 0
1160 817 4 1 1 5 0
1160 838 4 3 7 3 0
1160 94 0 4 45 5 0
1160 543 3 4 44 5 0
1160 521 3 9 66 3 0
1160 1034 2 9 72 4 0
1160 267 3 6 46 4 0
1161 853 4 8 2 3 0
1161 328 1 5 20 4 0
1161 721 4 9 100 3 0
1161 650 0 3 36 3 0
1161 158 4 2 95 3 0
1162 2 2 3 33 3 0
1162 521 0 4 65 5 0
1162 343 4 2 43 3 0
1163 832 1 3 89 3 0
1163 774 1 5 3 3 0
1163 874 0 5 6 4 0
1163 258 0 8 20 5 0
1163 1103 4 5 64 5 0
1163 607 1 8 65 5 0
1164 141 1 7 52 3 0
1164 1152 4 0 2 4 0
1164 499 0 4 37 3 0
1165 768 2 1 66 4 0
1166 302 2 3 58 4 0
1166 964 3 2 98 3 0
1166 954 4 4 71 3 0
1166 477 2 1 9 4 0
1167 1075 1 8 7 4 0
1167 230 3 1 86 4 0
1168 970 1 2 33 3 0
1168 1108 2 3 63 5 0
1168 428 1 5 96 5 0
1169 415 0 3 58 5 0
1169 1028 2 8 26 3 0
1169 27 2 9 63 3 0
1169 1163 3 6 89 5 0
1169 266 4 0 21 3 0
1169 592 1 0 87 4 0
1170 1058 1 9 24 3 0
1170 459 2 4 74 4 0
1170 439 3 2 77 4 0
1170 150 0 3 78 5 0
1170 515 1 0 2 3 0
1171 1011 4 2 15 4 0
1171 1198 0 8 36 5 0
1171 843 2 9 71 3 0
1171 887 4 1 5 3 0
1172 788 4 5 1 3 0
1172 779 3 8 30 3 0
1172 757 4 3 43 3 0
1172 423 1 7 32 4 0
1172 369 1 7 65 3 0
1173 758 4 2 19 4 0
1173 1119 0 3 38 4 0
1173 949 2 0 34 4 0
1173 389 3 0 82 4 0
1173 1142 0 0 19 5 0
1174 882 4 6 91 3 0
1174 386 2 8 87 4 0
1174 481 4 0 42 3 0
1174 976 0 4 30 3 0
1175 1080 2 9 75 3 0
1175 85 2 9 52 5 0
1175 503 1 8 5 5 0
1175 367 4 9 62 3 0
1175 314 3 6 66 3 0
1176 22 0 8 10 3 0
1176 925 0 3 48 4 0
1176 729 0 3 56 4 0
1177 274 1 2 40 4 0
1177 219 1 3 18 5 0
1177 345 4 7 95 3 0
1177 1112 3 0 94 4 0
1179 819 1 2 70 4 0
1179 1146 1 9 66 4 0
1179 4 3 1 75 4 0
1180 292 3 0 37 3 0
1180 792 0 0 64 4 0
1180 258 1 6 64 5 0
1180 1047 4 4 18 3 0
1180 61 4 0 51 4 0
1181 1078 2 1 50 3 0
1181 759 4 6 77 5 0
1181 110 0 2 89 4 0
1181 660 3 9 94 4 0
1181 1092 4 4 23 3 0
1181 716 0 2 4 4 0
1181 454 1 5 68 3 0
1182 603 3 2 29 3 0
1182 322 4 9 13 4 0
1182 203 3 6 15 3 0
1182 211 3 6 45 3 0
1182 864 3 5 87 5 0
1183 343 3 6 54 4 0
1183 328 3 8 8 5 0
1184 765 4 8 94 3 0
1184 16 1 9 64 3 0
1184 218 3 6 28 3 0
1185 998 0 9 40 5 0
1185 1139 2 8 32 3 0
1185 958 4 9 30 5 0
1185 1030 4 5 48 4 0
1185 433 2 6 56 5 0
1186 1060 3 6 15 5 0
1186 408 4 8 71 4 0
1186 924 2 7 51 4 0
1187 1006 4 3 29 5 0
1187 504 1 2 47 3 0
1187 830 2 8 5 4 0
1188 981 3 4 21 3 0
1188 352 2 4 72 3 0
1189 303 4 0 99 4 0
1189 746 4 0 78 3 0
1190 1078 0 1 8 5 0
1190 1179 0 6 79 4 0
1190 814 1 1 63 5 0
1191 398 3 8 74 5 0
1191 968 3 9 65 5 0
1191 1192 1 2 64 3 0
1191 114 4 8 64 4 0
1192 369 1 2 76 4 0
1192 922 2 3 3 5 0
1192 92 3 8 91 4 0
1192 363 1 5 6 5 0
1192 924 2 6 69 5 0
1192 339 0 8 60 3 0
1192 1086 0 3 40 5 0
1193 1085 0 2 52 4 0
1193 159 0 4 60 4 0
1193 710 0 3 85 4 0
1193 88 4 1 3 5 0
1193 418 1 6 56 3 0
1193 207 3 7 54 3 0
1193 648 4 5 1 3 0
1194 913 1 0 88 3 0
1195 556 3 4 68 4 0
1195 66 4 0 20 4 0
1195 283 1 5 34 5 0
1195 912 3 9 67 4 0
1195 509 0 6 95 3 0
1195 21 2 3 98 3 0
1195 1161 3 3 37 4 0
1195 228 2 1 27 3 0
1196 272 4 3 37 3 0
1196 962 1 4 80 5 0
1196 957 3 6 21 3 0
1196 588 4 9 3 4 0
1196 895 4 2 94 4 0
1196 112 3 9 79 4 0
1196 709 3 0 54 5 0
1196 12 3 9 85 5 0
1197 267 0 1 93 3 0
1197 336 1 5 5 5 0
1197 418 1 1 68 4 0
1197 335 2 5 27 5 0
1198 1085 1 6 79 5 0
1198 1074 4 9 42 5 0
1198 451 0 1 76 5 0
1198 1043 3 6 61 4 0
1198 868 2 2 12 5 0
1198 924 0 2 61 3 0
1198 1018 2 1 16 5 0
1198 214 1 7 90 4 0
1198 143 4 8 37 3 0
1198 1085 1 5 37 4 0
1199 400 0 4 6 4 0

