10

5
0 20 20 20 20 20 20 20 20 20 20
1 20 20 20 20 20 20 20 20 20 20
2 20 20 20 20 20 20 20 20 20 20
3 20 20 20 20 20 20 20 20 20 20
4 20 20 20 20 20 20 20 20 20 20

25
900 600 100000 6 2
0 126 7 2
1 106 3 6
2 130 10 8
4 126 4 4
5 120 6 6
9 127 2 9
600 300 100000 6 2
0 112 2 2
1 112 5 5
3 119 5 3
6 139 2 1
7 117 4 4
9 136 4 1
300 600 100000 6 3
0 109 5 9
2 127 3 3
4 125 2 3
5 149 10 7
7 122 4 2
9 138 1 9
300 1200 100000 6 4
0 141 6 7
1 129 9 1
2 142 3 2
3 129 9 6
4 100 2 10
6 147 2 2
0 0 100000 6 0
0 132 1 3
1 101 9 3
3 119 3 7
4 117 2 7
5 106 4 4
8 112 4 2
900 300 100000 6 1
1 131 1 3
2 112 5 7
4 106 5 4
6 123 10 5
7 109 2 1
8 117 1 7
0 1200 100000 6 4
1 130 4 1
4 144 9 2
5 148 9 10
6 121 1 3
7 117 5 10
9 106 1 1
600 0 100000 6 1
1 128 1 3
3 139 7 9
4 125 7 5
5 100 8 2
6 137 8 6
9 114 4 5
0 900 100000 6 4
0 122 3 2
3 147 6 1
5 148 2 8
6 115 9 3
7 118 1 3
9 143 6 6
0 300 100000 6 3
0 115 7 7
2 144 9 5
3 132 10 5
6 139 2 8
7 117 6 3
8 129 4 8
0 600 100000 6 1
0 133 4 6
1 125 4 9
2 132 5 8
4 140 3 3
5 108 5 1
8 136 2 3
1200 300 100000 6 2
1 102 9 1
2 130 8 7
3 145 9 2
4 141 3 5
5 132 9 7
7 110 8 8
600 900 100000 6 2
1 112 8 7
2 129 2 5
3 140 9 2
4 113 4 5
7 113 9 5
8 127 8 2
1200 1200 100000 6 3
2 109 1 6
3 124 3 5
4 132 3 9
5 104 3 10
8 132 9 1
9 107 5 7
900 1200 100000 6 1
1 145 1 3
3 111 2 8
6 145 10 10
7 147 5 3
8 115 5 4
9 107 2 9
600 1200 100000 6 0
3 134 3 9
5 103 8 2
6 132 1 5
7 101 5 6
8 116 5 9
9 125 2 6
900 900 100000 6 2
0 126 1 1
1 138 4 7
2 134 9 8
3 105 5 8
7 144 9 5
9 121 2 8
300 300 100000 6 0
0 111 4 3
1 114 5 1
2 107 1 4
3 127 9 10
5 124 5 10
9 121 10 9
1200 900 100000 6 3
0 111 3 4
1 135 6 3
2 109 5 2
5 110 9 5
7 129 4 2
8 107 3 1
900 0 100000 6 4
0 116 1 8
2 100 6 5
4 144 8 8
5 150 5 1
8 101 1 2
9 101 9 5
1200 0 100000 6 0
0 125 1 5
1 147 1 9
4 137 2 1
6 120 2 8
7 127 2 6
9 133 1 1
300 900 100000 6 3
0 123 9 2
1 145 9 2
3 145 2 4
5 116 10 8
7 129 8 1
9 102 8 2
600 600 100000 6 4
0 108 6 10
2 147 10 8
3 146 6 8
4 131 1 5
8 138 2 6
9 147 4 5
1200 600 100000 6 1
0 111 9 1
2 149 9 1
3 140 2 4
4 106 8 8
8 133 5 4
9 103 7 4
300 0 100000 6 0
1 113 4 4
3 146 8 8
4 141 6 3
5 129 9 7
6 104 1 3
7 130 4 10

800
0 603 3 3 37 4 0
2 332 3 7 33 4 0
3 992 1 6 28 4 0
4 318 1 2 8 3 0
5 451 0 6 2 5 0
6 547 1 1 37 3 0
9 479 0 1 64 5 0
10 710 1 1 4 5 0
12 908 4 9 48 3 0
13 205 1 8 42 4 0
14 428 4 8 54 5 0
16 800 1 4 32 4 0
18 1150 3 5 43 4 0
19 582 3 7 43 5 0
20 1168 1 8 85 3 0
21 522 1 4 87 3 0
22 135 0 9 72 3 0
24 796 4 7 41 5 0
25 534 1 5 77 4 0
26 1127 3 5 65 4 0
28 857 4 7 40 3 0
30 301 3 0 18 4 0
32 254 3 2 8 5 0
33 541 4 9 15 5 0
34 723 0 0 82 5 0
35 50 0 9 42 3 0
36 1079 4 2 67 4 0
38 1009 2 5 23 3 0
39 558 4 5 64 4 0
41 1165 2 0 22 3 0
44 575 0 7 3 5 0
45 399 1 0 83 3 0
46 531 3 2 9 4 0
48 205 2 0 68 3 0
49 766 2 1 66 4 0
51 409 4 9 10 5 0
53 449 3 7 6 5 0
54 185 1 8 49 3 0
55 339 0 0 69 5 0
56 736 4 5 50 5 0
57 111 1 1 3 5 0
58 654 4 6 71 3 0
59 975 3 2 85 3 0
61 836 2 4 33 3 0
62 544 2 5 4 3 0
63 13 1 0 55 3 0
64 512 3 5 2 4 0
65 488 4 9 3 5 0
68 146 3 0 16 4 0
70 13 1 3 62 4 0
71 771 1 6 89 4 0
72 30 2 7 48 3 0
75 108 1 7 68 5 0
76 953 3 9 9 3 0
78 1181 1 9 75 3 0
79 103 4 7 30 4 0
80 8 0 8 3 4 0
81 564 2 7 74 4 0
82 1126 2 4 69 5 0
83 343 1 8 3 5 0
84 356 3 7 4 3 0
85 269 3 3 1 3 0
86 737 1 8 94 4 0
88 270 2 0 13 4 0
90 23 0 7 30 3 0
91 318 0 6 7 4 0
92 932 2 3 82 4 0
93 547 0 4 98 4 0
94 302 0 4 96 3 0
96 1198 0 7 91 5 0
97 297 2 0 35 3 0
98 121 0 7 49 5 0
99 631 0 0 43 3 0
100 1080 2 7 19 4 0
102 683 3 0 67 4 0
103 1062 3 4 16 3 0
104 1018 3 6 78 4 0
105 605 3 1 65 4 0
106 983 3 9 49 3 0
107 633 2 9 65 4 0
108 248 4 0 92 4 0
110 1082 3 9 29 4 0
111 894 1 4 19 4 0
112 711 1 5 83 3 0
113 525 0 9 44 3 0
114 159 4 7 5 5 0
115 1035 4 6 59 3 0
116 396 3 0 74 3 0
117 1076 3 0 43 3 0
118 540 1 3 20 3 0
119 260 2 9 80 5 0
120 1083 0 6 2 4 0
122 120 4 0 94 5 0
125 1060 1 5 18 5 0
126 1184 3 7 71 3 0
129 814 0 6 15 4 0
130 584 4 8 60 5 0
132 191 1 9 19 5 0
133 411 2 3 49 4 0
136 662 1 0 60 4 0
138 893 4 5 29 3 0
140 697 0 5 41 4 0
143 1053 4 8 32 3 0
144 103 4 7 89 5 0
145 645 3 1 26 5 0
146 207 1 1 46 3 0
148 698 1 2 51 3 0
150 809 3 9 8 3 0
151 922 3 7 35 3 0
152 1136 1 4 33 4 0
153 701 0 0 12 3 0
154 587 3 1 52 5 0
155 1157 3 7 51 4 0
158 595 2 7 82 5 0
160 928 1 1 6 3 0
161 1193 4 6 31 3 0
162 603 1 8 52 3 0
163 1038 2 3 14 3 0
164 1050 3 5 44 5 0
165 199 4 1 75 3 0
166 396 3 6 13 3 0
167 285 3 6 2 3 0
169 56 0 7 23 4 0
170 465 3 2 86 5 0
171 1104 4 0 63 5 0
172 479 4 5 98 4 0
173 336 3 8 55 5 0
175 830 0 3 62 4 0
177 1116 1 6 73 5 0
180 350 0 0 88 3 0
181 122 0 6 16 5 0
183 137 2 9 56 3 0
185 1156 3 3 26 5 0
186 479 2 3 16 3 0
187 104 0 1 4 4 0
188 272 0 2 61 3 0
189 397 2 9 3 4 0
190 1045 1 8 2 5 0
193 151 2 1 84 4 0
195 594 4 3 41 5 0
196 1113 1 1 80 3 0
197 454 2 4 31 3 0
200 777 0 7 67 4 0
201 795 1 7 91 4 0
202 453 0 6 53 3 0
203 881 3 7 18 5 0
204 212 3 8 47 4 0
206 255 4 7 81 3 0
207 826 2 2 19 3 0
208 415 2 5 35 3 0
209 765 1 2 25 5 0
212 50 3 4 89 5 0
213 556 0 5 31 5 0
214 1018 3 3 84 3 0
215 85 0 0 84 4 0
217 174 3 5 87 4 0
219 253 2 7 49 3 0
220 732 1 7 14 3 0
221 830 4 9 49 4 0
222 79 3 7 10 3 0
223 269 3 8 86 4 0
224 941 1 5 67 4 0
226 1023 3 3 20 3 0
227 580 4 7 56 5 0
228 411 4 6 34 3 0
229 660 0 7 81 4 0
231 757 2 4 48 4 0
232 1029 0 4 34 4 0
233 386 1 7 12 3 0
235 134 0 8 4 4 0
236 965 1 3 23 4 0
237 781 1 5 73 4 0
238 657 3 9 56 5 0
239 1169 3 3 88 4 0
240 1016 4 6 18 5 0
241 270 2 7 94 5 0
242 111 2 7 52 4 0
243 173 2 7 58 4 0
244 576 4 0 8 5 0
245 45 2 7 65 4 0
247 767 4 5 32 4 0
248 265 2 1 51 5 0
251 1158 4 9 64 3 0
252 354 2 2 98 3 0
254 552 0 1 9 5 0
256 551 0 8 51 4 0
257 1000 1 9 53 4 0
258 124 2 9 85 5 0
259 682 3 5 59 4 0
260 875 1 3 80 3 0
261 311 4 6 49 4 0
263 218 0 2 100 5 0
264 771 3 0 55 4 0
267 1054 2 1 25 4 0
268 615 4 5 98 3 0
269 177 3 3 59 3 0
270 279 4 5 41 5 0
271 1091 0 8 28 3 0
272 154 3 6 79 3 0
274 1194 4 5 27 5 0
275 217 3 6 9 4 0
276 930 0 8 48 3 0
279 936 0 8 10 3 0
280 470 4 4 87 3 0
281 83 4 9 94 5 0
282 458 0 6 40 3 0
283 143 4 4 71 4 0
284 1155 2 6 14 3 0
285 28 0 8 45 3 0
286 906 3 5 13 3 0
287 444 2 0 58 3 0
289 791 0 9 77 5 0
290 593 4 5 74 5 0
291 994 0 1 79 4 0
293 437 0 6 38 4 0
294 799 1 2 76 5 0
295 343 1 1 33 5 0
296 144 4 0 15 3 0
297 863 2 3 77 3 0
298 869 1 5 10 4 0
299 780 1 7 58 5 0
300 808 1 1 28 3 0
301 706 1 4 2 4 0
302 806 0 4 98 4 0
304 1044 3 8 25 5 0
305 369 3 0 26 3 0
306 959 4 7 27 5 0
307 123 2 1 83 5 0
309 792 0 1 59 4 0
310 51 0 0 73 3 0
312 499 3 8 45 4 0
315 217 3 4 31 4 0
317 1013 0 0 51 4 0
318 1125 2 7 22 4 0
319 954 3 3 98 3 0
321 913 3 8 4 3 0
322 390 0 5 89 4 0
323 1151 1 7 42 3 0
324 824 4 0 87 5 0
326 3 0 7 81 4 0
327 519 3 5 11 4 0
328 1138 0 3 17 4 0
330 186 1 2 60 4 0
332 941 4 7 2 4 0
333 566 3 0 61 5 0
334 645 2 4 97 5 0
335 351 4 9 63 4 0
336 539 1 3 57 4 0
338 322 1 8 69 3 0
339 248 2 0 23 4 0
340 182 3 1 10 5 0
341 772 0 8 12 4 0
342 1153 4 7 36 4 0
344 1158 0 0 3 3 0
345 1098 0 0 23 4 0
346 1075 1 7 63 4 0
347 473 3 6 72 3 0
348 693 0 5 35 3 0
349 1012 2 3 83 4 0
353 32 4 3 33 5 0
357 1097 0 1 88 5 0
358 247 0 8 44 3 0
359 233 3 0 60 5 0
360 817 1 3 89 4 0
362 109 0 6 2 5 0
364 131 1 8 14 5 0
365 103 2 8 44 3 0
366 1046 3 2 91 5 0
367 965 3 4 74 4 0
368 1026 3 8 28 5 0
369 184 4 4 9 3 0
370 438 2 2 82 5 0
376 130 4 5 83 5 0
377 1026 0 0 11 3 0
378 283 1 6 15 5 0
379 1132 0 6 47 4 0
380 1094 2 2 43 5 0
381 423 0 0 95 5 0
383 58 4 3 40 4 0
384 247 0 4 98 3 0
385 60 1 9 10 4 0
386 1002 4 3 16 3 0
387 668 4 2 77 5 0
390 1110 3 7 59 4 0
391 886 0 6 75 3 0
393 425 2 4 56 4 0
394 1119 3 2 45 4 0
395 1111 3 7 84 3 0
396 686 3 0 100 3 0
399 218 3 2 66 4 0
401 407 2 1 18 4 0
403 1056 1 1 33 4 0
404 181 2 5 27 5 0
410 149 2 5 7 4 0
412 709 1 5 80 3 0
414 156 1 4 71 5 0
415 289 1 6 80 4 0
416 283 2 6 81 5 0
419 56 3 9 60 4 0
420 792 4 0 70 4 0
425 329 1 5 39 5 0
428 825 4 4 57 3 0
429 532 1 8 28 4 0
430 794 0 9 77 4 0
431 710 1 6 34 5 0
432 170 3 5 40 4 0
433 106 3 4 66 3 0
434 241 1 7 94 4 0
435 903 2 3 94 4 0
436 1109 4 3 2 4 0
437 1018 1 1 18 5 0
440 682 4 9 46 3 0
441 466 3 3 24 5 0
442 370 2 7 32 4 0
443 419 0 8 94 3 0
444 334 3 9 76 4 0
445 1064 3 7 27 4 0
446 801 2 0 98 3 0
447 32 4 0 53 3 0
448 590 4 5 62 4 0
449 233 2 4 76 3 0
450 999 3 9 79 3 0
452 954 2 6 33 4 0
453 1175 2 2 69 3 0
454 855 4 1 12 4 0
455 925 1 6 82 5 0
457 346 4 5 94 3 0
458 507 4 9 45 5 0
459 143 0 4 95 5 0
460 1176 1 5 83 3 0
461 501 0 3 81 4 0
462 415 4 9 1 3 0
464 274 2 3 36 4 0
465 951 4 8 4 5 0
466 221 1 0 71 5 0
467 973 2 1 81 3 0
468 1102 3 8 29 4 0
469 167 3 1 35 3 0
471 649 2 5 78 3 0
472 317 1 5 29 5 0
473 203 2 0 57 4 0
475 556 4 0 32 5 0
477 1182 0 9 11 3 0
478 488 4 8 13 3 0
479 647 3 3 1 3 0
480 408 2 5 4 4 0
485 674 2 9 73 4 0
488 350 1 1 73 3 0
489 169 0 5 80 5 0
490 1172 3 7 53 3 0
492 963 0 1 49 4 0
493 924 0 8 1 4 0
494 251 2 9 7 5 0
495 123 3 5 43 5 0
496 376 3 8 37 5 0
498 561 3 8 88 5 0
499 763 3 2 68 4 0
503 157 3 6 27 4 0
504 318 0 1 38 3 0
505 111 1 3 91 3 0
506 471 2 8 98 5 0
507 864 4 1 90 4 0
508 645 4 2 93 3 0
510 120 1 3 76 4 0
511 207 0 0 49 4 0
513 993 2 1 81 5 0
514 371 4 2 55 4 0
516 423 3 0 25 4 0
517 579 2 9 18 5 0
518 608 2 7 81 4 0
519 636 4 5 31 5 0
522 730 1 6 70 5 0
523 948 1 9 15 3 0
524 999 0 7 69 4 0
526 1000 1 9 14 5 0
528 551 4 5 90 5 0
529 325 0 6 94 5 0
532 850 1 7 96 5 0
533 54 0 7 58 3 0
534 875 0 5 95 5 0
535 319 1 2 42 3 0
536 612 4 0 22 3 0
537 20 0 7 16 5 0
540 23 4 6 44 3 0
541 1034 2 9 45 4 0
542 624 2 1 43 5 0
543 75 0 4 30 5 0
546 136 0 4 92 5 0
548 740 0 2 7 4 0
549 601 3 8 96 5 0
550 460 3 3 8 5 0
551 581 4 4 43 3 0
552 663 3 6 73 5 0
553 491 3 8 60 3 0
554 55 2 1 92 5 0
555 1113 1 9 33 3 0
556 751 4 2 50 4 0
557 451 0 8 7 3 0
559 208 3 5 3 5 0
561 139 0 1 59 3 0
562 530 2 2 38 4 0
563 186 3 2 32 5 0
564 1081 2 9 84 3 0
566 1017 2 9 26 4 0
568 373 4 3 40 5 0
569 594 2 1 36 5 0
570 23 0 6 45 3 0
571 809 0 0 79 4 0
572 596 0 2 82 4 0
575 921 3 3 62 5 0
577 778 0 5 45 5 0
578 134 2 2 70 4 0
579 633 0 3 11 5 0
582 783 3 1 21 5 0
583 242 0 0 20 4 0
585 540 3 8 60 3 0
586 443 1 1 71 4 0
587 904 3 3 21 5 0
588 891 2 4 45 4 0
590 132 4 2 87 3 0
591 795 0 3 66 5 0
592 1030 3 3 33 4 0
594 1011 3 0 74 5 0
595 57 2 6 27 5 0
597 129 0 6 88 5 0
601 1121 2 2 67 3 0
602 457 0 7 43 4 0
604 631 1 1 67 3 0
605 348 3 9 63 3 0
607 533 2 7 12 4 0
608 1015 3 6 96 3 0
609 315 3 6 100 4 0
611 876 0 2 63 3 0
612 634 0 4 39 4 0
614 710 1 1 39 4 0
616 666 1 2 77 5 0
617 682 2 8 51 4 0
618 711 4 3 27 5 0
619 1098 4 6 32 5 0
620 578 1 2 4 3 0
621 1130 4 3 37 4 0
623 524 2 8 83 3 0
624 693 4 7 50 5 0
625 397 1 5 46 3 0
626 372 3 1 65 5 0
630 958 1 7 81 4 0
631 467 1 0 10 5 0
632 533 4 0 69 4 0
633 277 1 0 44 5 0
635 437 3 8 37 5 0
639 452 4 9 44 5 0
641 692 1 2 6 4 0
642 1076 2 7 16 4 0
644 468 4 5 83 5 0
645 536 1 7 56 5 0
646 274 4 1 95 4 0
647 863 2 4 98 4 0
648 673 4 6 44 4 0
649 1136 4 0 6 3 0
651 994 0 2 44 5 0
652 636 4 5 45 4 0
653 26 3 9 54 4 0
654 1198 1 4 82 4 0
655 323 3 6 53 3 0
657 1190 0 6 77 4 0
658 736 1 8 84 5 0
659 565 4 8 11 3 0
660 988 2 8 44 4 0
661 232 0 2 72 4 0
663 279 3 9 79 4 0
664 147 0 4 78 5 0
665 724 3 3 56 4 0
666 582 3 4 56 3 0
668 458 3 6 10 4 0
670 355 2 1 10 5 0
671 332 0 3 14 4 0
673 425 1 8 67 4 0
674 948 2 9 51 3 0
676 341 2 1 85 4 0
678 822 3 2 35 5 0
679 238 4 4 28 4 0
680 238 0 3 93 5 0
681 97 0 1 80 3 0
683 932 3 2 22 5 0
685 289 0 0 17 4 0
688 188 1 6 52 4 0
689 84 4 1 93 3 0
691 459 1 6 7 5 0
694 949 2 2 44 3 0
696 110 3 0 52 5 0
697 43 4 5 43 4 0
702 697 4 3 13 4 0
704 543 4 5 79 4 0
706 663 3 0 40 4 0
707 981 2 2 93 3 0
708 193 2 8 7 3 0
709 712 1 8 1 3 0
710 405 2 4 94 5 0
715 854 0 0 100 3 0
717 494 1 6 43 3 0
718 304 2 1 28 4 0
721 163 4 9 31 4 0
723 1100 4 5 60 5 0
725 1153 1 5 27 5 0
726 692 1 9 99 5 0
727 639 4 9 67 3 0
728 1119 0 2 100 5 0
731 1025 3 8 70 4 0
732 653 2 9 10 4 0
733 553 1 9 66 3 0
735 234 1 1 47 5 0
736 410 4 2 8 5 0
737 782 0 8 26 5 0
740 318 4 8 50 4 0
741 843 2 6 70 3 0
743 1155 1 2 37 3 0
745 639 3 9 91 4 0
746 1155 0 1 55 4 0
749 610 3 2 4 3 0
750 165 3 4 50 4 0
751 126 2 3 67 3 0
752 170 0 8 20 3 0
755 489 0 8 57 5 0
757 1195 1 5 96 3 0
758 1126 4 9 31 5 0
762 168 4 3 51 5 0
766 442 2 4 64 3 0
767 347 2 8 91 5 0
768 319 3 3 40 5 0
769 872 0 4 58 5 0
770 186 4 9 94 4 0
771 521 4 0 66 4 0
774 913 3 7 9 5 0
775 1003 1 2 13 3 0
776 887 4 1 99 5 0
777 1047 3 3 77 5 0
779 348 3 8 15 3 0
780 576 2 8 49 5 0
782 103 1 0 18 3 0
783 311 2 6 81 4 0
784 137 0 7 43 5 0
785 505 2 4 84 5 0
786 647 1 8 7 5 0
788 74 3 3 66 4 0
789 284 3 6 49 5 0
790 1157 3 3 29 4 0
791 336 2 3 85 5 0
792 747 4 1 79 3 0
793 552 4 2 9 5 0
794 718 4 6 69 4 0
796 245 2 2 53 4 0
797 505 0 7 8 3 0
798 1096 2 5 75 4 0
799 447 4 2 57 5 0
800 467 0 4 73 4 0
804 346 2 6 66 4 0
805 730 0 6 92 3 0
806 842 2 2 81 3 0
807 143 4 2 89 5 0
808 714 1 3 44 4 0
809 346 3 8 17 4 0
810 1196 2 2 72 3 0
811 555 1 7 54 3 0
812 777 2 8 69 4 0
813 1009 0 2 22 4 0
814 15 3 1 90 3 0
817 686 1 3 93 3 0
818 593 4 4 17 3 0
821 240 3 7 72 5 0
824 968 0 7 12 5 0
825 334 3 5 74 5 0
829 944 2 1 17 3 0
832 1160 3 2 46 4 0
834 1174 2 0 33 5 0
835 841 1 1 59 3 0
836 913 2 9 93 3 0
837 884 2 6 96 3 0
839 38 2 4 42 5 0
841 393 1 5 32 5 0
846 742 1 8 77 4 0
848 1109 3 8 48 5 0
852 855 3 2 22 5 0
854 595 2 9 54 3 0
855 1087 0 1 48 4 0
856 911 3 1 43 4 0
857 1110 2 1 91 4 0
858 59 3 5 47 3 0
859 658 4 2 52 3 0
860 507 4 1 25 5 0
862 956 0 8 19 5 0
863 948 1 4 7 3 0
864 1061 4 3 31 3 0
865 291 2 4 6 5 0
867 87 0 6 69 3 0
868 956 1 0 77 5 0
869 186 0 7 15 3 0
870 590 3 5 43 3 0
871 1105 3 4 70 4 0
872 970 4 1 23 4 0
874 707 4 2 2 3 0
875 863 1 1 45 3 0
876 666 3 8 30 3 0
877 3 1 4 15 3 0
878 787 1 2 58 3 0
880 918 0 9 9 4 0
883 616 2 2 14 3 0
884 662 4 1 16 4 0
885 1100 3 2 59 5 0
888 306 0 6 93 5 0
891 236 4 2 52 5 0
892 626 1 6 72 4 0
893 5 4 3 23 5 0
894 986 1 1 42 3 0
895 549 1 1 91 4 0
896 446 4 7 89 3 0
898 298 1 9 94 3 0
899 628 0 0 33 5 0
902 750 4 3 90 5 0
903 856 0 4 94 4 0
904 534 0 0 20 4 0
905 250 1 9 20 4 0
906 919 1 2 59 4 0
907 365 1 8 2 5 0
909 747 2 0 44 3 0
910 82 1 4 86 5 0
911 86 4 8 83 4 0
917 823 1 6 89 4 0
918 842 4 2 57 4 0
919 294 2 2 67 3 0
920 418 4 7 42 4 0
922 240 0 9 41 4 0
928 845 1 0 8 3 0
929 210 2 9 88 3 0
932 1101 1 7 88 3 0
933 355 1 4 2 4 0
935 1197 1 2 59 4 0
936 1063 0 4 33 3 0
938 914 4 0 8 4 0
939 78 0 3 73 3 0
940 604 2 3 48 3 0
941 431 1 6 28 3 0
942 46 2 6 4 4 0
946 614 4 8 22 5 0
949 845 0 9 63 3 0
950 1113 0 0 66 5 0
952 805 4 4 21 5 0
953 895 4 6 57 5 0
954 27 4 9 16 3 0
955 741 4 4 13 5 0
956 724 4 2 28 5 0
957 444 4 2 99 5 0
959 946 1 4 30 3 0
961 970 3 0 42 4 0
962 656 3 9 72 4 0
963 1098 3 1 14 4 0
964 1130 1 2 79 5 0
965 59 3 2 29 5 0
968 188 0 6 94 5 0
969 488 3 3 82 4 0
971 1163 4 0 13 5 0
972 663 0 4 73 3 0
974 798 0 9 91 5 0
976 219 3 3 57 5 0
977 226 3 7 78 5 0
978 1045 1 3 95 5 0
979 843 1 4 67 3 0
981 49 3 3 78 5 0
984 863 0 5 23 4 0
987 438 1 4 32 3 0
989 774 1 4 89 5 0
990 210 0 8 26 5 0
991 864 2 0 24 5 0
992 502 4 6 71 5 0
993 597 1 2 39 3 0
994 752 1 3 46 5 0
995 806 4 4 79 4 0
996 143 1 5 21 4 0
997 448 1 5 65 4 0
998 698 1 2 72 5 0
999 443 2 1 93 3 0
1000 106 2 2 32 3 0
1001 125 0 5 53 4 0
1002 1036 0 3 90 3 0
1003 1114 0 1 78 5 0
1004 1079 4 3 64 5 0
1005 397 0 5 69 3 0
1007 227 2 1 15 5 0
1008 322 2 7 21 3 0
1009 73 1 2 58 3 0
1010 1133 1 8 40 5 0
1015 88 0 8 18 4 0
1016 207 0 4 80 3 0
1017 117 4 8 91 5 0
1020 363 3 5 84 4 0
1021 547 3 0 22 3 0
1022 451 4 9 27 5 0
1023 743 1 3 59 3 0
1024 349 4 4 86 5 0
1028 164 4 4 59 5 0
1029 245 2 4 46 5 0
1030 1103 3 8 37 5 0
1031 801 0 7 11 4 0
1032 954 3 2 36 4 0
1034 1050 4 9 82 3 0
1035 232 1 5 38 4 0
1036 300 0 4 77 5 0
1037 507 2 4 33 4 0
1039 85 3 8 7 5 0
1040 1036 1 6 16 4 0
1045 1110 1 0 54 5 0
1046 314 0 9 32 5 0
1047 13 2 0 28 3 0
1048 327 3 4 84 4 0
1049 371 2 0 21 4 0
1050 952 3 0 71 4 0
1053 803 0 7 85 3 0
1055 200 4 3 8 3 0
1056 258 4 9 56 4 0
1058 1031 4 3 8 5 0
1061 154 3 4 38 4 0
1062 1034 0 9 57 3 0
1063 382 0 3 33 5 0
1065 1187 1 9 5 4 0
1066 784 0 8 8 4 0
1070 409 3 7 20 5 0
1071 360 3 8 9 4 0
1072 801 4 2 91 4 0
1073 939 2 5 77 5 0
1075 391 3 4 59 4 0
1077 582 0 0 53 4 0
1078 1038 0 5 47 5 0
1084 288 0 2 97 4 0
1085 779 3 5 89 3 0
1086 659 3 0 25 5 0
1088 1002 1 9 38 3 0
1089 587 3 2 99 3 0
1091 481 3 1 5 3 0
1092 92 4 7 79 4 0
1093 876 4 6 21 5 0
1100 772 4 8 82 4 0
1101 1031 1 2 38 4 0
1103 405 0 4 51 4 0
1105 134 3 7 66 4 0
1106 382 4 9 9 4 0
1107 757 0 0 42 5 0
1109 1053 4 0 42 4 0
1114 739 3 9 54 3 0
1115 654 2 2 8 3 0
1121 574 4 6 46 5 0
1124 477 0 9 11 5 0
1125 1021 0 7 26 4 0
1126 884 2 8 94 5 0
1127 478 1 4 37 4 0
1128 298 2 7 65 3 0
1129 317 1 8 83 3 0
1130 565 1 7 47 3 0
1131 193 1 8 68 5 0
1134 101 3 4 46 3 0
1135 529 0 9 100 5 0
1137 954 2 9 43 3 0
1138 46 0 9 2 5 0
1140 140 2 9 73 4 0
1143 11 4 6 57 4 0
1147 177 4 2 89 5 0
1148 533 2 0 20 3 0
1149 812 1 0 44 3 0
1150 596 2 8 83 5 0
1151 554 2 8 14 4 0
1152 954 3 8 58 5 0
1153 254 3 4 82 4 0
1155 301 4 8 9 5 0
1156 721 2 9 18 5 0
1160 1043 2 4 72 5 0
1161 486 1 1 86 4 0
1162 669 0 8 51 3 0
1166 1160 2 2 77 3 0
1167 111 0 6 38 4 0
1168 1122 0 9 29 5 0
1169 383 3 1 6 4 0
1170 870 4 5 60 4 0
1171 800 0 1 42 4 0
1172 69 3 4 2 5 0
1173 423 3 8 50 3 0
1174 498 0 2 25 3 0
1177 200 0 7 83 3 0
1179 488 0 1 93 4 0
1180 1160 3 7 88 3 0
1181 565 1 0 84 5 0
1182 918 1 6 65 3 0
1185 57 4 3 66 3 0
1186 166 0 6 85 4 0
1190 703 1 4 3 3 0
1191 795 2 4 28 3 0
1192 928 3 9 85 3 0
1193 1131 3 1 74 5 0
1195 27 1 0 50 5 0
1196 1098 1 6 69 3 0
1197 1148 0 1 68 5 0
1198 719 3 8 87 3 0
1199 12 0 0 39 3 0

