10

5
0 20 20 20 20 20 20 20 20 20 20
1 20 20 20 20 20 20 20 20 20 20
2 20 20 20 20 20 20 20 20 20 20
3 20 20 20 20 20 20 20 20 20 20
4 20 20 20 20 20 20 20 20 20 20

25
1200 600 100000 6 3
0 126 7 2
1 106 3 6
2 130 10 8
4 126 4 4
5 120 6 6
9 127 2 9
900 0 100000 6 0
0 112 2 2
1 112 5 5
3 119 5 3
6 139 2 1
7 117 4 4
9 136 4 1
0 600 100000 6 4
0 109 5 9
2 127 3 3
4 125 2 3
5 149 10 7
7 122 4 2
9 138 1 9
900 600 100000 6 1
0 141 6 7
1 129 9 1
2 142 3 2
3 129 9 6
4 100 2 10
6 147 2 2
1200 900 100000 6 3
0 132 1 3
1 101 9 3
3 119 3 7
4 117 2 7
5 106 4 4
8 112 4 2
300 1200 100000 6 3
1 131 1 3
2 112 5 7
4 106 5 4
6 123 10 5
7 109 2 1
8 117 1 7
900 300 100000 6 3
1 130 4 1
4 144 9 2
5 148 9 10
6 121 1 3
7 117 5 10
9 106 1 1
0 1200 100000 6 0
1 128 1 3
3 139 7 9
4 125 7 5
5 100 8 2
6 137 8 6
9 114 4 5
300 900 100000 6 1
0 122 3 2
3 147 6 1
5 148 2 8
6 115 9 3
7 118 1 3
9 143 6 6
0 300 100000 6 0
0 115 7 7
2 144 9 5
3 132 10 5
6 139 2 8
7 117 6 3
8 129 4 8
300 600 100000 6 0
0 133 4 6
1 125 4 9
2 132 5 8
4 140 3 3
5 108 5 1
8 136 2 3
900 900 100000 6 0
1 102 9 1
2 130 8 7
3 145 9 2
4 141 3 5
5 132 9 7
7 110 8 8
600 0 100000 6 1
1 112 8 7
2 129 2 5
3 140 9 2
4 113 4 5
7 113 9 5
8 127 8 2
0 900 100000 6 4
2 109 1 6
3 124 3 5
4 132 3 9
5 104 3 10
8 132 9 1
9 107 5 7
300 300 100000 6 1
1 145 1 3
3 111 2 8
6 145 10 10
7 147 5 3
8 115 5 4
9 107 2 9
0 0 100000 6 3
3 134 3 9
5 103 8 2
6 132 1 5
7 101 5 6
8 116 5 9
9 125 2 6
600 900 100000 6 2
0 126 1 1
1 138 4 7
2 134 9 8
3 105 5 8
7 144 9 5
9 121 2 8
1200 300 100000 6 4
0 111 4 3
1 114 5 1
2 107 1 4
3 127 9 10
5 124 5 10
9 121 10 9
600 300 100000 6 4
0 111 3 4
1 135 6 3
2 109 5 2
5 110 9 5
7 129 4 2
8 107 3 1
300 0 100000 6 2
0 116 1 8
2 100 6 5
4 144 8 8
5 150 5 1
8 101 1 2
9 101 9 5
600 1200 100000 6 2
0 125 1 5
1 147 1 9
4 137 2 1
6 120 2 8
7 127 2 6
9 133 1 1
900 1200 100000 6 4
0 123 9 2
1 145 9 2
3 145 2 4
5 116 10 8
7 129 8 1
9 102 8 2
1200 0 100000 6 1
0 108 6 10
2 147 10 8
3 146 6 8
4 131 1 5
8 138 2 6
9 147 4 5
1200 1200 100000 6 2
0 111 9 1
2 149 9 1
3 140 2 4
4 106 8 8
8 133 5 4
9 103 7 4
600 600 100000 6 2
1 113 4 4
3 146 8 8
4 141 6 3
5 129 9 7
6 104 1 3
7 130 4 10

1500
0 1015 3 9 40 3 0
0 349 1 4 12 4 0
2 34 1 2 7 5 0
3 58 2 7 17 3 0
4 995 0 5 5 5 0
4 106 2 4 10 5 0
5 970 1 8 80 3 0
5 449 3 7 6 5 0
5 185 1 8 49 3 0
6 339 0 0 69 5 0
9 736 4 5 50 5 0
9 111 1 1 3 5 0
9 654 4 6 71 3 0
9 975 3 2 85 3 0
10 836 2 4 33 3 0
10 544 2 5 4 3 0
10 13 1 0 55 3 0
12 512 3 5 2 4 0
13 488 4 9 3 5 0
13 146 3 0 16 4 0
14 13 1 3 62 4 0
14 771 1 6 89 4 0
14 30 2 7 48 3 0
16 108 1 7 68 5 0
16 953 3 9 9 3 0
18 1181 1 9 75 3 0
19 103 4 7 30 4 0
19 8 0 8 3 4 0
19 564 2 7 74 4 0
20 1126 2 4 69 5 0
21 343 1 8 3 5 0
21 356 3 7 4 3 0
21 269 3 3 1 3 0
22 737 1 8 94 4 0
24 270 2 0 13 4 0
25 23 0 7 30 3 0
25 318 0 6 7 4 0
26 932 2 3 82 4 0
28 547 0 4 98 4 0
28 302 0 4 96 3 0
29 1198 0 7 91 5 0
30 297 2 0 35 3 0
32 121 0 7 49 5 0
33 631 0 0 43 3 0
33 1080 2 7 19 4 0
34 683 3 0 67 4 0
34 1062 3 4 16 3 0
34 1018 3 6 78 4 0
35 605 3 1 65 4 0
36 983 3 9 49 3 0
38 633 2 9 65 4 0
39 248 4 0 92 4 0
41 1082 3 9 29 4 0
41 894 1 4 19 4 0
44 711 1 5 83 3 0
45 525 0 9 44 3 0
46 159 4 7 5 5 0
46 1035 4 6 59 3 0
46 396 3 0 74 3 0
46 1076 3 0 43 3 0
48 540 1 3 20 3 0
48 260 2 9 80 5 0
48 1083 0 6 2 4 0
49 120 4 0 94 5 0
49 1060 1 5 18 5 0
49 1184 3 7 71 3 0
50 814 0 6 15 4 0
51 584 4 8 60 5 0
53 191 1 9 19 5 0
53 411 2 3 49 4 0
53 662 1 0 60 4 0
54 893 4 5 29 3 0
55 697 0 5 41 4 0
55 1053 4 8 32 3 0
55 103 4 7 89 5 0
55 645 3 1 26 5 0
56 207 1 1 46 3 0
56 698 1 2 51 3 0
56 809 3 9 8 3 0
57 922 3 7 35 3 0
58 1136 1 4 33 4 0
58 701 0 0 12 3 0
58 587 3 1 52 5 0
59 1157 3 7 51 4 0
61 595 2 7 82 5 0
61 928 1 1 6 3 0
62 1193 4 6 31 3 0
62 603 1 8 52 3 0
63 1038 2 3 14 3 0
63 1050 3 5 44 5 0
63 199 4 1 75 3 0
64 396 3 6 13 3 0
65 285 3 6 2 3 0
68 56 0 7 23 4 0
70 465 3 2 86 5 0
70 1104 4 0 63 5 0
71 479 4 5 98 4 0
71 336 3 8 55 5 0
71 830 0 3 62 4 0
72 1116 1 6 73 5 0
75 350 0 0 88 3 0
76 122 0 6 16 5 0
78 137 2 9 56 3 0
79 1156 3 3 26 5 0
79 479 2 3 16 3 0
80 104 0 1 4 4 0
81 272 0 2 61 3 0
81 397 2 9 3 4 0
82 1045 1 8 2 5 0
82 151 2 1 84 4 0
83 594 4 3 41 5 0
84 1113 1 1 80 3 0
84 454 2 4 31 3 0
85 777 0 7 67 4 0
86 795 1 7 91 4 0
86 453 0 6 53 3 0
88 881 3 7 18 5 0
88 212 3 8 47 4 0
90 255 4 7 81 3 0
90 826 2 2 19 3 0
91 415 2 5 35 3 0
91 765 1 2 25 5 0
91 50 3 4 89 5 0
91 556 0 5 31 5 0
92 1018 3 3 84 3 0
92 85 0 0 84 4 0
93 174 3 5 87 4 0
94 253 2 7 49 3 0
94 732 1 7 14 3 0
94 830 4 9 49 4 0
96 79 3 7 10 3 0
97 269 3 8 86 4 0
98 941 1 5 67 4 0
99 1023 3 3 20 3 0
99 580 4 7 56 5 0
99 411 4 6 34 3 0
100 660 0 7 81 4 0
100 757 2 4 48 4 0
102 1029 0 4 34 4 0
102 386 1 7 12 3 0
102 134 0 8 4 4 0
102 965 1 3 23 4 0
103 781 1 5 73 4 0
103 657 3 9 56 5 0
104 1169 3 3 88 4 0
105 1016 4 6 18 5 0
105 270 2 7 94 5 0
106 111 2 7 52 4 0
107 173 2 7 58 4 0
107 576 4 0 8 5 0
108 45 2 7 65 4 0
108 767 4 5 32 4 0
110 265 2 1 51 5 0
111 1158 4 9 64 3 0
112 354 2 2 98 3 0
112 552 0 1 9 5 0
113 551 0 8 51 4 0
114 1000 1 9 53 4 0
115 124 2 9 85 5 0
115 682 3 5 59 4 0
115 875 1 3 80 3 0
116 311 4 6 49 4 0
116 218 0 2 100 5 0
117 771 3 0 55 4 0
117 1054 2 1 25 4 0
117 615 4 5 98 3 0
117 177 3 3 59 3 0
118 279 4 5 41 5 0
119 1091 0 8 28 3 0
120 154 3 6 79 3 0
122 1194 4 5 27 5 0
125 217 3 6 9 4 0
125 930 0 8 48 3 0
125 936 0 8 10 3 0
126 470 4 4 87 3 0
129 83 4 9 94 5 0
130 458 0 6 40 3 0
132 143 4 4 71 4 0
133 1155 2 6 14 3 0
135 28 0 8 45 3 0
136 906 3 5 13 3 0
136 444 2 0 58 3 0
136 791 0 9 77 5 0
138 593 4 5 74 5 0
140 994 0 1 79 4 0
140 437 0 6 38 4 0
140 799 1 2 76 5 0
143 343 1 1 33 5 0
144 144 4 0 15 3 0
144 863 2 3 77 3 0
144 869 1 5 10 4 0
145 780 1 7 58 5 0
146 808 1 1 28 3 0
148 706 1 4 2 4 0
150 806 0 4 98 4 0
150 1044 3 8 25 5 0
151 369 3 0 26 3 0
151 959 4 7 27 5 0
152 123 2 1 83 5 0
152 792 0 1 59 4 0
152 51 0 0 73 3 0
153 499 3 8 45 4 0
154 217 3 4 31 4 0
155 1013 0 0 51 4 0
158 1125 2 7 22 4 0
158 954 3 3 98 3 0
158 913 3 8 4 3 0
160 390 0 5 89 4 0
160 1151 1 7 42 3 0
161 824 4 0 87 5 0
161 3 0 7 81 4 0
162 519 3 5 11 4 0
162 1138 0 3 17 4 0
162 186 1 2 60 4 0
163 941 4 7 2 4 0
164 566 3 0 61 5 0
164 645 2 4 97 5 0
164 351 4 9 63 4 0
165 539 1 3 57 4 0
166 322 1 8 69 3 0
167 248 2 0 23 4 0
167 182 3 1 10 5 0
167 772 0 8 12 4 0
169 1153 4 7 36 4 0
170 1158 0 0 3 3 0
170 1098 0 0 23 4 0
171 1075 1 7 63 4 0
171 473 3 6 72 3 0
171 693 0 5 35 3 0
171 1012 2 3 83 4 0
172 32 4 3 33 5 0
172 1097 0 1 88 5 0
173 247 0 8 44 3 0
175 233 3 0 60 5 0
177 817 1 3 89 4 0
177 109 0 6 2 5 0
180 131 1 8 14 5 0
180 103 2 8 44 3 0
181 1046 3 2 91 5 0
183 965 3 4 74 4 0
185 1026 3 8 28 5 0
186 184 4 4 9 3 0
187 438 2 2 82 5 0
187 130 4 5 83 5 0
188 1026 0 0 11 3 0
188 283 1 6 15 5 0
189 1132 0 6 47 4 0
189 1094 2 2 43 5 0
189 423 0 0 95 5 0
190 58 4 3 40 4 0
193 247 0 4 98 3 0
195 60 1 9 10 4 0
195 1002 4 3 16 3 0
196 668 4 2 77 5 0
197 1110 3 7 59 4 0
200 886 0 6 75 3 0
200 425 2 4 56 4 0
200 1119 3 2 45 4 0
201 1111 3 7 84 3 0
202 686 3 0 100 3 0
203 218 3 2 66 4 0
204 407 2 1 18 4 0
205 1056 1 1 33 4 0
206 181 2 5 27 5 0
207 149 2 5 7 4 0
207 709 1 5 80 3 0
208 156 1 4 71 5 0
209 289 1 6 80 4 0
209 283 2 6 81 5 0
209 56 3 9 60 4 0
212 792 4 0 70 4 0
213 329 1 5 39 5 0
214 825 4 4 57 3 0
214 532 1 8 28 4 0
215 794 0 9 77 4 0
215 710 1 6 34 5 0
215 170 3 5 40 4 0
217 106 3 4 66 3 0
217 241 1 7 94 4 0
219 903 2 3 94 4 0
220 1109 4 3 2 4 0
220 1018 1 1 18 5 0
221 682 4 9 46 3 0
221 466 3 3 24 5 0
221 370 2 7 32 4 0
222 419 0 8 94 3 0
223 334 3 9 76 4 0
223 1064 3 7 27 4 0
223 801 2 0 98 3 0
223 32 4 0 53 3 0
223 590 4 5 62 4 0
224 233 2 4 76 3 0
226 999 3 9 79 3 0
226 954 2 6 33 4 0
226 1175 2 2 69 3 0
227 855 4 1 12 4 0
227 925 1 6 82 5 0
227 346 4 5 94 3 0
228 507 4 9 45 5 0
228 143 0 4 95 5 0
229 1176 1 5 83 3 0
231 501 0 3 81 4 0
232 415 4 9 1 3 0
232 274 2 3 36 4 0
233 951 4 8 4 5 0
233 221 1 0 71 5 0
234 973 2 1 81 3 0
235 1102 3 8 29 4 0
235 167 3 1 35 3 0
236 649 2 5 78 3 0
236 317 1 5 29 5 0
236 203 2 0 57 4 0
236 556 4 0 32 5 0
237 1182 0 9 11 3 0
238 488 4 8 13 3 0
238 647 3 3 1 3 0
238 408 2 5 4 4 0
239 674 2 9 73 4 0
239 350 1 1 73 3 0
240 169 0 5 80 5 0
241 1172 3 7 53 3 0
241 963 0 1 49 4 0
242 924 0 8 1 4 0
242 251 2 9 7 5 0
242 123 3 5 43 5 0
242 376 3 8 37 5 0
242 561 3 8 88 5 0
243 763 3 2 68 4 0
244 157 3 6 27 4 0
244 318 0 1 38 3 0
244 111 1 3 91 3 0
245 471 2 8 98 5 0
245 864 4 1 90 4 0
247 645 4 2 93 3 0
247 120 1 3 76 4 0
248 207 0 0 49 4 0
251 993 2 1 81 5 0
251 371 4 2 55 4 0
252 423 3 0 25 4 0
252 579 2 9 18 5 0
254 608 2 7 81 4 0
254 636 4 5 31 5 0
256 730 1 6 70 5 0
257 948 1 9 15 3 0
258 999 0 7 69 4 0
258 1000 1 9 14 5 0
259 551 4 5 90 5 0
260 325 0 6 94 5 0
261 850 1 7 96 5 0
263 54 0 7 58 3 0
264 875 0 5 95 5 0
267 319 1 2 42 3 0
267 612 4 0 22 3 0
267 20 0 7 16 5 0
268 23 4 6 44 3 0
269 1034 2 9 45 4 0
270 624 2 1 43 5 0
270 75 0 4 30 5 0
271 136 0 4 92 5 0
271 740 0 2 7 4 0
272 601 3 8 96 5 0
273 460 3 3 8 5 0
274 581 4 4 43 3 0
275 663 3 6 73 5 0
275 491 3 8 60 3 0
276 55 2 1 92 5 0
276 1113 1 9 33 3 0
276 751 4 2 50 4 0
279 451 0 8 7 3 0
279 208 3 5 3 5 0
279 139 0 1 59 3 0
280 530 2 2 38 4 0
280 186 3 2 32 5 0
280 1081 2 9 84 3 0
281 1017 2 9 26 4 0
282 373 4 3 40 5 0
283 594 2 1 36 5 0
283 23 0 6 45 3 0
284 809 0 0 79 4 0
285 596 0 2 82 4 0
286 921 3 3 62 5 0
286 778 0 5 45 5 0
286 134 2 2 70 4 0
286 633 0 3 11 5 0
287 783 3 1 21 5 0
287 242 0 0 20 4 0
289 540 3 8 60 3 0
290 443 1 1 71 4 0
290 904 3 3 21 5 0
291 891 2 4 45 4 0
293 132 4 2 87 3 0
294 795 0 3 66 5 0
294 1030 3 3 33 4 0
295 1011 3 0 74 5 0
295 57 2 6 27 5 0
296 129 0 6 88 5 0
296 1121 2 2 67 3 0
297 457 0 7 43 4 0
298 631 1 1 67 3 0
299 348 3 9 63 3 0
299 533 2 7 12 4 0
300 1015 3 6 96 3 0
301 315 3 6 100 4 0
301 876 0 2 63 3 0
301 634 0 4 39 4 0
301 710 1 1 39 4 0
301 666 1 2 77 5 0
302 682 2 8 51 4 0
303 711 4 3 27 5 0
303 1098 4 6 32 5 0
304 578 1 2 4 3 0
305 1130 4 3 37 4 0
306 524 2 8 83 3 0
307 693 4 7 50 5 0
307 397 1 5 46 3 0
309 372 3 1 65 5 0
309 958 1 7 81 4 0
310 467 1 0 10 5 0
310 533 4 0 69 4 0
310 277 1 0 44 5 0
312 437 3 8 37 5 0
312 452 4 9 44 5 0
314 692 1 2 6 4 0
315 1076 2 7 16 4 0
315 468 4 5 83 5 0
315 536 1 7 56 5 0
317 274 4 1 95 4 0
318 863 2 4 98 4 0
318 673 4 6 44 4 0
319 1136 4 0 6 3 0
321 994 0 2 44 5 0
321 636 4 5 45 4 0
322 26 3 9 54 4 0
322 1198 1 4 82 4 0
322 323 3 6 53 3 0
323 1190 0 6 77 4 0
323 736 1 8 84 5 0
323 565 4 8 11 3 0
324 988 2 8 44 4 0
326 232 0 2 72 4 0
327 279 3 9 79 4 0
328 147 0 4 78 5 0
328 724 3 3 56 4 0
328 582 3 4 56 3 0
330 458 3 6 10 4 0
332 355 2 1 10 5 0
332 332 0 3 14 4 0
333 425 1 8 67 4 0
334 948 2 9 51 3 0
335 341 2 1 85 4 0
336 822 3 2 35 5 0
338 238 4 4 28 4 0
338 238 0 3 93 5 0
338 97 0 1 80 3 0
338 932 3 2 22 5 0
338 289 0 0 17 4 0
339 188 1 6 52 4 0
340 84 4 1 93 3 0
341 459 1 6 7 5 0
342 949 2 2 44 3 0
342 110 3 0 52 5 0
344 43 4 5 43 4 0
344 697 4 3 13 4 0
344 543 4 5 79 4 0
344 663 3 0 40 4 0
345 981 2 2 93 3 0
345 193 2 8 7 3 0
346 712 1 8 1 3 0
347 405 2 4 94 5 0
347 854 0 0 100 3 0
348 494 1 6 43 3 0
348 304 2 1 28 4 0
349 163 4 9 31 4 0
351 1100 4 5 60 5 0
353 1153 1 5 27 5 0
353 692 1 9 99 5 0
353 639 4 9 67 3 0
356 1119 0 2 100 5 0
357 1025 3 8 70 4 0
357 653 2 9 10 4 0
358 553 1 9 66 3 0
359 234 1 1 47 5 0
359 410 4 2 8 5 0
359 782 0 8 26 5 0
360 318 4 8 50 4 0
362 843 2 6 70 3 0
364 1155 1 2 37 3 0
365 639 3 9 91 4 0
365 1155 0 1 55 4 0
366 610 3 2 4 3 0
367 165 3 4 50 4 0
367 126 2 3 67 3 0
368 170 0 8 20 3 0
368 489 0 8 57 5 0
369 1195 1 5 96 3 0
369 1126 4 9 31 5 0
369 168 4 3 51 5 0
370 442 2 4 64 3 0
370 347 2 8 91 5 0
370 319 3 3 40 5 0
374 872 0 4 58 5 0
376 186 4 9 94 4 0
377 521 4 0 66 4 0
377 913 3 7 9 5 0
378 1003 1 2 13 3 0
379 887 4 1 99 5 0
379 1047 3 3 77 5 0
379 348 3 8 15 3 0
379 576 2 8 49 5 0
380 103 1 0 18 3 0
381 311 2 6 81 4 0
383 137 0 7 43 5 0
383 505 2 4 84 5 0
384 647 1 8 7 5 0
384 74 3 3 66 4 0
385 284 3 6 49 5 0
386 1157 3 3 29 4 0
386 336 2 3 85 5 0
386 747 4 1 79 3 0
387 552 4 2 9 5 0
387 718 4 6 69 4 0
388 245 2 2 53 4 0
390 505 0 7 8 3 0
391 1096 2 5 75 4 0
391 447 4 2 57 5 0
393 467 0 4 73 4 0
393 346 2 6 66 4 0
394 730 0 6 92 3 0
395 842 2 2 81 3 0
395 143 4 2 89 5 0
396 714 1 3 44 4 0
396 346 3 8 17 4 0
399 1196 2 2 72 3 0
401 555 1 7 54 3 0
402 777 2 8 69 4 0
403 1009 0 2 22 4 0
404 15 3 1 90 3 0
410 686 1 3 93 3 0
412 593 4 4 17 3 0
414 240 3 7 72 5 0
414 968 0 7 12 5 0
415 334 3 5 74 5 0
415 944 2 1 17 3 0
416 1160 3 2 46 4 0
416 1174 2 0 33 5 0
419 841 1 1 59 3 0
420 913 2 9 93 3 0
425 884 2 6 96 3 0
428 38 2 4 42 5 0
428 393 1 5 32 5 0
428 742 1 8 77 4 0
428 1109 3 8 48 5 0
428 855 3 2 22 5 0
429 595 2 9 54 3 0
430 1087 0 1 48 4 0
430 911 3 1 43 4 0
431 1110 2 1 91 4 0
431 59 3 5 47 3 0
432 658 4 2 52 3 0
432 507 4 1 25 5 0
433 956 0 8 19 5 0
433 948 1 4 7 3 0
434 1061 4 3 31 3 0
434 291 2 4 6 5 0
434 87 0 6 69 3 0
435 956 1 0 77 5 0
436 186 0 7 15 3 0
437 590 3 5 43 3 0
439 1105 3 4 70 4 0
440 970 4 1 23 4 0
441 707 4 2 2 3 0
441 863 1 1 45 3 0
442 666 3 8 30 3 0
443 3 1 4 15 3 0
443 787 1 2 58 3 0
444 918 0 9 9 4 0
444 616 2 2 14 3 0
445 662 4 1 16 4 0
445 1100 3 2 59 5 0
445 306 0 6 93 5 0
446 236 4 2 52 5 0
446 626 1 6 72 4 0
447 5 4 3 23 5 0
447 986 1 1 42 3 0
448 549 1 1 91 4 0
448 446 4 7 89 3 0
448 298 1 9 94 3 0
449 628 0 0 33 5 0
450 750 4 3 90 5 0
451 856 0 4 94 4 0
452 534 0 0 20 4 0
452 250 1 9 20 4 0
453 919 1 2 59 4 0
453 365 1 8 2 5 0
454 747 2 0 44 3 0
455 82 1 4 86 5 0
457 86 4 8 83 4 0
457 823 1 6 89 4 0
458 842 4 2 57 4 0
458 294 2 2 67 3 0
459 418 4 7 42 4 0
460 240 0 9 41 4 0
461 845 1 0 8 3 0
462 210 2 9 88 3 0
464 1101 1 7 88 3 0
464 355 1 4 2 4 0
464 1197 1 2 59 4 0
464 1063 0 4 33 3 0
464 914 4 0 8 4 0
465 78 0 3 73 3 0
466 604 2 3 48 3 0
466 431 1 6 28 3 0
467 46 2 6 4 4 0
467 614 4 8 22 5 0
468 845 0 9 63 3 0
468 1113 0 0 66 5 0
469 805 4 4 21 5 0
469 895 4 6 57 5 0
469 27 4 9 16 3 0
471 741 4 4 13 5 0
472 724 4 2 28 5 0
473 444 4 2 99 5 0
473 946 1 4 30 3 0
473 970 3 0 42 4 0
475 656 3 9 72 4 0
475 1098 3 1 14 4 0
477 1130 1 2 79 5 0
477 59 3 2 29 5 0
477 188 0 6 94 5 0
478 488 3 3 82 4 0
478 1163 4 0 13 5 0
479 663 0 4 73 3 0
479 798 0 9 91 5 0
480 219 3 3 57 5 0
480 226 3 7 78 5 0
485 1045 1 3 95 5 0
485 843 1 4 67 3 0
488 49 3 3 78 5 0
489 863 0 5 23 4 0
489 438 1 4 32 3 0
490 774 1 4 89 5 0
492 210 0 8 26 5 0
493 864 2 0 24 5 0
493 502 4 6 71 5 0
493 597 1 2 39 3 0
494 752 1 3 46 5 0
494 806 4 4 79 4 0
495 143 1 5 21 4 0
495 448 1 5 65 4 0
496 698 1 2 72 5 0
498 443 2 1 93 3 0
499 106 2 2 32 3 0
503 125 0 5 53 4 0
503 1036 0 3 90 3 0
503 1114 0 1 78 5 0
504 1079 4 3 64 5 0
504 397 0 5 69 3 0
504 227 2 1 15 5 0
505 322 2 7 21 3 0
505 73 1 2 58 3 0
506 1133 1 8 40 5 0
506 88 0 8 18 4 0
507 207 0 4 80 3 0
508 117 4 8 91 5 0
510 363 3 5 84 4 0
511 547 3 0 22 3 0
513 451 4 9 27 5 0
513 743 1 3 59 3 0
513 349 4 4 86 5 0
513 164 4 4 59 5 0
514 245 2 4 46 5 0
514 1103 3 8 37 5 0
516 801 0 7 11 4 0
516 954 3 2 36 4 0
517 1050 4 9 82 3 0
517 232 1 5 38 4 0
518 300 0 4 77 5 0
518 507 2 4 33 4 0
519 85 3 8 7 5 0
519 1036 1 6 16 4 0
519 1110 1 0 54 5 0
519 314 0 9 32 5 0
522 13 2 0 28 3 0
522 327 3 4 84 4 0
523 371 2 0 21 4 0
524 952 3 0 71 4 0
526 803 0 7 85 3 0
526 200 4 3 8 3 0
526 258 4 9 56 4 0
528 1031 4 3 8 5 0
528 154 3 4 38 4 0
529 1034 0 9 57 3 0
529 382 0 3 33 5 0
530 1187 1 9 5 4 0
532 784 0 8 8 4 0
533 409 3 7 20 5 0
533 360 3 8 9 4 0
533 801 4 2 91 4 0
534 939 2 5 77 5 0
534 391 3 4 59 4 0
534 582 0 0 53 4 0
535 1038 0 5 47 5 0
536 288 0 2 97 4 0
537 779 3 5 89 3 0
537 659 3 0 25 5 0
540 1002 1 9 38 3 0
541 587 3 2 99 3 0
541 481 3 1 5 3 0
542 92 4 7 79 4 0
542 876 4 6 21 5 0
542 772 4 8 82 4 0
543 1031 1 2 38 4 0
546 405 0 4 51 4 0
547 134 3 7 66 4 0
548 382 4 9 9 4 0
548 757 0 0 42 5 0
548 1053 4 0 42 4 0
549 739 3 9 54 3 0
550 654 2 2 8 3 0
551 574 4 6 46 5 0
552 477 0 9 11 5 0
553 1021 0 7 26 4 0
554 884 2 8 94 5 0
555 478 1 4 37 4 0
556 298 2 7 65 3 0
557 317 1 8 83 3 0
558 565 1 7 47 3 0
559 193 1 8 68 5 0
559 101 3 4 46 3 0
559 529 0 9 100 5 0
559 954 2 9 43 3 0
559 46 0 9 2 5 0
561 140 2 9 73 4 0
561 11 4 6 57 4 0
561 177 4 2 89 5 0
562 533 2 0 20 3 0
562 812 1 0 44 3 0
562 596 2 8 83 5 0
563 554 2 8 14 4 0
564 954 3 8 58 5 0
564 254 3 4 82 4 0
565 301 4 8 9 5 0
566 721 2 9 18 5 0
568 1043 2 4 72 5 0
569 486 1 1 86 4 0
569 669 0 8 51 3 0
569 1160 2 2 77 3 0
570 111 0 6 38 4 0
570 1122 0 9 29 5 0
571 383 3 1 6 4 0
572 870 4 5 60 4 0
572 800 0 1 42 4 0
575 69 3 4 2 5 0
575 423 3 8 50 3 0
575 498 0 2 25 3 0
577 200 0 7 83 3 0
577 488 0 1 93 4 0
577 1160 3 7 88 3 0
578 565 1 0 84 5 0
578 918 1 6 65 3 0
579 57 4 3 66 3 0
579 166 0 6 85 4 0
579 703 1 4 3 3 0
582 795 2 4 28 3 0
582 928 3 9 85 3 0
583 1131 3 1 74 5 0
583 27 1 0 50 5 0
583 1098 1 6 69 3 0
585 1148 0 1 68 5 0
586 719 3 8 87 3 0
586 12 0 0 39 3 0
586 1049 2 5 91 4 0
587 35 2 2 74 3 0
587 970 1 5 70 3 0
587 533 0 2 49 5 0
587 653 4 0 94 3 0
587 1181 1 4 14 4 0
587 1079 3 5 28 4 0
587 705 1 8 22 5 0
588 21 4 2 91 3 0
588 603 2 6 68 3 0
590 172 3 3 94 5 0
590 1125 3 8 48 4 0
591 535 0 4 57 3 0
591 1100 1 5 46 4 0
592 278 0 4 32 4 0
594 695 4 7 96 5 0
594 271 4 9 93 4 0
595 321 3 5 32 5 0
597 536 3 4 89 4 0
601 1024 2 2 84 5 0
602 611 3 2 7 4 0
603 1052 0 7 68 5 0
604 135 1 9 2 3 0
604 1043 2 8 29 5 0
605 507 0 3 50 3 0
605 923 4 4 33 3 0
607 627 3 6 50 4 0
607 790 2 8 91 3 0
608 1044 2 4 40 5 0
609 44 4 7 15 4 0
609 1148 4 0 60 5 0
609 702 3 5 53 4 0
611 1044 2 7 15 4 0
611 60 4 2 94 5 0
611 81 2 6 92 5 0
612 1083 1 6 68 5 0
614 956 3 0 75 3 0
614 991 0 2 95 4 0
614 75 3 7 67 5 0
616 1066 2 4 58 4 0
616 62 0 7 96 5 0
617 567 4 8 14 3 0
617 152 0 5 50 4 0
618 1042 4 3 18 4 0
618 1186 3 3 61 4 0
619 595 4 4 18 5 0
620 733 4 3 38 4 0
621 401 4 0 94 3 0
621 559 3 8 70 5 0
623 126 0 3 19 4 0
624 51 3 4 74 3 0
625 1069 0 9 26 4 0
625 3 0 7 57 5 0
625 679 3 8 40 5 0
625 1052 1 0 13 5 0
625 695 3 0 23 3 0
626 479 0 4 23 5 0
626 299 3 0 33 3 0
626 337 4 1 42 3 0
626 238 1 7 44 3 0
630 1146 3 7 41 3 0
630 289 2 2 65 3 0
631 840 1 2 89 3 0
632 909 0 8 24 5 0
632 933 2 0 8 5 0
633 60 4 2 57 3 0
633 741 2 6 74 5 0
635 7 4 4 93 4 0
639 646 1 9 84 3 0
639 1010 0 6 53 3 0
639 654 0 7 40 3 0
641 349 1 8 39 4 0
641 1021 3 1 8 4 0
642 377 4 0 66 5 0
642 703 3 2 1 4 0
644 958 0 9 44 5 0
645 544 4 5 74 4 0
645 409 3 5 84 5 0
646 859 2 3 13 3 0
647 1029 1 8 9 3 0
647 362 3 4 57 3 0
648 5 0 2 70 3 0
649 881 2 1 81 3 0
649 186 1 3 21 5 0
649 179 1 5 31 5 0
651 741 0 9 42 5 0
651 519 3 4 38 3 0
652 843 2 1 39 5 0
652 1132 1 8 72 5 0
652 1126 3 8 27 5 0
653 996 1 1 61 5 0
653 1164 4 0 14 5 0
653 123 1 9 11 3 0
654 588 0 3 54 5 0
654 713 3 3 63 4 0
655 886 1 4 89 5 0
657 1097 0 3 83 4 0
657 1189 3 2 76 5 0
658 1049 4 1 90 3 0
658 307 1 1 5 3 0
658 615 4 6 50 4 0
659 321 2 9 66 5 0
660 417 3 1 1 4 0
660 609 3 6 8 5 0
661 153 3 4 55 3 0
663 226 4 8 4 5 0
664 422 1 5 80 3 0
664 821 0 0 10 4 0
665 464 1 1 81 4 0
666 666 2 7 20 3 0
668 71 2 3 42 4 0
670 107 2 2 54 4 0
670 84 0 1 28 5 0
670 977 1 9 36 5 0
670 32 1 9 19 5 0
670 981 3 0 56 5 0
671 1033 1 3 50 4 0
671 102 0 7 46 4 0
673 672 3 2 67 5 0
673 294 3 2 38 3 0
674 388 1 7 61 5 0
676 78 1 2 11 4 0
676 258 3 9 16 3 0
676 1193 0 1 66 5 0
678 1146 0 6 1 3 0
678 649 1 6 49 3 0
678 1110 3 6 8 4 0
679 242 3 3 43 3 0
680 358 2 5 89 4 0
680 298 0 8 65 5 0
681 923 4 2 55 5 0
681 1184 2 3 59 4 0
683 1127 0 7 90 3 0
685 11 0 8 20 4 0
685 867 4 9 42 5 0
687 549 0 8 69 3 0
688 248 4 1 59 4 0
689 994 3 9 2 5 0
691 882 0 9 95 3 0
694 1103 0 1 94 5 0
694 94 2 1 76 3 0
694 436 0 3 98 5 0
694 631 4 2 52 5 0
696 733 2 6 20 5 0
696 814 1 2 100 5 0
697 853 2 2 61 4 0
699 622 1 7 31 5 0
702 722 1 9 55 3 0
702 414 3 3 28 3 0
702 2 1 7 63 5 0
704 570 2 7 3 5 0
706 551 0 0 14 5 0
707 847 2 7 82 5 0
707 43 4 1 31 3 0
708 345 3 8 95 3 0
709 528 2 4 48 5 0
709 353 1 8 82 3 0
709 719 1 8 12 4 0
710 996 4 4 40 4 0
710 1142 2 5 70 5 0
710 1187 4 4 58 3 0
715 490 0 9 69 5 0
715 74 1 7 6 5 0
715 41 3 2 65 3 0
715 261 3 8 84 4 0
717 683 1 7 55 4 0
717 183 2 1 89 5 0
718 692 1 2 93 3 0
721 701 1 9 80 4 0
723 257 3 6 42 3 0
723 65 0 3 17 3 0
725 443 4 8 30 5 0
725 902 4 7 68 5 0
725 529 2 1 25 3 0
725 879 4 2 92 4 0
726 295 4 7 16 4 0
727 139 4 6 30 5 0
727 659 3 7 12 4 0
728 1144 4 1 94 3 0
728 661 0 8 95 3 0
731 472 2 3 39 3 0
732 202 0 5 29 5 0
733 846 1 9 65 4 0
733 1068 1 0 43 3 0
735 17 0 6 33 4 0
735 229 0 0 68 3 0
736 42 0 1 52 5 0
737 11 4 3 3 5 0
737 289 2 1 2 5 0
737 339 2 4 96 3 0
740 151 0 8 1 4 0
740 62 1 0 48 5 0
740 1162 4 1 77 5 0
741 187 4 9 96 4 0
743 760 4 0 15 5 0
745 893 4 9 85 5 0
746 1194 2 0 92 3 0
747 175 0 3 9 4 0
749 809 4 6 32 4 0
750 725 4 5 90 4 0
750 1195 3 4 10 3 0
750 556 3 3 17 4 0
751 31 0 2 83 4 0
752 607 4 7 13 3 0
752 189 0 8 28 3 0
754 727 3 9 16 5 0
755 96 4 7 16 3 0
757 413 3 8 85 3 0
757 236 4 3 28 5 0
758 1038 0 1 87 5 0
758 1175 2 0 22 5 0
758 1120 3 0 13 5 0
762 235 4 7 63 5 0
762 914 0 8 41 3 0
766 890 2 2 3 5 0
766 599 3 9 52 3 0
766 1114 1 9 85 3 0
767 976 0 3 57 5 0
768 535 3 3 51 4 0
768 579 3 5 79 5 0
769 310 0 9 87 4 0
770 906 3 3 32 5 0
770 956 0 5 33 3 0
771 997 1 4 86 3 0
771 170 4 9 44 4 0
773 156 2 0 50 5 0
774 1140 2 1 96 5 0
775 143 4 4 99 4 0
776 1103 0 6 29 5 0
777 187 3 7 96 3 0
777 116 3 3 72 5 0
778 1132 3 5 49 3 0
779 27 4 6 37 3 0
780 168 1 0 85 5 0
782 516 3 0 29 3 0
783 891 2 1 18 5 0
784 472 1 1 86 4 0
785 390 4 9 33 3 0
786 659 3 1 55 3 0
788 486 1 1 25 3 0
789 961 4 8 41 4 0
790 829 4 2 85 4 0
791 110 2 6 89 3 0
791 721 3 8 12 5 0
792 888 4 6 66 5 0
793 150 3 7 80 5 0
793 152 4 6 47 3 0
794 1122 2 4 51 5 0
794 735 1 8 82 3 0
796 1062 2 5 56 4 0
796 1162 1 6 26 5 0
796 244 4 7 92 4 0
797 825 4 2 27 3 0
797 69 3 0 5 4 0
797 1174 0 3 10 4 0
798 669 0 2 65 4 0
799 416 2 0 61 5 0
800 1015 2 8 6 5 0
800 146 1 5 29 5 0
800 84 2 2 93 5 0
800 445 0 7 11 3 0
804 935 4 4 85 4 0
805 629 4 1 31 4 0
805 541 1 1 54 4 0
806 78 0 1 65 4 0
807 661 3 5 55 3 0
807 1022 3 9 17 3 0
807 474 0 8 57 3 0
807 325 4 7 30 3 0
808 148 3 1 97 3 0
809 215 1 2 78 5 0
810 87 2 1 29 5 0
811 1085 2 6 72 4 0
811 852 3 7 10 4 0
811 1117 4 9 15 3 0
812 260 3 0 36 5 0
812 849 4 7 92 5 0
813 117 4 3 31 3 0
814 177 3 9 31 4 0
814 700 4 8 23 3 0
817 836 0 9 99 4 0
817 543 3 1 61 3 0
818 490 2 3 61 3 0
818 624 4 3 4 4 0
821 429 4 1 61 4 0
823 961 0 3 39 3 0
824 238 0 0 78 4 0
825 809 1 9 29 5 0
829 998 4 9 71 3 0
832 1019 0 6 19 3 0
834 892 0 0 35 4 0
834 975 3 5 19 4 0
835 363 2 2 94 5 0
836 947 1 5 56 4 0
836 1195 0 3 24 3 0
837 105 1 0 52 4 0
839 263 3 8 94 5 0
839 587 4 7 54 5 0
841 408 2 8 76 3 0
845 795 1 3 12 3 0
846 173 2 2 1 5 0
848 1054 0 9 83 4 0
852 886 2 7 84 5 0
852 663 2 1 85 4 0
853 463 0 5 83 4 0
854 864 3 3 73 3 0
854 306 3 0 97 4 0
855 112 0 6 61 5 0
856 114 2 8 11 3 0
856 863 2 8 73 5 0
857 832 1 5 63 3 0
857 748 4 7 26 3 0
857 506 4 8 24 5 0
857 958 4 5 60 3 0
858 44 4 8 55 5 0
858 263 3 6 70 3 0
858 799 0 2 31 5 0
858 194 1 2 97 4 0
858 992 4 0 73 3 0
859 421 2 8 68 3 0
860 77 3 5 38 5 0
861 94 3 7 4 5 0
862 1007 3 9 23 3 0
862 884 3 1 30 4 0
863 287 4 3 22 3 0
864 678 2 6 89 3 0
865 810 2 8 77 3 0
865 511 3 3 70 5 0
867 584 4 0 76 5 0
868 740 3 7 100 4 0
868 759 1 8 12 3 0
868 1007 2 4 27 4 0
869 159 1 5 92 5 0
870 1197 0 7 96 3 0
870 22 4 8 95 5 0
870 779 3 4 41 3 0
870 493 1 5 33 3 0
871 860 4 0 51 3 0
872 323 0 3 94 5 0
874 407 3 1 95 3 0
874 854 4 4 25 4 0
874 465 1 2 97 3 0
875 209 1 2 11 3 0
876 356 0 6 91 3 0
876 523 3 9 54 3 0
877 291 2 5 17 3 0
878 1078 3 8 77 5 0
878 960 2 7 84 4 0
878 1179 4 1 88 3 0
879 415 3 8 64 5 0
880 505 1 1 99 3 0
880 599 1 5 49 3 0
883 337 0 5 59 4 0
883 263 0 1 82 4 0
884 621 1 1 61 5 0
884 147 4 0 47 5 0
885 1041 4 6 66 3 0
888 942 0 8 94 4 0
888 163 4 3 69 4 0
891 1037 2 6 18 5 0
892 615 2 9 38 3 0
892 830 4 0 84 3 0
892 845 2 4 69 5 0
893 479 1 8 25 3 0
894 1087 2 8 26 3 0
894 883 2 7 99 4 0
895 889 0 7 2 5 0
896 1156 0 9 23 5 0
898 809 3 9 1 4 0
898 831 0 2 28 4 0
899 935 4 4 78 3 0
899 120 2 7 1 4 0
899 3 4 0 3 3 0
899 180 1 4 100 3 0
902 575 2 5 12 5 0
902 859 2 9 31 4 0
902 962 4 1 61 4 0
903 851 3 5 24 3 0
903 46 4 4 29 4 0
904 1198 2 8 31 3 0
905 1165 4 4 3 4 0
905 1034 4 8 29 5 0
906 1199 2 2 87 3 0
907 635 0 3 14 5 0
907 1199 4 6 26 4 0
908 242 0 9 60 3 0
909 180 4 5 61 4 0
909 962 2 9 4 5 0
910 157 2 4 74 4 0
910 942 1 6 29 4 0
911 860 1 7 61 4 0
911 398 1 0 48 3 0
917 793 0 3 62 3 0
917 472 4 6 35 3 0
917 775 4 0 9 5 0
918 956 4 1 84 4 0
919 770 3 6 37 4 0
919 718 2 0 69 3 0
920 182 2 0 49 4 0
922 704 4 4 6 4 0
922 569 3 4 59 4 0
928 1173 3 2 63 5 0
929 803 2 5 15 5 0
932 89 0 1 22 3 0
932 693 2 9 35 5 0
932 205 0 0 16 3 0
933 1110 1 2 72 4 0
935 444 4 6 14 3 0
936 1084 2 6 50 5 0
936 1177 3 2 18 3 0
938 1163 1 3 93 5 0
938 1022 3 0 44 4 0
938 936 4 8 44 4 0
939 229 0 0 23 4 0
940 1059 4 1 92 5 0
941 392 4 2 16 4 0
941 747 1 1 73 5 0
941 285 1 3 39 4 0
942 1 0 0 72 4 0
942 356 3 8 20 4 0
943 815 4 9 81 3 0
946 935 4 3 75 4 0
947 449 0 1 63 3 0
949 447 3 6 30 3 0
949 388 1 0 97 3 0
950 246 2 7 89 3 0
950 11 3 3 75 4 0
952 69 2 1 88 5 0
952 826 2 2 76 5 0
953 962 3 5 69 3 0
953 586 4 9 63 3 0
954 685 3 7 57 5 0
955 904 2 8 35 5 0
955 128 3 0 69 4 0
956 399 1 4 70 3 0
956 1161 2 6 43 3 0
956 1024 4 9 78 4 0
957 1052 3 6 13 3 0
957 593 0 3 52 5 0
957 1020 4 0 82 3 0
959 4 2 0 5 3 0
959 1130 0 6 59 3 0
959 72 0 1 18 5 0
960 1168 2 3 52 5 0
961 528 1 7 82 3 0
961 854 1 4 63 5 0
962 807 4 7 53 5 0
962 243 2 5 2 5 0
962 429 2 2 40 5 0
962 380 1 2 1 3 0
963 543 1 9 48 3 0
964 298 3 5 3 3 0
964 1044 1 9 16 3 0
965 566 3 3 61 4 0
965 602 3 9 50 3 0
965 588 1 6 88 5 0
965 307 1 2 27 4 0
966 1093 0 6 66 3 0
968 134 0 2 41 4 0
968 890 3 3 99 5 0
969 60 2 2 89 3 0
969 407 0 2 8 4 0
971 796 0 5 77 3 0
972 470 1 9 83 5 0
974 131 3 2 8 3 0
976 770 3 0 50 5 0
976 1136 3 7 36 5 0
977 964 3 6 27 4 0
977 570 2 1 34 3 0
977 285 3 9 87 4 0
978 469 2 2 12 5 0
979 595 2 4 5 4 0
981 79 2 2 24 5 0
984 373 4 1 94 4 0
987 541 1 0 15 4 0
987 918 4 6 29 5 0
987 280 0 4 4 5 0
987 548 0 0 6 4 0
989 265 4 6 72 5 0
990 823 0 6 16 5 0
991 398 4 6 70 4 0
991 2 4 0 33 3 0
992 872 3 8 4 3 0
992 1104 4 3 42 3 0
992 543 3 0 65 3 0
993 967 1 6 43 5 0
993 568 2 7 44 4 0
994 454 3 5 6 3 0
994 614 4 3 57 4 0
995 513 0 5 2 4 0
996 256 1 9 99 5 0
997 44 3 9 97 4 0
997 886 1 2 100 4 0
998 57 0 8 95 4 0
998 555 0 4 30 3 0
999 960 1 3 10 5 0
1000 858 2 2 8 5 0
1001 846 2 1 15 3 0
1002 423 1 0 66 3 0
1002 859 0 5 84 3 0
1002 568 0 9 23 5 0
1003 820 2 1 78 5 0
1004 711 0 8 88 4 0
1005 1000 2 9 56 4 0
1007 1144 3 7 86 5 0
1008 379 0 5 10 3 0
1008 49 0 1 87 5 0
1009 1076 1 5 83 4 0
1009 543 2 8 68 5 0
1009 834 1 7 77 3 0
1010 78 4 6 79 3 0
1015 893 1 0 19 4 0
1016 94 2 7 1 3 0
1016 429 4 2 37 5 0
1016 830 2 2 92 5 0
1016 476 2 5 16 4 0
1017 721 2 6 45 4 0
1020 550 1 0 56 4 0
1021 585 3 1 11 3 0
1021 604 3 2 37 4 0
1021 1092 3 8 29 4 0
1022 383 3 1 91 5 0
1022 182 2 5 64 3 0
1022 195 1 4 88 3 0
1023 448 0 5 58 3 0
1023 193 2 5 9 3 0
1024 715 1 3 40 5 0
1024 250 1 9 64 3 0
1024 1073 0 1 94 3 0
1028 974 1 4 3 3 0
1028 933 3 8 20 3 0
1029 1033 1 9 77 4 0
1030 348 1 4 12 3 0
1030 58 1 0 87 5 0
1030 424 0 8 19 3 0
1031 479 1 0 79 3 0
1032 954 3 5 12 5 0
1032 575 4 5 36 5 0
1032 101 0 3 87 5 0
1034 815 3 8 54 3 0
1034 747 1 5 37 4 0
1034 458 3 0 69 4 0
1034 57 2 3 61 4 0
1035 70 1 5 79 5 0
1035 369 0 4 2 5 0
1035 852 1 3 23 3 0
1036 879 2 4 11 5 0
1037 1137 4 7 89 3 0
1039 770 1 1 23 3 0
1040 436 0 1 5 5 0
1045 955 1 7 70 4 0
1045 898 3 9 64 3 0
1046 249 0 8 57 4 0
1046 196 4 3 35 4 0
1046 431 1 1 66 5 0
1047 239 2 3 14 3 0
1048 116 3 4 42 3 0
1048 623 0 9 55 5 0
1049 88 0 3 58 5 0
1049 286 3 7 97 3 0
1049 1108 1 6 24 3 0
1050 589 3 1 33 5 0
1053 192 4 0 91 3 0
1053 772 1 7 2 5 0
1055 963 4 8 98 5 0
1055 1051 2 8 98 3 0
1055 358 0 1 25 3 0
1056 1145 1 7 81 3 0
1056 536 0 1 16 5 0
1058 359 4 0 84 4 0
1058 731 0 8 34 3 0
1061 647 3 6 39 4 0
1062 676 2 2 30 4 0
1063 809 2 9 75 4 0
1063 714 0 6 87 5 0
1065 379 4 9 99 3 0
1065 180 3 9 46 4 0
1066 640 4 0 22 5 0
1070 1185 0 3 28 4 0
1070 587 0 4 50 3 0
1070 371 0 4 38 5 0
1070 946 0 3 77 5 0
1071 679 4 4 66 5 0
1072 324 4 8 8 3 0
1072 422 3 9 46 4 0
1072 1189 0 0 24 4 0
1072 276 2 6 90 5 0
1072 818 4 6 9 5 0
1072 159 2 8 75 3 0
1072 831 2 1 48 5 0
1073 1047 2 3 54 3 0
1075 819 2 5 76 4 0
1075 470 3 8 90 5 0
1077 241 0 0 29 4 0
1078 341 0 9 24 4 0
1079 269 0 1 46 5 0
1084 965 4 0 52 3 0
1085 1185 1 7 4 5 0
1085 633 1 3 73 4 0
1086 288 0 6 91 4 0
1088 899 1 4 5 4 0
1088 452 2 7 95 3 0
1089 328 0 6 88 5 0
1091 426 2 1 24 3 0
1091 1051 2 1 15 4 0
1092 670 1 5 28 5 0
1093 62 4 6 69 3 0
1093 819 0 0 84 3 0
1100 549 4 1 21 5 0
1101 815 1 1 76 3 0
1101 1146 3 6 29 3 0
1103 608 0 5 71 5 0
1105 404 3 8 75 3 0
1106 497 3 5 86 4 0
1106 1182 1 5 62 5 0
1106 1061 2 2 36 3 0
1106 428 4 4 35 5 0
1107 636 1 6 64 3 0
1109 1028 3 3 22 4 0
1109 839 2 2 47 3 0
1114 196 3 9 32 3 0
1114 1106 1 9 86 3 0
1115 948 3 7 85 3 0
1115 140 2 8 83 4 0
1115 1119 4 7 53 4 0
1115 389 2 9 54 3 0
1116 734 2 7 74 3 0
1117 547 4 8 60 3 0
1121 490 3 8 1 4 0
1122 172 2 7 72 5 0
1124 265 4 8 91 4 0
1124 5 4 6 56 5 0
1125 717 3 1 43 3 0
1126 268 3 7 7 3 0
1127 5 2 9 86 5 0
1127 902 2 6 69 5 0
1127 431 2 6 60 5 0
1128 689 3 8 65 3 0
1128 466 0 3 31 5 0
1128 478 4 1 55 3 0
1129 808 3 6 35 3 0
1129 962 1 9 31 3 0
1130 1057 2 2 62 4 0
1130 526 3 8 84 3 0
1130 594 2 0 81 3 0
1131 1101 1 7 78 3 0
1134 661 3 9 28 5 0
1135 497 3 8 24 4 0
1135 674 4 7 33 4 0
1137 846 0 6 15 4 0
1137 525 1 2 2 4 0
1138 666 1 1 78 3 0
1140 810 0 4 70 5 0
1140 1133 3 7 31 4 0
1140 55 3 8 18 4 0
1143 180 4 9 67 5 0
1143 481 3 9 35 5 0
1147 404 0 9 6 3 0
1147 970 4 1 99 5 0
1148 1006 2 2 83 4 0
1149 797 4 6 66 4 0
1149 344 2 8 9 5 0
1150 314 1 9 6 4 0
1150 636 4 4 22 4 0
1150 41 3 3 95 4 0
1150 567 3 6 42 4 0
1151 1023 4 8 34 5 0
1151 41 4 2 37 5 0
1151 117 2 2 11 3 0
1151 562 2 1 7 5 0
1152 666 1 3 87 3 0
1153 583 4 3 22 4 0
1155 323 0 1 35 4 0
1156 750 1 4 24 5 0
1160 724 0 0 40 5 0
1161 1133 2 5 74 3 0
1162 311 2 9 89 4 0
1166 84 1 8 78 3 0
1167 470 1 7 64 4 0
1168 954 4 9 1 3 0
1168 51 2 2 35 5 0
1169 491 3 4 42 3 0
1169 614 3 6 81 5 0
1169 624 3 0 76 3 0
1169 722 0 6 16 5 0
1169 190 2 2 6 4 0
1170 1041 0 5 54 4 0
1171 947 4 2 63 3 0
1172 471 2 3 11 4 0
1173 501 4 2 56 3 0
1173 506 0 5 36 3 0
1173 1045 1 6 72 5 0
1174 426 1 2 55 5 0
1177 655 3 5 25 4 0
1177 542 0 6 46 4 0
1177 1136 2 4 84 5 0
1179 290 2 0 61 3 0
1180 143 1 2 9 5 0
1180 9 2 6 41 3 0
1181 913 0 6 13 3 0
1181 325 4 7 18 5 0
1181 462 0 3 30 4 0
1181 207 0 3 75 5 0
1182 1083 0 5 86 5 0
1185 744 1 1 5 4 0
1185 1010 2 8 39 3 0
1186 1017 2 4 82 3 0
1188 318 2 5 9 3 0
1190 157 3 0 74 4 0
1190 635 2 6 13 4 0
1191 767 3 6 17 3 0
1191 73 3 2 59 3 0
1192 442 2 5 83 3 0
1192 801 4 4 4 5 0
1192 965 4 9 3 4 0
1193 80 3 1 87 3 0
1193 344 3 5 29 4 0
1193 104 3 1 81 5 0
1193 127 3 9 6 4 0
1193 69 2 8 59 4 0
1195 496 1 2 64 4 0
1195 230 1 5 1 3 0
1195 284 4 5 47 4 0
1196 641 2 5 11 4 0
1197 664 0 6 88 5 0
1198 314 3 9 53 3 0
1198 371 3 9 34 3 0
1198 1039 3 6 71 4 0
1199 1133 1 1 22 3 0

