10

5
0 20 20 20 20 20 20 20 20 20 20
1 20 20 20 20 20 20 20 20 20 20
2 20 20 20 20 20 20 20 20 20 20
3 20 20 20 20 20 20 20 20 20 20
4 20 20 20 20 20 20 20 20 20 20

25
900 600 100000 6 2
0 126 7 2
1 106 3 6
2 130 10 8
4 126 4 4
5 120 6 6
9 127 2 9
600 300 100000 6 2
0 112 2 2
1 112 5 5
3 119 5 3
6 139 2 1
7 117 4 4
9 136 4 1
300 600 100000 6 3
0 109 5 9
2 127 3 3
4 125 2 3
5 149 10 7
7 122 4 2
9 138 1 9
300 1200 100000 6 4
0 141 6 7
1 129 9 1
2 142 3 2
3 129 9 6
4 100 2 10
6 147 2 2
0 0 100000 6 0
0 132 1 3
1 101 9 3
3 119 3 7
4 117 2 7
5 106 4 4
8 112 4 2
900 300 100000 6 1
1 131 1 3
2 112 5 7
4 106 5 4
6 123 10 5
7 109 2 1
8 117 1 7
0 1200 100000 6 4
1 130 4 1
4 144 9 2
5 148 9 10
6 121 1 3
7 117 5 10
9 106 1 1
600 0 100000 6 1
1 128 1 3
3 139 7 9
4 125 7 5
5 100 8 2
6 137 8 6
9 114 4 5
0 900 100000 6 4
0 122 3 2
3 147 6 1
5 148 2 8
6 115 9 3
7 118 1 3
9 143 6 6
0 300 100000 6 3
0 115 7 7
2 144 9 5
3 132 10 5
6 139 2 8
7 117 6 3
8 129 4 8
0 600 100000 6 1
0 133 4 6
1 125 4 9
2 132 5 8
4 140 3 3
5 108 5 1
8 136 2 3
1200 300 100000 6 2
1 102 9 1
2 130 8 7
3 145 9 2
4 141 3 5
5 132 9 7
7 110 8 8
600 900 100000 6 2
1 112 8 7
2 129 2 5
3 140 9 2
4 113 4 5
7 113 9 5
8 127 8 2
1200 1200 100000 6 3
2 109 1 6
3 124 3 5
4 132 3 9
5 104 3 10
8 132 9 1
9 107 5 7
900 1200 100000 6 1
1 145 1 3
3 111 2 8
6 145 10 10
7 147 5 3
8 115 5 4
9 107 2 9
600 1200 100000 6 0
3 134 3 9
5 103 8 2
6 132 1 5
7 101 5 6
8 116 5 9
9 125 2 6
900 900 100000 6 2
0 126 1 1
1 138 4 7
2 134 9 8
3 105 5 8
7 144 9 5
9 121 2 8
300 300 100000 6 0
0 111 4 3
1 114 5 1
2 107 1 4
3 127 9 10
5 124 5 10
9 121 10 9
1200 900 100000 6 3
0 111 3 4
1 135 6 3
2 109 5 2
5 110 9 5
7 129 4 2
8 107 3 1
900 0 100000 6 4
0 116 1 8
2 100 6 5
4 144 8 8
5 150 5 1
8 101 1 2
9 101 9 5
1200 0 100000 6 0
0 125 1 5
1 147 1 9
4 137 2 1
6 120 2 8
7 127 2 6
9 133 1 1
300 900 100000 6 3
0 123 9 2
1 145 9 2
3 145 2 4
5 116 10 8
7 129 8 1
9 102 8 2
600 600 100000 6 4
0 108 6 10
2 147 10 8
3 146 6 8
4 131 1 5
8 138 2 6
9 147 4 5
1200 600 100000 6 1
0 111 9 1
2 149 9 1
3 140 2 4
4 106 8 8
8 133 5 4
9 103 7 4
300 0 100000 6 0
1 113 4 4
3 146 8 8
4 141 6 3
5 129 9 7
6 104 1 3
7 130 4 10

600
0 56 1 0 66 5 0
3 58 2 0 31 3 0
4 572 0 4 15 3 0
5 170 4 2 62 5 0
9 455 4 6 62 3 0
10 965 4 1 73 3 0
12 448 1 3 91 3 0
13 75 4 8 49 3 0
14 992 2 8 25 4 0
16 981 3 1 46 4 0
19 383 0 8 87 5 0
21 858 2 5 85 4 0
22 510 3 5 54 3 0
24 100 4 8 45 3 0
25 117 2 1 65 5 0
26 46 2 9 16 5 0
28 932 0 5 64 4 0
32 938 2 9 71 5 0
34 651 3 4 65 4 0
36 940 4 3 79 5 0
39 583 0 1 96 3 0
44 984 3 8 60 4 0
45 282 4 0 68 4 0
46 5 0 1 80 4 0
48 766 3 5 40 3 0
49 227 3 9 20 3 0
51 370 3 7 53 4 0
54 158 2 3 90 5 0
55 41 1 2 98 3 0
56 1008 0 8 39 4 0
57 171 0 5 1 5 0
58 187 1 2 77 3 0
59 1174 3 6 62 3 0
61 1022 3 7 88 3 0
62 241 0 7 54 5 0
63 504 3 8 63 4 0
64 236 4 2 97 3 0
65 295 3 3 92 5 0
70 903 0 4 64 3 0
71 464 0 5 87 3 0
72 1173 4 7 42 3 0
76 53 1 2 97 3 0
79 892 1 8 20 5 0
80 639 0 0 77 3 0
81 130 2 2 36 3 0
82 223 4 1 36 3 0
83 338 3 0 85 4 0
84 907 1 2 10 3 0
86 1093 1 8 56 3 0
88 434 4 4 45 5 0
90 1072 0 0 92 3 0
91 737 4 2 46 5 0
92 614 2 2 34 5 0
93 467 1 2 81 5 0
96 994 1 6 89 5 0
97 1084 2 0 92 3 0
98 1115 4 6 46 4 0
99 679 1 3 18 5 0
102 115 1 4 37 3 0
103 370 3 9 37 4 0
105 836 1 1 46 4 0
106 2 0 2 19 4 0
107 359 4 7 26 4 0
108 215 0 6 15 4 0
111 904 3 1 91 4 0
112 415 3 9 42 5 0
114 252 4 6 8 3 0
116 892 1 6 75 5 0
118 562 4 6 6 4 0
120 540 0 5 92 4 0
122 524 0 8 53 4 0
125 338 3 7 6 3 0
126 789 3 0 67 3 0
129 33 0 8 54 3 0
132 642 1 3 50 3 0
136 758 0 9 74 4 0
138 922 3 7 35 3 0
140 587 3 3 35 3 0
143 1085 2 5 55 5 0
144 357 4 7 9 5 0
148 996 0 3 15 4 0
151 5 4 4 80 5 0
152 9 0 9 66 3 0
154 645 1 6 72 3 0
158 396 1 1 90 5 0
160 379 1 0 57 5 0
161 295 3 2 87 4 0
162 71 3 0 53 3 0
163 707 2 2 23 4 0
164 957 4 1 92 3 0
165 208 0 2 42 4 0
166 1015 2 1 60 5 0
167 965 2 8 85 5 0
169 647 3 1 29 4 0
170 49 4 4 21 4 0
171 9 2 1 44 4 0
172 1045 2 0 96 4 0
173 393 1 4 15 4 0
175 1107 0 5 21 3 0
177 602 1 3 6 4 0
180 94 3 0 7 4 0
183 514 3 2 83 3 0
185 48 4 9 41 3 0
186 894 1 6 35 3 0
187 298 1 9 85 4 0
188 117 4 9 72 4 0
189 1151 2 0 41 5 0
193 315 2 2 14 3 0
195 49 2 0 94 3 0
200 232 3 4 67 4 0
201 959 3 3 75 3 0
203 473 2 0 3 4 0
204 359 2 0 84 4 0
206 384 1 9 34 3 0
207 987 1 9 30 5 0
209 556 2 5 29 5 0
214 519 3 4 39 5 0
217 14 0 9 5 4 0
219 633 1 8 24 3 0
220 395 0 6 31 5 0
221 441 3 1 22 3 0
222 797 1 1 49 4 0
223 794 1 4 47 5 0
224 332 3 7 33 4 0
226 992 1 6 28 4 0
227 318 1 2 8 3 0
228 451 0 6 2 5 0
229 547 1 1 37 3 0
233 479 0 1 64 5 0
235 710 1 1 4 5 0
236 908 4 9 48 3 0
238 205 1 8 42 4 0
239 428 4 8 54 5 0
240 800 1 4 32 4 0
241 1150 3 5 43 4 0
242 582 3 7 43 5 0
243 1168 1 8 85 3 0
245 522 1 4 87 3 0
247 135 0 9 72 3 0
251 796 4 7 41 5 0
254 534 1 5 77 4 0
256 1127 3 5 65 4 0
259 857 4 7 40 3 0
260 301 3 0 18 4 0
261 254 3 2 8 5 0
263 541 4 9 15 5 0
264 723 0 0 82 5 0
267 50 0 9 42 3 0
270 1079 4 2 67 4 0
271 1009 2 5 23 3 0
272 558 4 5 64 4 0
274 1165 2 0 22 3 0
275 575 0 7 3 5 0
276 399 1 0 83 3 0
279 531 3 2 9 4 0
280 205 2 0 68 3 0
281 766 2 1 66 4 0
284 409 4 9 10 5 0
286 449 3 7 6 5 0
287 185 1 8 49 3 0
290 339 0 0 69 5 0
291 736 4 5 50 5 0
296 111 1 1 3 5 0
297 654 4 6 71 3 0
299 975 3 2 85 3 0
301 836 2 4 33 3 0
302 544 2 5 4 3 0
304 13 1 0 55 3 0
307 512 3 5 2 4 0
310 488 4 9 3 5 0
315 146 3 0 16 4 0
317 13 1 3 62 4 0
318 771 1 6 89 4 0
319 30 2 7 48 3 0
321 108 1 7 68 5 0
322 953 3 9 9 3 0
323 1181 1 9 75 3 0
324 103 4 7 30 4 0
327 8 0 8 3 4 0
328 564 2 7 74 4 0
332 1126 2 4 69 5 0
334 343 1 8 3 5 0
336 356 3 7 4 3 0
339 269 3 3 1 3 0
340 737 1 8 94 4 0
341 270 2 0 13 4 0
342 23 0 7 30 3 0
344 318 0 6 7 4 0
345 932 2 3 82 4 0
347 547 0 4 98 4 0
348 302 0 4 96 3 0
357 1198 0 7 91 5 0
359 297 2 0 35 3 0
360 121 0 7 49 5 0
362 631 0 0 43 3 0
364 1080 2 7 19 4 0
365 683 3 0 67 4 0
366 1062 3 4 16 3 0
367 1018 3 6 78 4 0
369 605 3 1 65 4 0
370 983 3 9 49 3 0
376 633 2 9 65 4 0
377 248 4 0 92 4 0
379 1082 3 9 29 4 0
380 894 1 4 19 4 0
384 711 1 5 83 3 0
385 525 0 9 44 3 0
387 159 4 7 5 5 0
391 1035 4 6 59 3 0
394 396 3 0 74 3 0
395 1076 3 0 43 3 0
396 540 1 3 20 3 0
401 260 2 9 80 5 0
403 1083 0 6 2 4 0
414 120 4 0 94 5 0
415 1060 1 5 18 5 0
416 1184 3 7 71 3 0
419 814 0 6 15 4 0
420 584 4 8 60 5 0
425 191 1 9 19 5 0
428 411 2 3 49 4 0
429 662 1 0 60 4 0
430 893 4 5 29 3 0
431 697 0 5 41 4 0
432 1053 4 8 32 3 0
434 103 4 7 89 5 0
435 645 3 1 26 5 0
437 207 1 1 46 3 0
440 698 1 2 51 3 0
441 809 3 9 8 3 0
442 922 3 7 35 3 0
443 1136 1 4 33 4 0
444 701 0 0 12 3 0
445 587 3 1 52 5 0
446 1157 3 7 51 4 0
447 595 2 7 82 5 0
449 928 1 1 6 3 0
450 1193 4 6 31 3 0
452 603 1 8 52 3 0
453 1038 2 3 14 3 0
454 1050 3 5 44 5 0
457 199 4 1 75 3 0
458 396 3 6 13 3 0
459 285 3 6 2 3 0
460 56 0 7 23 4 0
461 465 3 2 86 5 0
464 1104 4 0 63 5 0
466 479 4 5 98 4 0
468 336 3 8 55 5 0
469 830 0 3 62 4 0
472 1116 1 6 73 5 0
473 350 0 0 88 3 0
475 122 0 6 16 5 0
477 137 2 9 56 3 0
478 1156 3 3 26 5 0
479 479 2 3 16 3 0
480 104 0 1 4 4 0
485 272 0 2 61 3 0
490 397 2 9 3 4 0
493 1045 1 8 2 5 0
494 151 2 1 84 4 0
495 594 4 3 41 5 0
496 1113 1 1 80 3 0
498 454 2 4 31 3 0
499 777 0 7 67 4 0
503 795 1 7 91 4 0
504 453 0 6 53 3 0
506 881 3 7 18 5 0
507 212 3 8 47 4 0
508 255 4 7 81 3 0
511 826 2 2 19 3 0
513 415 2 5 35 3 0
516 765 1 2 25 5 0
517 50 3 4 89 5 0
518 556 0 5 31 5 0
519 1018 3 3 84 3 0
522 85 0 0 84 4 0
523 174 3 5 87 4 0
526 253 2 7 49 3 0
528 732 1 7 14 3 0
529 830 4 9 49 4 0
532 79 3 7 10 3 0
533 269 3 8 86 4 0
534 941 1 5 67 4 0
537 1023 3 3 20 3 0
541 580 4 7 56 5 0
543 411 4 6 34 3 0
548 660 0 7 81 4 0
550 757 2 4 48 4 0
552 1029 0 4 34 4 0
557 386 1 7 12 3 0
559 134 0 8 4 4 0
561 965 1 3 23 4 0
562 781 1 5 73 4 0
563 657 3 9 56 5 0
564 1169 3 3 88 4 0
566 1016 4 6 18 5 0
569 270 2 7 94 5 0
570 111 2 7 52 4 0
575 173 2 7 58 4 0
577 576 4 0 8 5 0
578 45 2 7 65 4 0
579 767 4 5 32 4 0
582 265 2 1 51 5 0
583 1158 4 9 64 3 0
586 354 2 2 98 3 0
587 552 0 1 9 5 0
588 551 0 8 51 4 0
590 1000 1 9 53 4 0
591 124 2 9 85 5 0
592 682 3 5 59 4 0
594 875 1 3 80 3 0
595 311 4 6 49 4 0
601 218 0 2 100 5 0
604 771 3 0 55 4 0
607 1054 2 1 25 4 0
609 615 4 5 98 3 0
611 177 3 3 59 3 0
612 279 4 5 41 5 0
614 1091 0 8 28 3 0
617 154 3 6 79 3 0
618 1194 4 5 27 5 0
619 217 3 6 9 4 0
621 930 0 8 48 3 0
623 936 0 8 10 3 0
625 470 4 4 87 3 0
626 83 4 9 94 5 0
630 458 0 6 40 3 0
632 143 4 4 71 4 0
635 1155 2 6 14 3 0
639 28 0 8 45 3 0
641 906 3 5 13 3 0
642 444 2 0 58 3 0
646 791 0 9 77 5 0
648 593 4 5 74 5 0
649 994 0 1 79 4 0
651 437 0 6 38 4 0
653 799 1 2 76 5 0
654 343 1 1 33 5 0
655 144 4 0 15 3 0
658 863 2 3 77 3 0
659 869 1 5 10 4 0
664 780 1 7 58 5 0
666 808 1 1 28 3 0
670 706 1 4 2 4 0
671 806 0 4 98 4 0
673 1044 3 8 25 5 0
674 369 3 0 26 3 0
676 959 4 7 27 5 0
678 123 2 1 83 5 0
680 792 0 1 59 4 0
681 51 0 0 73 3 0
683 499 3 8 45 4 0
685 217 3 4 31 4 0
688 1013 0 0 51 4 0
691 1125 2 7 22 4 0
694 954 3 3 98 3 0
696 913 3 8 4 3 0
697 390 0 5 89 4 0
702 1151 1 7 42 3 0
704 824 4 0 87 5 0
706 3 0 7 81 4 0
707 519 3 5 11 4 0
708 1138 0 3 17 4 0
709 186 1 2 60 4 0
710 941 4 7 2 4 0
715 566 3 0 61 5 0
717 645 2 4 97 5 0
718 351 4 9 63 4 0
721 539 1 3 57 4 0
723 322 1 8 69 3 0
725 248 2 0 23 4 0
727 182 3 1 10 5 0
728 772 0 8 12 4 0
733 1153 4 7 36 4 0
735 1158 0 0 3 3 0
736 1098 0 0 23 4 0
737 1075 1 7 63 4 0
740 473 3 6 72 3 0
741 693 0 5 35 3 0
745 1012 2 3 83 4 0
746 32 4 3 33 5 0
749 1097 0 1 88 5 0
750 247 0 8 44 3 0
752 233 3 0 60 5 0
755 817 1 3 89 4 0
757 109 0 6 2 5 0
758 131 1 8 14 5 0
762 103 2 8 44 3 0
766 1046 3 2 91 5 0
768 965 3 4 74 4 0
769 1026 3 8 28 5 0
770 184 4 4 9 3 0
771 438 2 2 82 5 0
775 130 4 5 83 5 0
777 1026 0 0 11 3 0
779 283 1 6 15 5 0
780 1132 0 6 47 4 0
784 1094 2 2 43 5 0
785 423 0 0 95 5 0
786 58 4 3 40 4 0
788 247 0 4 98 3 0
790 60 1 9 10 4 0
791 1002 4 3 16 3 0
794 668 4 2 77 5 0
796 1110 3 7 59 4 0
797 886 0 6 75 3 0
799 425 2 4 56 4 0
800 1119 3 2 45 4 0
804 1111 3 7 84 3 0
805 686 3 0 100 3 0
806 218 3 2 66 4 0
807 407 2 1 18 4 0
809 1056 1 1 33 4 0
810 181 2 5 27 5 0
811 149 2 5 7 4 0
812 709 1 5 80 3 0
814 156 1 4 71 5 0
817 289 1 6 80 4 0
818 283 2 6 81 5 0
821 56 3 9 60 4 0
824 792 4 0 70 4 0
825 329 1 5 39 5 0
829 825 4 4 57 3 0
834 532 1 8 28 4 0
835 794 0 9 77 4 0
836 710 1 6 34 5 0
837 170 3 5 40 4 0
839 106 3 4 66 3 0
852 241 1 7 94 4 0
854 903 2 3 94 4 0
855 1109 4 3 2 4 0
856 1018 1 1 18 5 0
857 682 4 9 46 3 0
858 466 3 3 24 5 0
860 370 2 7 32 4 0
862 419 0 8 94 3 0
864 334 3 9 76 4 0
865 1064 3 7 27 4 0
867 801 2 0 98 3 0
868 32 4 0 53 3 0
869 590 4 5 62 4 0
870 233 2 4 76 3 0
871 999 3 9 79 3 0
872 954 2 6 33 4 0
874 1175 2 2 69 3 0
875 855 4 1 12 4 0
876 925 1 6 82 5 0
877 346 4 5 94 3 0
878 507 4 9 45 5 0
880 143 0 4 95 5 0
883 1176 1 5 83 3 0
884 501 0 3 81 4 0
891 415 4 9 1 3 0
893 274 2 3 36 4 0
894 951 4 8 4 5 0
896 221 1 0 71 5 0
898 973 2 1 81 3 0
899 1102 3 8 29 4 0
902 167 3 1 35 3 0
903 649 2 5 78 3 0
905 317 1 5 29 5 0
906 203 2 0 57 4 0
907 556 4 0 32 5 0
909 1182 0 9 11 3 0
910 488 4 8 13 3 0
911 647 3 3 1 3 0
917 408 2 5 4 4 0
918 674 2 9 73 4 0
919 350 1 1 73 3 0
920 169 0 5 80 5 0
922 1172 3 7 53 3 0
928 963 0 1 49 4 0
929 924 0 8 1 4 0
932 251 2 9 7 5 0
933 123 3 5 43 5 0
935 376 3 8 37 5 0
936 561 3 8 88 5 0
939 763 3 2 68 4 0
941 157 3 6 27 4 0
942 318 0 1 38 3 0
946 111 1 3 91 3 0
949 471 2 8 98 5 0
950 864 4 1 90 4 0
952 645 4 2 93 3 0
953 120 1 3 76 4 0
954 207 0 0 49 4 0
955 993 2 1 81 5 0
957 371 4 2 55 4 0
959 423 3 0 25 4 0
961 579 2 9 18 5 0
962 608 2 7 81 4 0
964 636 4 5 31 5 0
965 730 1 6 70 5 0
968 948 1 9 15 3 0
969 999 0 7 69 4 0
971 1000 1 9 14 5 0
972 551 4 5 90 5 0
974 325 0 6 94 5 0
976 850 1 7 96 5 0
977 54 0 7 58 3 0
978 875 0 5 95 5 0
987 319 1 2 42 3 0
989 612 4 0 22 3 0
990 20 0 7 16 5 0
991 23 4 6 44 3 0
992 1034 2 9 45 4 0
995 624 2 1 43 5 0
997 75 0 4 30 5 0
998 136 0 4 92 5 0
999 740 0 2 7 4 0
1000 601 3 8 96 5 0
1001 460 3 3 8 5 0
1002 581 4 4 43 3 0
1009 663 3 6 73 5 0
1010 491 3 8 60 3 0
1016 55 2 1 92 5 0
1020 1113 1 9 33 3 0
1021 751 4 2 50 4 0
1022 451 0 8 7 3 0
1023 208 3 5 3 5 0
1024 139 0 1 59 3 0
1028 530 2 2 38 4 0
1029 186 3 2 32 5 0
1030 1081 2 9 84 3 0
1032 1017 2 9 26 4 0
1034 373 4 3 40 5 0
1035 594 2 1 36 5 0
1039 23 0 6 45 3 0
1040 809 0 0 79 4 0
1046 596 0 2 82 4 0
1047 921 3 3 62 5 0
1048 778 0 5 45 5 0
1049 134 2 2 70 4 0
1050 633 0 3 11 5 0
1053 783 3 1 21 5 0
1055 242 0 0 20 4 0
1056 540 3 8 60 3 0
1058 443 1 1 71 4 0
1061 904 3 3 21 5 0
1062 891 2 4 45 4 0
1063 132 4 2 87 3 0
1065 795 0 3 66 5 0
1070 1030 3 3 33 4 0
1072 1011 3 0 74 5 0
1073 57 2 6 27 5 0
1075 129 0 6 88 5 0
1077 1121 2 2 67 3 0
1078 457 0 7 43 4 0
1085 631 1 1 67 3 0
1088 348 3 9 63 3 0
1089 533 2 7 12 4 0
1091 1015 3 6 96 3 0
1101 315 3 6 100 4 0
1103 876 0 2 63 3 0
1105 634 0 4 39 4 0
1106 710 1 1 39 4 0
1109 666 1 2 77 5 0
1114 682 2 8 51 4 0
1115 711 4 3 27 5 0
1121 1098 4 6 32 5 0
1124 578 1 2 4 3 0
1127 1130 4 3 37 4 0
1128 524 2 8 83 3 0
1129 693 4 7 50 5 0
1130 397 1 5 46 3 0
1131 372 3 1 65 5 0
1134 958 1 7 81 4 0
1135 467 1 0 10 5 0
1137 533 4 0 69 4 0
1138 277 1 0 44 5 0
1140 437 3 8 37 5 0
1143 452 4 9 44 5 0
1148 692 1 2 6 4 0
1149 1076 2 7 16 4 0
1150 468 4 5 83 5 0
1151 536 1 7 56 5 0
1152 274 4 1 95 4 0
1153 863 2 4 98 4 0
1155 673 4 6 44 4 0
1156 1136 4 0 6 3 0
1162 994 0 2 44 5 0
1166 636 4 5 45 4 0
1167 26 3 9 54 4 0
1168 1198 1 4 82 4 0
1169 323 3 6 53 3 0
1170 1190 0 6 77 4 0
1171 736 1 8 84 5 0
1177 565 4 8 11 3 0
1179 988 2 8 44 4 0
1180 232 0 2 72 4 0
1181 279 3 9 79 4 0
1182 147 0 4 78 5 0
1185 724 3 3 56 4 0
1191 582 3 4 56 3 0
1192 458 3 6 10 4 0
1193 355 2 1 10 5 0
1195 332 0 3 14 4 0
1197 425 1 8 67 4 0
1198 948 2 9 51 3 0

