10

5
0 20 20 20 20 20 20 20 20 20 20
1 20 20 20 20 20 20 20 20 20 20
2 20 20 20 20 20 20 20 20 20 20
3 20 20 20 20 20 20 20 20 20 20
4 20 20 20 20 20 20 20 20 20 20

25
300 1200 985 6 4
0 126 7 2
1 106 3 6
2 130 10 8
4 126 4 4
5 120 6 6
9 127 2 9
1200 900 925 6 1
0 144 5 5
1 144 5 3
3 139 2 1
4 117 4 4
6 136 4 1
9 100 10 5
1200 0 871 6 1
2 127 3 3
4 125 2 3
5 149 10 7
7 122 4 2
8 138 1 9
9 112 7 3
900 300 844 6 2
0 133 1 3
1 107 8 9
4 121 1 2
5 136 2 2
6 121 5 2
7 142 5 1
900 1200 806 6 2
0 117 2 7
2 106 4 4
3 112 4 2
4 119 3 9
6 124 3 2
8 128 8 1
1200 600 845 6 2
1 119 3 2
3 100 5 1
4 124 6 5
5 125 8 2
6 104 10 8
9 113 1 9
0 1200 817 6 0
0 118 10 2
2 100 1 4
4 147 4 10
5 125 10 2
8 137 6 5
9 128 1 3
1200 300 959 6 0
0 137 8 6
1 114 4 5
4 128 6 7
6 113 10 1
7 122 3 2
8 147 6 1
1200 1200 994 6 3
1 149 1 3
2 143 6 6
3 133 3 1
4 114 7 9
7 128 4 7
8 124 9 5
0 300 929 6 0
1 129 4 8
2 108 6 6
4 140 9 3
5 140 9 2
7 147 5 1
9 133 4 6
0 900 900 6 2
0 136 2 3
2 121 5 4
3 149 6 2
4 109 5 5
7 106 3 5
8 104 8 1
900 0 929 6 0
0 145 5 9
1 135 7 3
2 129 8 9
6 130 3 3
7 112 4 5
8 107 4 8
900 600 902 6 3
1 130 2 6
3 133 4 3
4 135 10 6
6 118 3 1
7 121 7 3
8 118 9 3
300 300 930 6 1
0 126 10 2
1 134 4 10
2 143 8 8
4 126 1 3
8 111 2 8
9 145 10 10
600 900 991 6 4
1 128 7 6
2 150 4 9
3 146 3 9
4 103 8 2
8 132 1 5
9 101 5 6
600 300 867 6 4
0 103 10 3
1 110 4 2
4 146 8 7
5 102 1 10
6 148 4 7
8 134 9 8
600 0 823 6 3
1 109 10 2
3 147 1 6
4 111 4 3
5 114 5 1
7 107 1 4
8 127 9 10
300 600 896 6 2
0 100 2 9
2 132 9 8
4 111 3 4
5 135 6 3
8 109 5 2
9 110 9 5
0 0 919 6 4
0 148 6 5
1 123 1 5
2 145 1 8
3 100 6 5
8 144 8 8
9 150 5 1
300 0 806 6 1
0 139 5 2
1 141 7 2
4 101 7 1
6 116 1 9
7 137 2 1
8 120 2 8
300 900 910 6 3
0 128 4 6
1 123 9 2
3 145 9 2
5 145 2 4
8 116 10 8
9 129 8 1
600 1200 810 6 4
1 135 10 10
2 136 4 4
3 115 5 1
7 108 6 10
8 147 10 8
9 146 6 8
900 900 926 6 1
0 118 3 10
1 137 10 9
3 111 1 4
4 116 3 9
5 102 9 1
9 140 2 4
600 600 827 6 3
0 115 5 6
3 119 4 6
4 131 7 2
6 113 4 4
7 146 8 8
8 141 6 3
0 600 916 6 0
0 113 10 10
1 147 9 1
2 130 5 1
6 106 9 8
7 102 4 2
8 142 1 3

600
9 1039 1 3 52 3 48
10 440 2 0 88 3 33
12 626 3 2 44 5 35
14 891 1 0 76 5 30
16 697 4 7 47 3 45
21 158 3 5 1 3 54
22 136 2 8 80 5 33
24 588 1 3 38 3 30
25 459 1 3 93 5 39
26 839 1 8 55 4 43
28 286 1 4 15 5 55
32 172 4 9 100 5 41
36 72 0 1 49 4 39
39 154 0 8 69 4 60
44 519 3 8 20 3 50
45 347 1 3 60 4 51
46 587 3 6 5 4 33
48 805 0 1 71 5 52
48 93 1 3 30 4 40
49 96 3 0 30 5 45
51 681 1 4 92 3 41
54 506 1 4 30 5 31
56 902 2 7 56 5 57
59 728 1 9 51 4 50
61 790 2 1 37 5 46
62 344 2 2 55 3 32
62 1115 4 9 78 5 48
63 507 1 8 35 4 60
64 737 2 0 78 5 52
65 347 3 7 96 3 32
70 1167 1 4 56 5 47
71 809 2 9 67 4 51
71 214 4 0 21 4 59
76 745 4 5 30 3 57
79 860 1 9 71 3 39
80 55 4 3 50 3 32
81 88 3 6 86 4 47
82 261 2 6 15 4 57
84 332 3 7 97 4 37
86 534 0 4 98 5 58
88 365 2 7 1 5 55
90 1103 1 4 98 3 58
90 217 0 2 96 3 41
91 601 0 9 97 4 55
91 446 2 2 88 4 59
91 920 1 5 4 3 30
91 1045 4 0 34 3 37
98 53 2 0 40 3 34
102 170 4 2 62 5 37
102 1106 3 7 15 4 47
102 144 4 0 29 3 36
103 428 0 9 71 4 33
105 992 2 8 25 4 45
105 888 0 5 50 3 50
106 9 4 9 54 4 41
108 575 4 3 49 4 43
108 467 0 9 72 4 35
111 117 2 1 65 5 55
112 46 2 9 16 5 44
114 41 2 7 35 4 41
116 1169 4 5 56 4 46
116 548 3 9 28 5 58
118 583 0 1 96 3 51
120 984 3 8 60 4 34
122 46 4 5 84 3 50
125 239 0 9 39 4 43
126 696 2 3 15 4 48
129 312 1 2 95 5 43
132 938 3 4 10 4 50
136 386 4 0 30 3 54
138 349 3 1 68 4 45
140 171 0 5 1 5 32
140 307 1 9 28 5 44
140 791 3 3 64 4 44
144 383 0 0 59 4 46
151 504 3 8 63 4 33
152 1140 1 2 19 4 36
152 903 0 4 64 3 37
160 223 2 1 74 5 45
160 661 0 0 83 3 56
161 258 0 6 90 3 56
161 1143 1 9 40 3 30
162 381 0 4 20 4 30
162 223 4 1 36 3 35
164 883 0 6 57 3 34
165 158 0 8 24 5 59
166 1128 3 2 28 5 38
169 715 4 8 15 3 52
170 164 2 8 18 4 48
171 614 2 2 34 5 37
171 431 1 9 63 3 60
172 868 4 5 6 5 32
173 1115 4 6 46 4 50
177 679 1 3 18 5 31
177 285 2 4 100 3 35
180 962 4 4 38 4 59
180 393 0 5 51 3 52
185 107 1 2 37 5 50
186 359 4 7 26 4 33
187 215 3 1 49 4 44
188 146 3 3 60 5 40
188 252 4 6 8 3 53
189 892 1 6 75 5 38
189 1058 3 0 38 4 58
195 150 2 7 81 4 33
200 1115 3 4 22 4 45
201 85 1 6 63 3 46
204 151 0 0 71 4 32
206 642 1 3 50 3 57
207 758 0 9 74 4 44
209 878 3 4 30 5 39
209 876 1 4 2 5 41
209 671 3 9 23 5 60
214 949 0 7 2 3 33
219 676 0 9 40 5 47
220 9 0 9 66 3 40
221 346 3 8 4 3 35
222 195 4 2 24 3 44
223 295 3 2 87 4 54
224 71 3 0 53 3 41
226 526 1 2 44 4 46
228 145 0 1 1 3 40
229 858 3 5 14 4 54
236 965 2 8 85 5 57
236 647 3 1 29 4 53
238 49 4 4 21 4 55
238 9 2 1 44 4 52
239 1045 2 0 96 4 36
240 330 2 1 41 5 57
241 115 2 2 100 3 39
242 448 1 0 42 3 44
242 119 0 4 33 4 56
243 294 0 0 65 5 40
245 251 3 3 56 4 36
245 298 1 9 85 4 57
254 117 4 9 72 4 55
256 1151 2 0 41 5 34
259 715 1 1 28 3 41
260 102 0 1 53 4 46
263 963 3 7 29 5 31
264 473 2 0 3 4 55
267 359 2 0 84 4 36
267 390 4 4 10 5 59
267 987 1 9 30 5 50
270 556 2 5 29 5 55
271 519 3 4 39 5 52
271 14 0 9 5 4 39
272 465 4 2 26 3 33
274 868 1 3 87 4 56
275 242 1 2 50 3 32
276 782 2 6 26 4 41
279 332 3 7 33 4 45
279 276 3 3 49 3 37
280 351 0 1 29 3 43
280 19 4 4 28 3 39
281 19 1 1 90 3 45
286 710 1 1 4 5 44
287 1093 4 5 28 3 52
290 388 4 5 55 5 36
291 1122 3 9 51 3 56
296 591 1 7 91 5 42
299 747 2 7 37 4 45
301 687 4 2 66 5 30
301 522 1 4 87 3 32
304 94 4 8 7 4 54
310 956 2 9 34 5 35
310 699 4 6 71 5 56
315 845 2 8 34 4 50
317 1117 3 4 20 3 44
319 21 1 4 16 4 34
322 117 4 4 76 5 33
323 1034 2 0 1 5 52
323 50 0 9 42 3 56
324 1079 4 2 67 4 45
327 685 2 2 16 5 56
328 558 4 5 64 4 48
334 635 0 2 17 4 32
336 937 0 3 20 3 50
339 58 2 7 17 3 45
340 205 2 0 68 3 41
341 570 0 8 61 3 50
344 1137 4 1 80 3 57
344 900 3 0 72 5 32
344 338 4 6 26 3 54
345 45 0 8 76 4 49
348 701 3 0 25 3 30
357 654 4 6 71 3 55
360 975 3 2 85 3 43
362 601 2 4 10 4 41
364 679 0 2 1 5 34
366 0 3 2 95 5 38
367 904 2 0 61 3 57
367 1145 4 0 72 3 45
369 79 0 5 1 3 36
376 980 2 6 17 4 57
379 916 0 5 57 4 32
380 108 1 7 68 5 48
385 953 3 9 9 3 50
387 1181 1 9 75 3 31
395 1151 3 3 35 5 30
396 243 4 0 48 4 39
401 916 4 6 84 5 40
403 598 4 9 87 3 53
414 442 4 0 75 3 42
416 965 0 2 17 4 36
416 9 0 5 22 5 53
419 713 1 4 95 5 31
420 203 2 0 15 4 37
425 257 1 0 49 3 45
428 932 2 3 82 4 58
428 547 0 4 98 4 34
428 196 2 1 75 5 51
430 64 3 2 42 3 38
431 90 0 0 85 5 57
432 912 3 9 40 3 31
434 682 1 8 37 4 34
437 969 2 6 96 3 57
441 1071 2 8 51 4 33
442 270 3 6 56 5 43
443 605 3 1 65 4 45
444 1018 4 6 31 4 55
445 705 4 8 37 3 46
446 50 3 8 88 5 60
447 839 4 3 38 4 56
447 485 2 2 39 5 60
450 711 1 5 83 3 49
453 525 0 9 44 3 59
454 159 4 7 5 5 53
457 1035 4 6 59 3 36
458 829 0 9 29 5 42
464 22 2 0 34 3 58
464 473 1 3 17 4 48
466 1083 0 6 2 4 31
468 1049 0 9 76 5 46
469 505 2 2 66 5 48
472 797 3 8 31 4 57
473 217 3 1 41 4 47
473 1053 3 9 12 5 34
475 299 4 3 41 3 42
477 603 2 3 83 3 44
478 925 3 9 97 4 58
479 450 1 5 87 3 41
480 651 2 8 67 5 37
485 463 0 9 58 5 52
490 645 3 1 26 5 52
493 207 1 1 46 3 40
493 316 1 6 98 3 55
494 809 3 9 8 3 44
495 771 3 4 8 5 37
495 555 2 6 44 3 30
498 176 0 4 56 3 42
499 1157 3 7 51 4 55
503 595 2 7 82 5 50
504 928 1 1 6 3 49
506 1193 4 6 31 3 39
511 397 4 6 22 5 41
513 409 0 1 66 4 50
513 752 2 1 67 3 48
513 215 1 6 97 4 55
516 192 0 2 58 4 30
516 398 0 0 59 3 39
517 465 3 2 86 5 47
518 1086 0 7 93 3 49
519 641 3 2 57 5 57
519 864 4 6 1 3 45
523 994 4 3 55 5 52
526 350 0 0 88 3 31
528 23 3 1 83 3 38
529 880 0 9 57 3 58
532 405 1 4 28 3 36
533 104 0 1 4 4 34
533 144 1 7 2 3 54
534 604 4 0 34 5 46
537 372 4 0 94 3 40
537 225 2 4 69 3 40
541 1113 1 1 80 3 37
543 525 2 3 2 4 32
550 997 4 6 50 3 59
557 949 2 3 15 4 43
559 373 3 6 58 3 49
559 212 3 8 47 4 59
559 255 4 7 81 3 49
561 826 2 2 19 3 56
561 415 2 5 35 3 60
562 765 1 2 25 5 52
564 50 3 4 89 5 38
566 38 2 3 83 4 42
569 501 0 0 5 3 50
569 699 0 7 92 4 51
570 945 0 5 98 4 42
575 223 4 5 20 4 59
577 223 0 6 98 5 49
578 778 3 0 58 4 59
579 149 1 2 84 4 57
582 1121 2 7 25 4 46
583 840 3 6 93 5 37
587 310 0 4 69 4 43
587 411 4 6 34 3 40
590 195 3 6 48 4 38
590 759 3 8 7 4 38
591 656 1 2 61 3 58
592 115 0 0 68 3 40
594 965 1 3 23 4 55
604 781 1 5 73 4 40
604 822 4 6 68 5 48
607 882 1 6 64 5 42
609 279 1 5 61 5 47
609 111 2 7 52 4 32
611 630 3 7 45 4 47
611 10 0 0 33 5 45
612 1038 3 5 80 4 37
614 560 1 5 11 4 53
614 1158 4 9 64 3 35
617 515 1 2 85 4 55
618 224 0 1 92 4 53
619 144 4 6 100 4 59
621 1000 1 9 53 4 31
621 704 4 5 52 4 44
625 690 3 3 30 5 32
625 311 4 6 49 4 33
625 178 1 6 93 4 30
626 870 2 8 45 3 36
630 904 2 9 44 3 49
632 177 3 3 59 3 55
635 279 4 5 41 5 47
639 110 4 3 16 3 43
641 834 4 0 75 5 41
642 416 4 1 81 5 44
646 891 0 5 59 5 53
648 163 4 5 8 4 55
649 245 4 1 32 5 51
649 470 4 4 87 3 50
649 83 4 9 94 5 57
653 458 0 6 40 3 53
654 143 4 4 71 4 51
655 1155 2 6 14 3 30
659 76 4 5 13 4 50
664 835 2 1 16 3 55
666 731 0 7 28 5 53
670 791 0 9 77 5 39
670 735 4 8 63 3 32
671 582 1 1 49 4 42
673 799 1 2 76 5 35
674 267 0 4 73 3 49
676 118 0 1 54 4 53
678 430 4 1 83 4 36
680 678 0 5 49 3 45
680 920 4 6 30 3 60
683 439 1 5 82 3 57
685 589 0 5 51 3 58
688 637 3 9 66 4 54
691 1111 1 9 24 4 59
694 38 1 3 60 5 45
694 430 0 5 13 5 51
694 792 0 1 59 4 30
696 172 0 9 28 5 51
702 499 3 8 45 4 53
702 217 3 4 31 4 45
706 13 0 6 60 5 39
707 999 1 5 60 5 53
710 906 1 0 58 4 47
715 60 1 9 89 5 36
717 30 2 7 77 5 57
718 341 3 5 9 4 51
721 1110 0 0 16 5 52
723 995 2 4 51 4 32
725 550 4 1 27 3 42
725 186 1 2 60 4 44
733 1131 3 0 64 4 42
733 27 3 5 96 4 38
735 351 4 9 63 4 54
737 539 1 3 57 4 49
740 322 1 8 69 3 33
741 576 0 2 63 3 52
746 962 0 1 79 4 60
750 123 4 1 35 5 48
750 987 2 4 73 3 50
752 125 0 3 69 3 30
755 354 2 8 22 4 45
757 891 1 6 49 5 33
758 693 0 5 35 3 45
758 579 1 7 3 5 57
762 472 2 8 91 5 32
762 136 0 1 94 5 40
766 366 0 6 7 4 47
766 817 1 3 89 4 59
768 109 0 6 2 5 54
769 131 1 8 14 5 31
777 636 4 5 31 5 45
780 352 4 7 50 4 58
785 1175 3 8 63 5 36
786 184 4 4 9 3 36
791 609 1 8 9 5 41
794 1129 4 1 7 3 31
797 283 1 6 15 5 52
797 1132 0 6 47 4 47
799 730 1 5 88 5 53
800 423 0 0 95 5 30
800 500 2 5 16 3 60
804 637 0 0 21 5 32
805 983 3 9 26 3 59
806 270 2 8 21 5 50
807 1110 3 7 59 4 43
807 27 3 9 23 3 39
807 612 3 6 70 4 35
810 705 3 8 86 4 44
811 208 2 7 4 3 55
811 218 3 2 66 4 53
814 407 2 1 18 4 46
817 489 0 4 48 5 32
818 637 2 3 68 3 39
821 757 0 6 45 3 41
824 387 0 3 97 4 47
825 289 1 6 80 4 60
829 283 2 6 81 5 30
834 1007 4 7 53 4 48
835 82 4 6 21 3 41
836 619 3 8 36 4 34
837 532 1 8 28 4 52
852 794 0 9 77 4 59
852 710 1 6 34 5 32
854 821 2 4 33 3 43
854 536 4 3 16 3 44
855 703 3 4 26 5 39
856 1109 4 3 2 4 45
857 437 0 2 79 4 51
858 721 1 3 62 3 35
862 370 2 7 32 4 56
864 419 0 8 94 3 56
865 334 3 9 76 4 46
865 866 3 3 63 4 40
867 21 0 0 73 3 43
869 41 2 8 41 4 44
870 233 2 4 76 3 45
870 969 4 9 32 4 40
871 842 2 4 89 5 40
874 348 4 1 54 5 32
875 176 2 7 17 4 60
876 1140 1 9 91 4 57
878 423 1 9 75 4 49
878 143 0 4 95 5 48
880 334 2 1 32 5 53
883 75 1 5 100 3 47
884 1171 0 3 18 4 37
884 565 2 7 88 5 56
893 1073 4 0 74 3 37
896 18 4 7 42 3 50
898 106 4 8 53 5 55
898 460 2 1 58 3 38
899 336 2 4 43 5 37
902 317 1 5 29 5 57
903 203 2 0 57 4 58
905 556 4 0 32 5 48
905 49 4 1 22 5 60
906 488 4 8 13 3 40
907 916 1 0 3 5 36
909 743 2 0 50 4 39
910 1198 4 4 22 3 57
911 178 4 1 11 3 55
911 722 4 8 78 5 58
917 779 3 6 97 3 45
918 15 0 6 52 4 33
922 1135 0 5 16 5 59
928 618 4 0 89 5 31
929 786 2 5 100 5 35
932 1007 4 4 78 4 44
933 1087 4 5 52 3 55
935 1080 2 1 61 4 58
936 427 2 2 4 5 32
939 598 1 9 7 3 36
941 442 1 5 70 5 43
941 1087 0 7 96 5 40
949 1192 1 2 8 3 60
950 503 4 6 13 3 31
952 769 2 7 43 3 50
953 1175 1 8 20 4 38
954 423 3 0 25 4 60
957 579 2 9 18 5 39
959 694 3 4 76 4 48
961 687 1 5 21 4 47
961 948 1 9 15 3 45
962 176 3 8 53 4 37
964 216 2 8 41 5 49
965 325 0 6 94 5 48
968 850 1 7 96 5 55
969 54 0 7 58 3 43
971 182 2 8 77 5 34
974 451 1 5 9 5 39
976 1156 0 2 20 3 32
977 1009 0 0 81 5 42
978 698 0 8 35 5 41
987 853 4 4 36 3 40
987 75 0 4 30 5 50
990 136 0 4 92 5 41
991 8 1 0 36 4 44
991 1106 1 7 26 3 46
995 581 4 4 43 3 40
997 991 3 9 95 3 45
998 1117 3 2 4 5 40
999 141 4 8 32 5 38
1000 58 2 8 24 4 44
1002 451 0 8 7 3 48
1002 208 3 5 3 5 32
1009 240 0 7 26 5 38
1010 705 1 4 59 3 42
1016 374 1 8 68 4 48
1020 184 3 4 73 3 58
1021 640 1 9 31 4 53
1021 594 2 1 36 5 30
1022 122 3 5 12 4 51
1022 227 0 9 33 4 33
1024 345 2 7 54 3 45
1024 778 0 5 45 5 53
1028 134 2 2 70 4 60
1029 633 0 3 11 5 42
1030 901 0 2 82 3 30
1030 94 1 7 87 4 56
1032 915 4 7 3 5 36
1034 472 0 8 59 4 45
1035 478 1 8 56 4 56
1040 596 2 6 9 5 34
1046 279 3 0 25 5 50
1050 1030 3 3 33 4 45
1053 974 0 9 89 3 58
1053 761 3 3 92 5 32
1055 197 3 8 71 4 34
1055 1061 0 3 2 4 40
1055 786 2 2 11 5 32
1056 348 3 9 63 3 38
1056 669 3 1 61 4 59
1058 817 3 1 20 5 45
1061 852 2 6 13 3 45
1063 155 2 1 85 4 39
1063 875 2 2 12 4 42
1070 666 1 2 77 5 40
1070 552 4 6 41 4 48
1072 399 1 8 74 4 37
1072 578 1 2 4 3 51
1072 1130 4 3 37 4 38
1073 746 4 0 44 5 44
1077 793 1 3 43 4 37
1078 372 3 1 65 5 49
1088 958 1 7 81 4 37
1089 332 0 1 68 4 59
1091 1148 0 8 44 3 56
1101 499 0 5 85 3 44
1105 1037 2 3 72 5 40
1106 1096 2 3 23 3 41
1106 1076 2 7 16 4 54
1106 468 4 5 83 5 38
1109 434 3 6 70 5 34
1109 235 3 6 35 4 54
1114 915 2 8 100 4 40
1115 612 4 8 75 3 58
1124 84 0 7 6 3 40
1124 636 4 5 45 4 50
1128 26 3 9 54 4 54
1129 1198 1 4 82 4 35
1130 799 3 6 2 5 54
1135 108 3 9 44 5 54
1135 736 1 8 84 5 38
1137 1133 4 1 6 4 40
1137 1087 2 4 15 5 30
1138 264 4 6 18 5 53
1140 782 4 9 48 3 31
1143 629 4 9 46 4 56
1149 430 3 4 37 4 56
1149 584 3 2 98 3 43
1150 774 0 6 23 4 59
1150 172 0 9 95 3 33
1151 470 0 4 27 3 55
1151 1072 4 6 98 4 39
1152 815 0 2 40 5 33
1153 828 3 7 94 3 38
1155 1198 0 9 93 4 36
1162 763 0 0 31 5 49
1166 97 0 1 80 3 44
1168 855 1 2 95 3 56
1169 137 0 2 63 5 52
1169 188 1 6 52 4 31
1171 1174 0 0 29 5 35
1177 882 0 7 37 3 40
1177 473 0 7 95 3 42
1177 43 4 5 43 4 40
1179 1152 1 1 59 5 38
1180 1145 2 9 60 5 40
1180 948 0 4 41 4 38
1185 282 0 1 35 5 31
1191 16 2 3 66 3 30
1192 405 2 4 94 5 43
1192 182 0 2 31 3 43
1192 680 0 2 39 3 36
1193 545 0 9 74 3 45
1193 1100 4 5 60 5 48
1193 478 2 3 71 4 34
1193 1198 4 4 93 5 60
1195 1068 0 8 6 3 54
1195 1025 3 8 70 4 60
1197 653 2 9 10 4 38
1198 497 4 8 7 5 33

