10

5
0 20 20 20 20 20 20 20 20 20 20
1 20 20 20 20 20 20 20 20 20 20
2 20 20 20 20 20 20 20 20 20 20
3 20 20 20 20 20 20 20 20 20 20
4 20 20 20 20 20 20 20 20 20 20

25
300 1200 985 6 4
0 126 7 2
1 106 3 6
2 130 10 8
4 126 4 4
5 120 6 6
9 127 2 9
1200 900 925 6 1
0 144 5 5
1 144 5 3
3 139 2 1
4 117 4 4
6 136 4 1
9 100 10 5
1200 0 871 6 1
2 127 3 3
4 125 2 3
5 149 10 7
7 122 4 2
8 138 1 9
9 112 7 3
900 300 844 6 2
0 133 1 3
1 107 8 9
4 121 1 2
5 136 2 2
6 121 5 2
7 142 5 1
900 1200 806 6 2
0 117 2 7
2 106 4 4
3 112 4 2
4 119 3 9
6 124 3 2
8 128 8 1
1200 600 845 6 2
1 119 3 2
3 100 5 1
4 124 6 5
5 125 8 2
6 104 10 8
9 113 1 9
0 1200 817 6 0
0 118 10 2
2 100 1 4
4 147 4 10
5 125 10 2
8 137 6 5
9 128 1 3
1200 300 959 6 0
0 137 8 6
1 114 4 5
4 128 6 7
6 113 10 1
7 122 3 2
8 147 6 1
1200 1200 994 6 3
1 149 1 3
2 143 6 6
3 133 3 1
4 114 7 9
7 128 4 7
8 124 9 5
0 300 929 6 0
1 129 4 8
2 108 6 6
4 140 9 3
5 140 9 2
7 147 5 1
9 133 4 6
0 900 900 6 2
0 136 2 3
2 121 5 4
3 149 6 2
4 109 5 5
7 106 3 5
8 104 8 1
900 0 929 6 0
0 145 5 9
1 135 7 3
2 129 8 9
6 130 3 3
7 112 4 5
8 107 4 8
900 600 902 6 3
1 130 2 6
3 133 4 3
4 135 10 6
6 118 3 1
7 121 7 3
8 118 9 3
300 300 930 6 1
0 126 10 2
1 134 4 10
2 143 8 8
4 126 1 3
8 111 2 8
9 145 10 10
600 900 991 6 4
1 128 7 6
2 150 4 9
3 146 3 9
4 103 8 2
8 132 1 5
9 101 5 6
600 300 867 6 4
0 103 10 3
1 110 4 2
4 146 8 7
5 102 1 10
6 148 4 7
8 134 9 8
600 0 823 6 3
1 109 10 2
3 147 1 6
4 111 4 3
5 114 5 1
7 107 1 4
8 127 9 10
300 600 896 6 2
0 100 2 9
2 132 9 8
4 111 3 4
5 135 6 3
8 109 5 2
9 110 9 5
0 0 919 6 4
0 148 6 5
1 123 1 5
2 145 1 8
3 100 6 5
8 144 8 8
9 150 5 1
300 0 806 6 1
0 139 5 2
1 141 7 2
4 101 7 1
6 116 1 9
7 137 2 1
8 120 2 8
300 900 910 6 3
0 128 4 6
1 123 9 2
3 145 9 2
5 145 2 4
8 116 10 8
9 129 8 1
600 1200 810 6 4
1 135 10 10
2 136 4 4
3 115 5 1
7 108 6 10
8 147 10 8
9 146 6 8
900 900 926 6 1
0 118 3 10
1 137 10 9
3 111 1 4
4 116 3 9
5 102 9 1
9 140 2 4
600 600 827 6 3
0 115 5 6
3 119 4 6
4 131 7 2
6 113 4 4
7 146 8 8
8 141 6 3
0 600 916 6 0
0 113 10 10
1 147 9 1
2 130 5 1
6 106 9 8
7 102 4 2
8 142 1 3

900
0 885 2 8 35 4 49
3 445 4 4 16 3 55
5 368 3 7 65 4 38
9 282 4 0 68 4 50
9 5 0 1 80 4 41
10 862 2 4 26 3 55
12 993 4 2 31 5 35
13 848 3 6 38 3 60
14 611 1 9 3 3 55
16 335 1 7 11 5 39
19 1016 0 1 41 3 55
21 187 1 2 77 3 48
22 909 3 7 31 4 45
24 919 1 1 86 5 30
25 941 3 8 87 3 44
26 1048 3 7 15 5 57
28 1140 1 2 19 4 36
28 903 0 4 64 3 37
32 223 2 1 74 5 45
36 661 0 0 83 3 56
39 258 0 6 90 3 56
41 1143 1 9 40 3 30
44 381 0 4 20 4 30
45 223 4 1 36 3 35
46 883 0 6 57 3 34
46 158 0 8 24 5 59
48 1128 3 2 28 5 38
48 715 4 8 15 3 52
49 164 2 8 18 4 48
51 614 2 2 34 5 37
53 431 1 9 63 3 60
53 868 4 5 6 5 32
54 1115 4 6 46 4 50
55 679 1 3 18 5 31
55 285 2 4 100 3 35
56 962 4 4 38 4 59
56 393 0 5 51 3 52
57 107 1 2 37 5 50
58 359 4 7 26 4 33
58 215 3 1 49 4 44
59 146 3 3 60 5 40
61 252 4 6 8 3 53
61 892 1 6 75 5 38
62 1058 3 0 38 4 58
62 150 2 7 81 4 33
63 1115 3 4 22 4 45
63 85 1 6 63 3 46
64 151 0 0 71 4 32
65 642 1 3 50 3 57
68 758 0 9 74 4 44
70 878 3 4 30 5 39
70 876 1 4 2 5 41
71 671 3 9 23 5 60
71 949 0 7 2 3 33
72 676 0 9 40 5 47
75 9 0 9 66 3 40
76 346 3 8 4 3 35
79 195 4 2 24 3 44
79 295 3 2 87 4 54
80 71 3 0 53 3 41
81 526 1 2 44 4 46
82 145 0 1 1 3 40
84 858 3 5 14 4 54
84 965 2 8 85 5 57
86 647 3 1 29 4 53
88 49 4 4 21 4 55
88 9 2 1 44 4 52
90 1045 2 0 96 4 36
90 330 2 1 41 5 57
91 115 2 2 100 3 39
91 448 1 0 42 3 44
91 119 0 4 33 4 56
91 294 0 0 65 5 40
92 251 3 3 56 4 36
93 298 1 9 85 4 57
96 117 4 9 72 4 55
98 1151 2 0 41 5 34
99 715 1 1 28 3 41
100 102 0 1 53 4 46
102 963 3 7 29 5 31
102 473 2 0 3 4 55
102 359 2 0 84 4 36
103 390 4 4 10 5 59
105 987 1 9 30 5 50
105 556 2 5 29 5 55
106 519 3 4 39 5 52
107 14 0 9 5 4 39
108 465 4 2 26 3 33
108 868 1 3 87 4 56
111 242 1 2 50 3 32
112 782 2 6 26 4 41
114 332 3 7 33 4 45
116 276 3 3 49 3 37
116 351 0 1 29 3 43
117 19 4 4 28 3 39
117 19 1 1 90 3 45
118 710 1 1 4 5 44
120 1093 4 5 28 3 52
122 388 4 5 55 5 36
125 1122 3 9 51 3 56
125 591 1 7 91 5 42
126 747 2 7 37 4 45
129 687 4 2 66 5 30
132 522 1 4 87 3 32
136 94 4 8 7 4 54
136 956 2 9 34 5 35
138 699 4 6 71 5 56
140 845 2 8 34 4 50
140 1117 3 4 20 3 44
140 21 1 4 16 4 34
143 117 4 4 76 5 33
144 1034 2 0 1 5 52
144 50 0 9 42 3 56
151 1079 4 2 67 4 45
152 685 2 2 16 5 56
152 558 4 5 64 4 48
154 635 0 2 17 4 32
158 937 0 3 20 3 50
160 58 2 7 17 3 45
160 205 2 0 68 3 41
161 570 0 8 61 3 50
161 1137 4 1 80 3 57
162 900 3 0 72 5 32
162 338 4 6 26 3 54
163 45 0 8 76 4 49
164 701 3 0 25 3 30
165 654 4 6 71 3 55
166 975 3 2 85 3 43
167 601 2 4 10 4 41
169 679 0 2 1 5 34
170 0 3 2 95 5 38
170 904 2 0 61 3 57
171 1145 4 0 72 3 45
171 79 0 5 1 3 36
172 980 2 6 17 4 57
172 916 0 5 57 4 32
173 108 1 7 68 5 48
175 953 3 9 9 3 50
177 1181 1 9 75 3 31
177 1151 3 3 35 5 30
180 243 4 0 48 4 39
180 916 4 6 84 5 40
183 598 4 9 87 3 53
185 442 4 0 75 3 42
186 965 0 2 17 4 36
187 9 0 5 22 5 53
188 713 1 4 95 5 31
188 203 2 0 15 4 37
189 257 1 0 49 3 45
189 932 2 3 82 4 58
189 547 0 4 98 4 34
193 196 2 1 75 5 51
195 64 3 2 42 3 38
196 90 0 0 85 5 57
200 912 3 9 40 3 31
200 682 1 8 37 4 34
201 969 2 6 96 3 57
203 1071 2 8 51 4 33
204 270 3 6 56 5 43
206 605 3 1 65 4 45
207 1018 4 6 31 4 55
209 705 4 8 37 3 46
209 50 3 8 88 5 60
209 839 4 3 38 4 56
212 485 2 2 39 5 60
213 711 1 5 83 3 49
214 525 0 9 44 3 59
214 159 4 7 5 5 53
217 1035 4 6 59 3 36
219 829 0 9 29 5 42
220 22 2 0 34 3 58
221 473 1 3 17 4 48
221 1083 0 6 2 4 31
222 1049 0 9 76 5 46
223 505 2 2 66 5 48
224 797 3 8 31 4 57
226 217 3 1 41 4 47
227 1053 3 9 12 5 34
227 299 4 3 41 3 42
228 603 2 3 83 3 44
228 925 3 9 97 4 58
229 450 1 5 87 3 41
233 651 2 8 67 5 37
235 463 0 9 58 5 52
235 645 3 1 26 5 52
236 207 1 1 46 3 40
236 316 1 6 98 3 55
238 809 3 9 8 3 44
238 771 3 4 8 5 37
238 555 2 6 44 3 30
239 176 0 4 56 3 42
240 1157 3 7 51 4 55
241 595 2 7 82 5 50
242 928 1 1 6 3 49
242 1193 4 6 31 3 39
243 397 4 6 22 5 41
245 409 0 1 66 4 50
245 752 2 1 67 3 48
247 215 1 6 97 4 55
251 192 0 2 58 4 30
252 398 0 0 59 3 39
254 465 3 2 86 5 47
256 1086 0 7 93 3 49
258 641 3 2 57 5 57
259 864 4 6 1 3 45
260 994 4 3 55 5 52
261 350 0 0 88 3 31
263 23 3 1 83 3 38
264 880 0 9 57 3 58
267 405 1 4 28 3 36
267 104 0 1 4 4 34
267 144 1 7 2 3 54
270 604 4 0 34 5 46
270 372 4 0 94 3 40
271 225 2 4 69 3 40
271 1113 1 1 80 3 37
272 525 2 3 2 4 32
274 997 4 6 50 3 59
275 949 2 3 15 4 43
276 373 3 6 58 3 49
276 212 3 8 47 4 59
279 255 4 7 81 3 49
279 826 2 2 19 3 56
280 415 2 5 35 3 60
280 765 1 2 25 5 52
280 50 3 4 89 5 38
281 38 2 3 83 4 42
284 501 0 0 5 3 50
286 699 0 7 92 4 51
286 945 0 5 98 4 42
287 223 4 5 20 4 59
290 223 0 6 98 5 49
291 778 3 0 58 4 59
296 149 1 2 84 4 57
297 1121 2 7 25 4 46
299 840 3 6 93 5 37
299 310 0 4 69 4 43
301 411 4 6 34 3 40
301 195 3 6 48 4 38
301 759 3 8 7 4 38
302 656 1 2 61 3 58
304 115 0 0 68 3 40
307 965 1 3 23 4 55
310 781 1 5 73 4 40
310 822 4 6 68 5 48
315 882 1 6 64 5 42
315 279 1 5 61 5 47
317 111 2 7 52 4 32
318 630 3 7 45 4 47
319 10 0 0 33 5 45
321 1038 3 5 80 4 37
321 560 1 5 11 4 53
322 1158 4 9 64 3 35
322 515 1 2 85 4 55
323 224 0 1 92 4 53
323 144 4 6 100 4 59
323 1000 1 9 53 4 31
324 704 4 5 52 4 44
327 690 3 3 30 5 32
328 311 4 6 49 4 33
332 178 1 6 93 4 30
334 870 2 8 45 3 36
336 904 2 9 44 3 49
339 177 3 3 59 3 55
340 279 4 5 41 5 47
341 110 4 3 16 3 43
342 834 4 0 75 5 41
344 416 4 1 81 5 44
344 891 0 5 59 5 53
344 163 4 5 8 4 55
344 245 4 1 32 5 51
345 470 4 4 87 3 50
347 83 4 9 94 5 57
347 458 0 6 40 3 53
348 143 4 4 71 4 51
348 1155 2 6 14 3 30
357 76 4 5 13 4 50
359 835 2 1 16 3 55
360 731 0 7 28 5 53
362 791 0 9 77 5 39
364 735 4 8 63 3 32
365 582 1 1 49 4 42
365 799 1 2 76 5 35
366 267 0 4 73 3 49
367 118 0 1 54 4 53
367 430 4 1 83 4 36
369 678 0 5 49 3 45
370 920 4 6 30 3 60
376 439 1 5 82 3 57
377 589 0 5 51 3 58
379 637 3 9 66 4 54
379 1111 1 9 24 4 59
379 38 1 3 60 5 45
380 430 0 5 13 5 51
383 792 0 1 59 4 30
384 172 0 9 28 5 51
385 499 3 8 45 4 53
387 217 3 4 31 4 45
387 13 0 6 60 5 39
391 999 1 5 60 5 53
391 906 1 0 58 4 47
394 60 1 9 89 5 36
395 30 2 7 77 5 57
396 341 3 5 9 4 51
401 1110 0 0 16 5 52
403 995 2 4 51 4 32
414 550 4 1 27 3 42
415 186 1 2 60 4 44
416 1131 3 0 64 4 42
416 27 3 5 96 4 38
419 351 4 9 63 4 54
420 539 1 3 57 4 49
425 322 1 8 69 3 33
428 576 0 2 63 3 52
428 962 0 1 79 4 60
428 123 4 1 35 5 48
428 987 2 4 73 3 50
429 125 0 3 69 3 30
430 354 2 8 22 4 45
431 891 1 6 49 5 33
432 693 0 5 35 3 45
433 579 1 7 3 5 57
434 472 2 8 91 5 32
435 136 0 1 94 5 40
437 366 0 6 7 4 47
440 817 1 3 89 4 59
441 109 0 6 2 5 54
442 131 1 8 14 5 31
443 636 4 5 31 5 45
443 352 4 7 50 4 58
444 1175 3 8 63 5 36
445 184 4 4 9 3 36
445 609 1 8 9 5 41
446 1129 4 1 7 3 31
446 283 1 6 15 5 52
447 1132 0 6 47 4 47
447 730 1 5 88 5 53
448 423 0 0 95 5 30
449 500 2 5 16 3 60
450 637 0 0 21 5 32
452 983 3 9 26 3 59
453 270 2 8 21 5 50
454 1110 3 7 59 4 43
455 27 3 9 23 3 39
457 612 3 6 70 4 35
458 705 3 8 86 4 44
459 208 2 7 4 3 55
460 218 3 2 66 4 53
462 407 2 1 18 4 46
464 489 0 4 48 5 32
464 637 2 3 68 3 39
464 757 0 6 45 3 41
466 387 0 3 97 4 47
467 289 1 6 80 4 60
468 283 2 6 81 5 30
468 1007 4 7 53 4 48
469 82 4 6 21 3 41
469 619 3 8 36 4 34
469 532 1 8 28 4 52
472 794 0 9 77 4 59
473 710 1 6 34 5 32
473 821 2 4 33 3 43
475 536 4 3 16 3 44
475 703 3 4 26 5 39
477 1109 4 3 2 4 45
478 437 0 2 79 4 51
478 721 1 3 62 3 35
479 370 2 7 32 4 56
480 419 0 8 94 3 56
480 334 3 9 76 4 46
485 866 3 3 63 4 40
490 21 0 0 73 3 43
493 41 2 8 41 4 44
493 233 2 4 76 3 45
493 969 4 9 32 4 40
494 842 2 4 89 5 40
495 348 4 1 54 5 32
495 176 2 7 17 4 60
496 1140 1 9 91 4 57
498 423 1 9 75 4 49
499 143 0 4 95 5 48
503 334 2 1 32 5 53
503 75 1 5 100 3 47
504 1171 0 3 18 4 37
506 565 2 7 88 5 56
506 1073 4 0 74 3 37
507 18 4 7 42 3 50
508 106 4 8 53 5 55
510 460 2 1 58 3 38
511 336 2 4 43 5 37
513 317 1 5 29 5 57
513 203 2 0 57 4 58
513 556 4 0 32 5 48
516 49 4 1 22 5 60
516 488 4 8 13 3 40
517 916 1 0 3 5 36
518 743 2 0 50 4 39
519 1198 4 4 22 3 57
519 178 4 1 11 3 55
519 722 4 8 78 5 58
522 779 3 6 97 3 45
523 15 0 6 52 4 33
526 1135 0 5 16 5 59
528 618 4 0 89 5 31
528 786 2 5 100 5 35
529 1007 4 4 78 4 44
529 1087 4 5 52 3 55
532 1080 2 1 61 4 58
533 427 2 2 4 5 32
533 598 1 9 7 3 36
533 442 1 5 70 5 43
534 1087 0 7 96 5 40
534 1192 1 2 8 3 60
535 503 4 6 13 3 31
537 769 2 7 43 3 50
537 1175 1 8 20 4 38
541 423 3 0 25 4 60
542 579 2 9 18 5 39
543 694 3 4 76 4 48
546 687 1 5 21 4 47
548 948 1 9 15 3 45
550 176 3 8 53 4 37
552 216 2 8 41 5 49
557 325 0 6 94 5 48
559 850 1 7 96 5 55
559 54 0 7 58 3 43
559 182 2 8 77 5 34
559 451 1 5 9 5 39
561 1156 0 2 20 3 32
561 1009 0 0 81 5 42
562 698 0 8 35 5 41
563 853 4 4 36 3 40
564 75 0 4 30 5 50
566 136 0 4 92 5 41
569 8 1 0 36 4 44
569 1106 1 7 26 3 46
570 581 4 4 43 3 40
572 991 3 9 95 3 45
575 1117 3 2 4 5 40
575 141 4 8 32 5 38
577 58 2 8 24 4 44
577 451 0 8 7 3 48
578 208 3 5 3 5 32
578 240 0 7 26 5 38
579 705 1 4 59 3 42
579 374 1 8 68 4 48
582 184 3 4 73 3 58
583 640 1 9 31 4 53
586 594 2 1 36 5 30
586 122 3 5 12 4 51
587 227 0 9 33 4 33
587 345 2 7 54 3 45
587 778 0 5 45 5 53
588 134 2 2 70 4 60
590 633 0 3 11 5 42
590 901 0 2 82 3 30
591 94 1 7 87 4 56
592 915 4 7 3 5 36
594 472 0 8 59 4 45
594 478 1 8 56 4 56
595 596 2 6 9 5 34
601 279 3 0 25 5 50
604 1030 3 3 33 4 45
604 974 0 9 89 3 58
607 761 3 3 92 5 32
609 197 3 8 71 4 34
609 1061 0 3 2 4 40
611 786 2 2 11 5 32
611 348 3 9 63 3 38
612 669 3 1 61 4 59
614 817 3 1 20 5 45
614 852 2 6 13 3 45
617 155 2 1 85 4 39
618 875 2 2 12 4 42
618 666 1 2 77 5 40
619 552 4 6 41 4 48
621 399 1 8 74 4 37
621 578 1 2 4 3 51
623 1130 4 3 37 4 38
625 746 4 0 44 5 44
625 793 1 3 43 4 37
625 372 3 1 65 5 49
626 958 1 7 81 4 37
626 332 0 1 68 4 59
626 1148 0 8 44 3 56
626 499 0 5 85 3 44
630 1037 2 3 72 5 40
632 1096 2 3 23 3 41
632 1076 2 7 16 4 54
635 468 4 5 83 5 38
639 434 3 6 70 5 34
639 235 3 6 35 4 54
641 915 2 8 100 4 40
642 612 4 8 75 3 58
646 84 0 7 6 3 40
647 636 4 5 45 4 50
648 26 3 9 54 4 54
649 1198 1 4 82 4 35
649 799 3 6 2 5 54
649 108 3 9 44 5 54
651 736 1 8 84 5 38
651 1133 4 1 6 4 40
652 1087 2 4 15 5 30
653 264 4 6 18 5 53
653 782 4 9 48 3 31
654 629 4 9 46 4 56
655 430 3 4 37 4 56
658 584 3 2 98 3 43
659 774 0 6 23 4 59
664 172 0 9 95 3 33
664 470 0 4 27 3 55
666 1072 4 6 98 4 39
670 815 0 2 40 5 33
670 828 3 7 94 3 38
670 1198 0 9 93 4 36
670 763 0 0 31 5 49
671 97 0 1 80 3 44
673 855 1 2 95 3 56
673 137 0 2 63 5 52
674 188 1 6 52 4 31
676 1174 0 0 29 5 35
676 882 0 7 37 3 40
678 473 0 7 95 3 42
680 43 4 5 43 4 40
680 1152 1 1 59 5 38
681 1145 2 9 60 5 40
683 948 0 4 41 4 38
685 282 0 1 35 5 31
688 16 2 3 66 3 30
691 405 2 4 94 5 43
694 182 0 2 31 3 43
694 680 0 2 39 3 36
694 545 0 9 74 3 45
694 1100 4 5 60 5 48
696 478 2 3 71 4 34
697 1198 4 4 93 5 60
702 1068 0 8 6 3 54
702 1025 3 8 70 4 60
704 653 2 9 10 4 38
706 497 4 8 7 5 33
707 382 0 5 79 3 47
708 264 0 9 49 3 47
709 415 4 2 76 5 42
710 786 3 4 53 5 34
715 1155 1 2 37 3 39
715 889 4 6 73 3 32
717 873 3 4 61 5 35
717 58 0 1 54 4 42
718 877 0 5 86 5 37
721 1063 0 1 8 5 34
723 404 1 1 65 4 50
725 1195 1 5 96 3 47
725 1192 1 1 86 5 36
727 811 4 3 35 4 59
728 1008 1 2 38 5 52
728 319 3 3 40 5 50
732 872 0 4 58 5 53
733 186 4 9 94 4 38
733 1058 0 8 37 4 42
735 949 0 9 63 3 53
736 354 0 2 56 5 32
737 1047 3 3 77 5 58
737 348 3 8 15 3 39
740 607 4 6 79 3 35
740 7 1 1 20 4 43
740 549 0 0 94 4 40
741 1143 1 5 36 5 48
743 647 1 8 7 5 31
745 983 1 8 33 3 42
746 802 3 9 58 3 37
749 931 1 4 28 5 58
750 747 4 1 79 3 58
750 552 4 2 9 5 41
752 1141 3 8 42 3 38
752 318 3 6 32 3 44
755 127 0 8 43 4 48
757 821 1 8 23 4 52
757 467 0 4 73 4 53
758 346 2 6 66 4 53
758 730 0 6 92 3 50
762 842 2 2 81 3 32
762 266 4 9 45 3 37
766 698 2 2 62 5 58
766 259 2 9 38 3 47
768 294 2 2 61 4 34
768 777 2 8 69 4 45
769 126 1 2 61 5 49
770 15 3 1 90 3 58
771 686 1 3 93 3 59
774 593 4 4 17 3 52
775 240 3 7 72 5 45
776 201 3 1 85 3 43
777 767 4 7 33 3 58
777 260 1 9 73 4 57
779 293 2 4 74 4 31
780 523 4 6 18 3 60
784 941 1 7 47 5 55
785 337 3 4 88 5 43
786 470 0 5 87 5 58
788 591 2 3 30 4 59
790 506 2 2 72 5 39
791 1109 3 8 48 5 43
794 864 1 2 70 4 40
796 1172 3 0 68 3 58
796 138 2 4 57 5 42
797 166 2 6 70 4 32
797 825 0 6 97 4 41
798 285 2 9 97 5 51
799 290 3 3 32 5 32
800 384 3 1 69 3 53
800 948 1 4 7 3 46
800 490 1 3 19 4 50
804 618 0 0 15 4 47
805 298 4 7 30 3 49
805 1137 0 1 62 3 55
806 71 2 6 47 4 58
807 198 4 7 34 5 42
807 970 4 1 23 4 41
807 1113 1 0 31 4 37
807 236 2 1 42 4 47
809 475 1 0 20 4 33
810 312 3 3 82 3 44
811 496 3 1 73 3 38
811 616 2 2 14 3 40
812 1082 0 1 35 5 45
814 320 3 2 8 4 53
814 1198 0 8 19 4 50
817 626 1 6 72 4 60
817 5 4 3 23 5 60
818 986 1 1 42 3 38
821 416 0 4 28 5 46
824 923 1 2 26 5 53
825 18 2 1 2 4 53
829 750 4 3 90 5 54
834 856 0 4 94 4 38
834 169 0 2 36 3 37
835 315 3 7 32 3 44
836 909 1 2 67 3 49
837 747 2 0 44 3 52
839 82 1 4 86 5 31
852 1063 4 6 52 3 43
852 654 3 9 85 3 44
854 973 1 5 89 3 46
854 434 1 9 94 4 40
855 824 0 0 94 5 40
856 832 3 2 81 3 31
857 156 0 4 82 5 58
858 1172 0 8 23 4 51
858 234 1 3 38 3 43
858 1197 1 2 59 4 46
860 0 2 4 10 4 49
862 63 0 5 5 3 36
864 1157 1 4 39 3 41
865 464 1 3 51 3 34
865 46 2 6 4 4 51
867 614 4 8 22 5 56
868 845 0 9 63 3 47
869 97 0 8 88 4 48
870 522 1 6 67 4 55
870 905 0 9 73 3 30
870 741 4 4 13 5 41
871 1133 1 3 94 5 36
872 299 3 3 38 3 55
874 117 3 6 4 4 56
874 673 2 7 78 5 42
875 1098 3 1 14 4 47
876 297 1 9 95 3 56
877 860 1 3 74 3 31
878 805 1 7 31 5 41
878 1163 4 0 13 5 40
880 144 2 9 18 4 33
880 219 3 3 57 5 33
883 820 3 9 82 5 37
884 421 3 2 35 5 36
884 49 3 3 78 5 55
888 863 0 5 23 4 50
891 438 1 4 32 3 42
893 383 2 1 7 5 60
894 413 4 6 48 5 54
896 54 1 9 32 5 50
898 768 4 4 26 3 39
898 123 2 3 30 4 53
899 806 4 4 79 4 32
902 347 2 2 44 3 36
902 736 4 5 44 3 51
903 289 4 9 28 4 32
905 97 0 4 24 3 34
905 125 0 5 53 4 46
906 95 1 1 93 5 47
907 202 0 9 91 5 46
909 1143 1 7 75 3 31
910 744 4 3 98 3 39
911 241 0 2 35 4 35
911 202 0 3 24 4 35
917 1133 1 8 40 5 31
917 248 4 2 97 4 33
918 41 2 9 22 3 48
919 1129 4 2 64 5 40
920 805 2 7 2 3 36
922 451 4 9 27 5 58
928 743 1 3 59 3 51
929 349 4 4 86 5 32
932 1102 2 7 92 5 33
932 591 2 5 90 5 45
933 1141 2 6 12 4 32
935 721 3 6 24 4 38
936 1050 4 9 82 3 33
936 374 2 4 34 3 31
938 563 4 3 36 4 38
939 944 0 6 83 5 57
941 99 4 3 49 3 40
941 1110 1 0 54 5 54
942 314 0 9 32 5 59
949 13 2 0 28 3 35
950 959 2 4 24 4 60
952 61 1 4 60 4 58
953 67 4 6 86 4 32
953 947 0 1 77 3 31
954 373 1 9 80 4 40
955 1031 4 3 8 5 32
957 880 2 4 36 5 46
959 190 4 7 20 3 33
961 408 2 9 93 3 48
961 67 3 6 16 5 31
962 894 1 6 62 3 57
962 1119 1 7 65 3 45
964 801 4 2 91 4 44
965 733 2 9 95 3 44
965 625 3 6 37 3 53
965 93 3 4 65 5 33
968 713 2 2 15 3 54
968 848 3 6 45 5 35
969 659 3 0 25 5 45
971 422 4 4 7 4 42
972 308 0 3 59 3 57
974 68 0 9 6 5 44
976 642 3 9 53 3 48
976 772 4 8 82 4 46
977 349 1 4 56 3 33
978 549 3 6 99 3 42
979 1015 4 7 91 3 50
981 143 2 5 5 3 40
987 1053 4 0 42 4 50
987 739 3 9 54 3 40
987 756 1 0 26 4 50
990 1123 3 5 78 5 52
991 477 0 9 11 5 45
991 136 3 3 54 4 41
992 1051 1 2 34 4 42
992 298 2 7 65 3 34
995 510 4 2 87 4 35
997 952 2 1 13 3 47
997 1079 4 0 53 4 41
998 202 2 1 91 5 54
999 1143 3 4 93 5 40
1000 384 0 0 74 3 48
1001 140 2 9 73 4 30
1002 1083 3 7 51 5 48
1002 177 4 2 89 5 51
1002 533 2 0 20 3 42
1009 482 0 5 14 5 39
1010 711 4 4 48 5 33
1016 521 3 7 68 4 51
1016 254 3 4 82 4 34
1020 1136 4 1 65 4 55
1021 626 4 2 69 5 39
1021 602 4 9 96 3 34
1022 220 2 5 89 3 46
1022 800 1 9 45 3 49
1023 396 0 0 50 4 45
1024 1122 0 9 29 5 35
1024 965 0 0 44 4 55
1028 644 3 5 51 5 31
1028 237 2 4 76 3 50
1029 977 2 0 99 5 36
1030 770 4 6 3 3 51
1030 224 1 3 25 3 56
1032 89 3 2 31 3 60
1032 219 3 9 52 4 58
1034 308 2 3 89 5 53
1034 112 4 7 29 4 46
1035 250 0 8 28 5 32
1037 166 0 6 85 4 40
1039 456 2 0 8 4 40
1040 590 1 2 59 4 48
1045 218 4 7 10 5 51
1046 27 1 0 50 5 47
1048 279 3 8 18 5 31
1049 203 4 9 45 4 53
1050 1150 0 0 99 3 50
1053 71 2 2 83 5 46
1053 600 2 4 3 5 57
1055 681 1 9 30 4 37
1055 758 4 1 34 3 51
1055 368 3 5 74 3 53
1056 175 4 3 34 3 43
1056 1079 3 5 28 4 41
1058 363 4 2 83 3 57
1061 1083 1 3 38 4 43
1062 1077 1 1 53 3 53
1063 1121 4 6 91 5 41
1063 705 2 1 34 4 35
1065 1100 1 5 46 4 60
1070 278 0 4 32 4 40
1070 1017 1 8 75 5 39
1070 321 3 5 32 5 38
1071 961 2 6 82 5 38
1072 380 4 9 39 5 43
1072 293 0 6 66 3 45
1072 1083 0 3 91 5 59
1073 17 0 8 48 5 37
1075 507 0 3 50 3 44
1077 1062 2 4 9 4 43
1078 796 3 5 50 4 53
1085 1046 0 8 42 5 58
1088 575 2 0 75 4 33
1089 512 4 9 8 4 50
1091 702 3 5 53 4 60
1091 1044 2 7 15 4 57
1092 60 4 2 94 5 31
1101 583 3 8 68 3 42
1103 1078 4 7 97 4 31
1105 1196 1 7 9 3 57
1106 949 0 6 64 5 52
1106 1066 2 4 58 4 30
1106 186 3 4 97 5 47
1106 1041 0 3 10 5 60
1109 241 2 6 58 5 49
1109 475 1 5 75 4 37
1114 974 3 4 73 4 34
1115 1044 2 9 31 4 58
1115 651 1 8 94 3 53
1121 165 2 7 66 5 46
1124 126 0 3 19 4 51
1124 51 3 4 74 3 55
1125 1069 0 9 26 4 30
1127 198 3 7 68 4 42
1127 1110 2 8 25 3 33
1128 695 3 0 23 3 51
1128 479 0 4 23 5 53
1129 299 3 0 33 3 60
1129 337 4 1 42 3 51
1130 238 1 7 44 3 47
1130 828 3 5 25 5 54
1130 289 2 2 65 3 55
1131 840 1 2 89 3 48
1134 909 0 8 24 5 44
1135 733 0 0 89 5 30
1135 1189 1 7 7 4 52
1137 694 3 9 90 3 47
1137 617 3 5 88 3 48
1138 38 3 1 85 4 43
1140 242 2 0 95 5 60
1140 957 2 0 91 3 35
1143 1109 2 4 64 4 32
1148 124 3 2 73 3 59
1149 1045 4 5 53 3 30
1149 640 4 7 89 3 49
1150 689 2 8 41 5 60
1150 888 1 7 47 5 49
1150 859 2 3 13 3 60
1151 1029 1 8 9 3 35
1151 800 2 7 9 5 52
1152 5 0 2 70 3 43
1153 707 0 0 12 3 50
1155 428 1 9 12 3 51
1156 756 1 8 84 5 41
1160 182 4 5 83 4 56
1162 828 2 4 11 4 41
1166 185 2 8 17 5 47
1167 1126 3 8 27 5 45
1168 456 0 7 66 5 49
1169 86 0 0 32 5 51
1169 168 0 4 99 3 36
1169 859 2 6 29 4 57
1169 779 4 6 25 4 52
1170 1097 0 3 83 4 48
1171 1009 1 9 66 5 49
1177 173 0 2 17 3 31
1177 336 2 9 54 4 42
1177 321 2 9 66 5 53
1179 417 3 1 1 4 39
1180 1010 3 0 98 5 51
1180 153 3 4 55 3 50
1181 226 4 8 4 5 48
1182 422 1 5 80 3 42
1185 237 0 1 46 5 55
1191 464 1 1 81 4 40
1191 683 3 2 5 3 55
1192 719 1 5 62 3 38
1192 311 3 4 95 3 60
1192 197 0 3 91 4 37
1193 575 4 0 18 5 34
1193 981 3 0 56 5 46
1193 424 1 6 49 3 33
1193 929 2 7 43 4 55
1195 272 4 9 77 3 43
1195 263 2 1 25 3 58
1197 999 3 8 5 3 35
1198 172 3 2 95 4 59

