10

5
0 20 20 20 20 20 20 20 20 20 20
1 20 20 20 20 20 20 20 20 20 20
2 20 20 20 20 20 20 20 20 20 20
3 20 20 20 20 20 20 20 20 20 20
4 20 20 20 20 20 20 20 20 20 20

25
300 1200 985 6 4
0 126 7 2
1 106 3 6
2 130 10 8
4 126 4 4
5 120 6 6
9 127 2 9
1200 900 925 6 1
0 144 5 5
1 144 5 3
3 139 2 1
4 117 4 4
6 136 4 1
9 100 10 5
1200 0 871 6 1
2 127 3 3
4 125 2 3
5 149 10 7
7 122 4 2
8 138 1 9
9 112 7 3
900 300 844 6 2
0 133 1 3
1 107 8 9
4 121 1 2
5 136 2 2
6 121 5 2
7 142 5 1
900 1200 806 6 2
0 117 2 7
2 106 4 4
3 112 4 2
4 119 3 9
6 124 3 2
8 128 8 1
1200 600 845 6 2
1 119 3 2
3 100 5 1
4 124 6 5
5 125 8 2
6 104 10 8
9 113 1 9
0 1200 817 6 0
0 118 10 2
2 100 1 4
4 147 4 10
5 125 10 2
8 137 6 5
9 128 1 3
1200 300 959 6 0
0 137 8 6
1 114 4 5
4 128 6 7
6 113 10 1
7 122 3 2
8 147 6 1
1200 1200 994 6 3
1 149 1 3
2 143 6 6
3 133 3 1
4 114 7 9
7 128 4 7
8 124 9 5
0 300 929 6 0
1 129 4 8
2 108 6 6
4 140 9 3
5 140 9 2
7 147 5 1
9 133 4 6
0 900 900 6 2
0 136 2 3
2 121 5 4
3 149 6 2
4 109 5 5
7 106 3 5
8 104 8 1
900 0 929 6 0
0 145 5 9
1 135 7 3
2 129 8 9
6 130 3 3
7 112 4 5
8 107 4 8
900 600 902 6 3
1 130 2 6
3 133 4 3
4 135 10 6
6 118 3 1
7 121 7 3
8 118 9 3
300 300 930 6 1
0 126 10 2
1 134 4 10
2 143 8 8
4 126 1 3
8 111 2 8
9 145 10 10
600 900 991 6 4
1 128 7 6
2 150 4 9
3 146 3 9
4 103 8 2
8 132 1 5
9 101 5 6
600 300 867 6 4
0 103 10 3
1 110 4 2
4 146 8 7
5 102 1 10
6 148 4 7
8 134 9 8
600 0 823 6 3
1 109 10 2
3 147 1 6
4 111 4 3
5 114 5 1
7 107 1 4
8 127 9 10
300 600 896 6 2
0 100 2 9
2 132 9 8
4 111 3 4
5 135 6 3
8 109 5 2
9 110 9 5
0 0 919 6 4
0 148 6 5
1 123 1 5
2 145 1 8
3 100 6 5
8 144 8 8
9 150 5 1
300 0 806 6 1
0 139 5 2
1 141 7 2
4 101 7 1
6 116 1 9
7 137 2 1
8 120 2 8
300 900 910 6 3
0 128 4 6
1 123 9 2
3 145 9 2
5 145 2 4
8 116 10 8
9 129 8 1
600 1200 810 6 4
1 135 10 10
2 136 4 4
3 115 5 1
7 108 6 10
8 147 10 8
9 146 6 8
900 900 926 6 1
0 118 3 10
1 137 10 9
3 111 1 4
4 116 3 9
5 102 9 1
9 140 2 4
600 600 827 6 3
0 115 5 6
3 119 4 6
4 131 7 2
6 113 4 4
7 146 8 8
8 141 6 3
0 600 916 6 0
0 113 10 10
1 147 9 1
2 130 5 1
6 106 9 8
7 102 4 2
8 142 1 3

800
0 1121 4 3 97 4 54
3 302 0 0 18 5 30
5 749 2 0 78 4 55
9 446 2 2 88 4 59
10 920 1 5 4 3 30
12 1045 4 0 34 3 37
13 53 2 0 40 3 34
14 170 4 2 62 5 37
16 1106 3 7 15 4 47
19 144 4 0 29 3 36
21 428 0 9 71 4 33
22 992 2 8 25 4 45
24 888 0 5 50 3 50
25 9 4 9 54 4 41
26 575 4 3 49 4 43
28 467 0 9 72 4 35
32 117 2 1 65 5 55
36 46 2 9 16 5 44
39 41 2 7 35 4 41
44 1169 4 5 56 4 46
45 548 3 9 28 5 58
46 583 0 1 96 3 51
48 984 3 8 60 4 34
48 46 4 5 84 3 50
49 239 0 9 39 4 43
51 696 2 3 15 4 48
54 312 1 2 95 5 43
55 938 3 4 10 4 50
55 386 4 0 30 3 54
56 349 3 1 68 4 45
57 171 0 5 1 5 32
59 307 1 9 28 5 44
61 791 3 3 64 4 44
61 383 0 0 59 4 46
62 504 3 8 63 4 33
62 1140 1 2 19 4 36
63 903 0 4 64 3 37
63 223 2 1 74 5 45
64 661 0 0 83 3 56
65 258 0 6 90 3 56
70 1143 1 9 40 3 30
70 381 0 4 20 4 30
71 223 4 1 36 3 35
71 883 0 6 57 3 34
72 158 0 8 24 5 59
76 1128 3 2 28 5 38
79 715 4 8 15 3 52
80 164 2 8 18 4 48
81 614 2 2 34 5 37
82 431 1 9 63 3 60
84 868 4 5 6 5 32
84 1115 4 6 46 4 50
86 679 1 3 18 5 31
88 285 2 4 100 3 35
88 962 4 4 38 4 59
90 393 0 5 51 3 52
90 107 1 2 37 5 50
91 359 4 7 26 4 33
91 215 3 1 49 4 44
91 146 3 3 60 5 40
91 252 4 6 8 3 53
92 892 1 6 75 5 38
93 1058 3 0 38 4 58
96 150 2 7 81 4 33
98 1115 3 4 22 4 45
99 85 1 6 63 3 46
102 151 0 0 71 4 32
102 642 1 3 50 3 57
102 758 0 9 74 4 44
103 878 3 4 30 5 39
105 876 1 4 2 5 41
105 671 3 9 23 5 60
106 949 0 7 2 3 33
107 676 0 9 40 5 47
108 9 0 9 66 3 40
108 346 3 8 4 3 35
111 195 4 2 24 3 44
112 295 3 2 87 4 54
114 71 3 0 53 3 41
116 526 1 2 44 4 46
116 145 0 1 1 3 40
118 858 3 5 14 4 54
120 965 2 8 85 5 57
122 647 3 1 29 4 53
125 49 4 4 21 4 55
126 9 2 1 44 4 52
129 1045 2 0 96 4 36
132 330 2 1 41 5 57
136 115 2 2 100 3 39
136 448 1 0 42 3 44
138 119 0 4 33 4 56
140 294 0 0 65 5 40
140 251 3 3 56 4 36
140 298 1 9 85 4 57
143 117 4 9 72 4 55
144 1151 2 0 41 5 34
151 715 1 1 28 3 41
152 102 0 1 53 4 46
152 963 3 7 29 5 31
154 473 2 0 3 4 55
158 359 2 0 84 4 36
160 390 4 4 10 5 59
160 987 1 9 30 5 50
161 556 2 5 29 5 55
161 519 3 4 39 5 52
162 14 0 9 5 4 39
162 465 4 2 26 3 33
163 868 1 3 87 4 56
164 242 1 2 50 3 32
165 782 2 6 26 4 41
166 332 3 7 33 4 45
167 276 3 3 49 3 37
169 351 0 1 29 3 43
170 19 4 4 28 3 39
171 19 1 1 90 3 45
171 710 1 1 4 5 44
172 1093 4 5 28 3 52
172 388 4 5 55 5 36
173 1122 3 9 51 3 56
175 591 1 7 91 5 42
177 747 2 7 37 4 45
177 687 4 2 66 5 30
180 522 1 4 87 3 32
180 94 4 8 7 4 54
183 956 2 9 34 5 35
185 699 4 6 71 5 56
186 845 2 8 34 4 50
187 1117 3 4 20 3 44
188 21 1 4 16 4 34
188 117 4 4 76 5 33
189 1034 2 0 1 5 52
189 50 0 9 42 3 56
189 1079 4 2 67 4 45
193 685 2 2 16 5 56
195 558 4 5 64 4 48
200 635 0 2 17 4 32
200 937 0 3 20 3 50
201 58 2 7 17 3 45
203 205 2 0 68 3 41
204 570 0 8 61 3 50
206 1137 4 1 80 3 57
207 900 3 0 72 5 32
209 338 4 6 26 3 54
209 45 0 8 76 4 49
209 701 3 0 25 3 30
214 654 4 6 71 3 55
214 975 3 2 85 3 43
219 601 2 4 10 4 41
220 679 0 2 1 5 34
221 0 3 2 95 5 38
221 904 2 0 61 3 57
222 1145 4 0 72 3 45
223 79 0 5 1 3 36
224 980 2 6 17 4 57
226 916 0 5 57 4 32
227 108 1 7 68 5 48
228 953 3 9 9 3 50
228 1181 1 9 75 3 31
229 1151 3 3 35 5 30
233 243 4 0 48 4 39
235 916 4 6 84 5 40
236 598 4 9 87 3 53
236 442 4 0 75 3 42
238 965 0 2 17 4 36
238 9 0 5 22 5 53
238 713 1 4 95 5 31
239 203 2 0 15 4 37
240 257 1 0 49 3 45
241 932 2 3 82 4 58
242 547 0 4 98 4 34
242 196 2 1 75 5 51
243 64 3 2 42 3 38
245 90 0 0 85 5 57
245 912 3 9 40 3 31
247 682 1 8 37 4 34
251 969 2 6 96 3 57
254 1071 2 8 51 4 33
256 270 3 6 56 5 43
259 605 3 1 65 4 45
260 1018 4 6 31 4 55
261 705 4 8 37 3 46
263 50 3 8 88 5 60
264 839 4 3 38 4 56
267 485 2 2 39 5 60
267 711 1 5 83 3 49
267 525 0 9 44 3 59
270 159 4 7 5 5 53
270 1035 4 6 59 3 36
271 829 0 9 29 5 42
271 22 2 0 34 3 58
272 473 1 3 17 4 48
274 1083 0 6 2 4 31
275 1049 0 9 76 5 46
276 505 2 2 66 5 48
276 797 3 8 31 4 57
279 217 3 1 41 4 47
279 1053 3 9 12 5 34
280 299 4 3 41 3 42
280 603 2 3 83 3 44
281 925 3 9 97 4 58
284 450 1 5 87 3 41
286 651 2 8 67 5 37
286 463 0 9 58 5 52
287 645 3 1 26 5 52
290 207 1 1 46 3 40
291 316 1 6 98 3 55
296 809 3 9 8 3 44
297 771 3 4 8 5 37
299 555 2 6 44 3 30
299 176 0 4 56 3 42
301 1157 3 7 51 4 55
301 595 2 7 82 5 50
301 928 1 1 6 3 49
304 1193 4 6 31 3 39
307 397 4 6 22 5 41
310 409 0 1 66 4 50
310 752 2 1 67 3 48
315 215 1 6 97 4 55
317 192 0 2 58 4 30
318 398 0 0 59 3 39
319 465 3 2 86 5 47
321 1086 0 7 93 3 49
321 641 3 2 57 5 57
322 864 4 6 1 3 45
322 994 4 3 55 5 52
323 350 0 0 88 3 31
323 23 3 1 83 3 38
323 880 0 9 57 3 58
324 405 1 4 28 3 36
327 104 0 1 4 4 34
328 144 1 7 2 3 54
332 604 4 0 34 5 46
334 372 4 0 94 3 40
336 225 2 4 69 3 40
339 1113 1 1 80 3 37
340 525 2 3 2 4 32
341 997 4 6 50 3 59
344 949 2 3 15 4 43
344 373 3 6 58 3 49
344 212 3 8 47 4 59
344 255 4 7 81 3 49
345 826 2 2 19 3 56
347 415 2 5 35 3 60
347 765 1 2 25 5 52
348 50 3 4 89 5 38
357 38 2 3 83 4 42
359 501 0 0 5 3 50
360 699 0 7 92 4 51
362 945 0 5 98 4 42
364 223 4 5 20 4 59
365 223 0 6 98 5 49
365 778 3 0 58 4 59
366 149 1 2 84 4 57
367 1121 2 7 25 4 46
367 840 3 6 93 5 37
369 310 0 4 69 4 43
370 411 4 6 34 3 40
376 195 3 6 48 4 38
379 759 3 8 7 4 38
379 656 1 2 61 3 58
379 115 0 0 68 3 40
380 965 1 3 23 4 55
384 781 1 5 73 4 40
385 822 4 6 68 5 48
387 882 1 6 64 5 42
387 279 1 5 61 5 47
391 111 2 7 52 4 32
394 630 3 7 45 4 47
395 10 0 0 33 5 45
396 1038 3 5 80 4 37
401 560 1 5 11 4 53
403 1158 4 9 64 3 35
414 515 1 2 85 4 55
416 224 0 1 92 4 53
416 144 4 6 100 4 59
419 1000 1 9 53 4 31
420 704 4 5 52 4 44
425 690 3 3 30 5 32
428 311 4 6 49 4 33
428 178 1 6 93 4 30
428 870 2 8 45 3 36
429 904 2 9 44 3 49
430 177 3 3 59 3 55
431 279 4 5 41 5 47
432 110 4 3 16 3 43
434 834 4 0 75 5 41
435 416 4 1 81 5 44
437 891 0 5 59 5 53
440 163 4 5 8 4 55
441 245 4 1 32 5 51
442 470 4 4 87 3 50
443 83 4 9 94 5 57
443 458 0 6 40 3 53
444 143 4 4 71 4 51
445 1155 2 6 14 3 30
446 76 4 5 13 4 50
447 835 2 1 16 3 55
447 731 0 7 28 5 53
449 791 0 9 77 5 39
450 735 4 8 63 3 32
452 582 1 1 49 4 42
453 799 1 2 76 5 35
454 267 0 4 73 3 49
457 118 0 1 54 4 53
458 430 4 1 83 4 36
459 678 0 5 49 3 45
460 920 4 6 30 3 60
464 439 1 5 82 3 57
464 589 0 5 51 3 58
464 637 3 9 66 4 54
466 1111 1 9 24 4 59
468 38 1 3 60 5 45
468 430 0 5 13 5 51
469 792 0 1 59 4 30
469 172 0 9 28 5 51
469 499 3 8 45 4 53
472 217 3 4 31 4 45
473 13 0 6 60 5 39
473 999 1 5 60 5 53
475 906 1 0 58 4 47
475 60 1 9 89 5 36
477 30 2 7 77 5 57
478 341 3 5 9 4 51
478 1110 0 0 16 5 52
479 995 2 4 51 4 32
480 550 4 1 27 3 42
485 186 1 2 60 4 44
490 1131 3 0 64 4 42
493 27 3 5 96 4 38
493 351 4 9 63 4 54
493 539 1 3 57 4 49
494 322 1 8 69 3 33
495 576 0 2 63 3 52
495 962 0 1 79 4 60
496 123 4 1 35 5 48
498 987 2 4 73 3 50
499 125 0 3 69 3 30
503 354 2 8 22 4 45
503 891 1 6 49 5 33
504 693 0 5 35 3 45
506 579 1 7 3 5 57
506 472 2 8 91 5 32
507 136 0 1 94 5 40
508 366 0 6 7 4 47
511 817 1 3 89 4 59
513 109 0 6 2 5 54
513 131 1 8 14 5 31
513 636 4 5 31 5 45
516 352 4 7 50 4 58
516 1175 3 8 63 5 36
517 184 4 4 9 3 36
518 609 1 8 9 5 41
519 1129 4 1 7 3 31
519 283 1 6 15 5 52
519 1132 0 6 47 4 47
523 730 1 5 88 5 53
526 423 0 0 95 5 30
528 500 2 5 16 3 60
528 637 0 0 21 5 32
529 983 3 9 26 3 59
529 270 2 8 21 5 50
532 1110 3 7 59 4 43
533 27 3 9 23 3 39
533 612 3 6 70 4 35
533 705 3 8 86 4 44
534 208 2 7 4 3 55
534 218 3 2 66 4 53
537 407 2 1 18 4 46
537 489 0 4 48 5 32
541 637 2 3 68 3 39
543 757 0 6 45 3 41
548 387 0 3 97 4 47
550 289 1 6 80 4 60
552 283 2 6 81 5 30
557 1007 4 7 53 4 48
559 82 4 6 21 3 41
559 619 3 8 36 4 34
559 532 1 8 28 4 52
559 794 0 9 77 4 59
561 710 1 6 34 5 32
561 821 2 4 33 3 43
562 536 4 3 16 3 44
563 703 3 4 26 5 39
564 1109 4 3 2 4 45
566 437 0 2 79 4 51
569 721 1 3 62 3 35
569 370 2 7 32 4 56
570 419 0 8 94 3 56
575 334 3 9 76 4 46
577 866 3 3 63 4 40
577 21 0 0 73 3 43
578 41 2 8 41 4 44
579 233 2 4 76 3 45
579 969 4 9 32 4 40
582 842 2 4 89 5 40
583 348 4 1 54 5 32
586 176 2 7 17 4 60
586 1140 1 9 91 4 57
587 423 1 9 75 4 49
587 143 0 4 95 5 48
587 334 2 1 32 5 53
588 75 1 5 100 3 47
590 1171 0 3 18 4 37
590 565 2 7 88 5 56
591 1073 4 0 74 3 37
592 18 4 7 42 3 50
594 106 4 8 53 5 55
594 460 2 1 58 3 38
595 336 2 4 43 5 37
604 317 1 5 29 5 57
604 203 2 0 57 4 58
607 556 4 0 32 5 48
609 49 4 1 22 5 60
609 488 4 8 13 3 40
611 916 1 0 3 5 36
611 743 2 0 50 4 39
612 1198 4 4 22 3 57
614 178 4 1 11 3 55
614 722 4 8 78 5 58
617 779 3 6 97 3 45
618 15 0 6 52 4 33
618 1135 0 5 16 5 59
619 618 4 0 89 5 31
621 786 2 5 100 5 35
621 1007 4 4 78 4 44
623 1087 4 5 52 3 55
625 1080 2 1 61 4 58
625 427 2 2 4 5 32
625 598 1 9 7 3 36
626 442 1 5 70 5 43
626 1087 0 7 96 5 40
626 1192 1 2 8 3 60
630 503 4 6 13 3 31
632 769 2 7 43 3 50
632 1175 1 8 20 4 38
635 423 3 0 25 4 60
639 579 2 9 18 5 39
639 694 3 4 76 4 48
641 687 1 5 21 4 47
642 948 1 9 15 3 45
646 176 3 8 53 4 37
648 216 2 8 41 5 49
649 325 0 6 94 5 48
649 850 1 7 96 5 55
649 54 0 7 58 3 43
651 182 2 8 77 5 34
653 451 1 5 9 5 39
654 1156 0 2 20 3 32
655 1009 0 0 81 5 42
658 698 0 8 35 5 41
659 853 4 4 36 3 40
664 75 0 4 30 5 50
664 136 0 4 92 5 41
666 8 1 0 36 4 44
670 1106 1 7 26 3 46
670 581 4 4 43 3 40
670 991 3 9 95 3 45
671 1117 3 2 4 5 40
673 141 4 8 32 5 38
673 58 2 8 24 4 44
674 451 0 8 7 3 48
676 208 3 5 3 5 32
678 240 0 7 26 5 38
680 705 1 4 59 3 42
680 374 1 8 68 4 48
681 184 3 4 73 3 58
683 640 1 9 31 4 53
685 594 2 1 36 5 30
688 122 3 5 12 4 51
691 227 0 9 33 4 33
694 345 2 7 54 3 45
694 778 0 5 45 5 53
694 134 2 2 70 4 60
694 633 0 3 11 5 42
696 901 0 2 82 3 30
697 94 1 7 87 4 56
702 915 4 7 3 5 36
702 472 0 8 59 4 45
704 478 1 8 56 4 56
706 596 2 6 9 5 34
707 279 3 0 25 5 50
708 1030 3 3 33 4 45
709 974 0 9 89 3 58
710 761 3 3 92 5 32
715 197 3 8 71 4 34
717 1061 0 3 2 4 40
718 786 2 2 11 5 32
721 348 3 9 63 3 38
723 669 3 1 61 4 59
725 817 3 1 20 5 45
725 852 2 6 13 3 45
727 155 2 1 85 4 39
728 875 2 2 12 4 42
728 666 1 2 77 5 40
733 552 4 6 41 4 48
733 399 1 8 74 4 37
735 578 1 2 4 3 51
737 1130 4 3 37 4 38
737 746 4 0 44 5 44
740 793 1 3 43 4 37
740 372 3 1 65 5 49
740 958 1 7 81 4 37
741 332 0 1 68 4 59
745 1148 0 8 44 3 56
746 499 0 5 85 3 44
750 1037 2 3 72 5 40
750 1096 2 3 23 3 41
752 1076 2 7 16 4 54
752 468 4 5 83 5 38
755 434 3 6 70 5 34
757 235 3 6 35 4 54
757 915 2 8 100 4 40
758 612 4 8 75 3 58
758 84 0 7 6 3 40
762 636 4 5 45 4 50
762 26 3 9 54 4 54
766 1198 1 4 82 4 35
766 799 3 6 2 5 54
768 108 3 9 44 5 54
769 736 1 8 84 5 38
770 1133 4 1 6 4 40
771 1087 2 4 15 5 30
775 264 4 6 18 5 53
777 782 4 9 48 3 31
777 629 4 9 46 4 56
779 430 3 4 37 4 56
780 584 3 2 98 3 43
784 774 0 6 23 4 59
785 172 0 9 95 3 33
786 470 0 4 27 3 55
788 1072 4 6 98 4 39
790 815 0 2 40 5 33
791 828 3 7 94 3 38
794 1198 0 9 93 4 36
796 763 0 0 31 5 49
796 97 0 1 80 3 44
797 855 1 2 95 3 56
797 137 0 2 63 5 52
799 188 1 6 52 4 31
800 1174 0 0 29 5 35
800 882 0 7 37 3 40
800 473 0 7 95 3 42
804 43 4 5 43 4 40
805 1152 1 1 59 5 38
805 1145 2 9 60 5 40
806 948 0 4 41 4 38
807 282 0 1 35 5 31
807 16 2 3 66 3 30
807 405 2 4 94 5 43
807 182 0 2 31 3 43
809 680 0 2 39 3 36
810 545 0 9 74 3 45
811 1100 4 5 60 5 48
811 478 2 3 71 4 34
812 1198 4 4 93 5 60
814 1068 0 8 6 3 54
814 1025 3 8 70 4 60
817 653 2 9 10 4 38
817 497 4 8 7 5 33
818 382 0 5 79 3 47
821 264 0 9 49 3 47
824 415 4 2 76 5 42
825 786 3 4 53 5 34
829 1155 1 2 37 3 39
834 889 4 6 73 3 32
834 873 3 4 61 5 35
835 58 0 1 54 4 42
836 877 0 5 86 5 37
837 1063 0 1 8 5 34
839 404 1 1 65 4 50
852 1195 1 5 96 3 47
852 1192 1 1 86 5 36
854 811 4 3 35 4 59
854 1008 1 2 38 5 52
855 319 3 3 40 5 50
856 872 0 4 58 5 53
857 186 4 9 94 4 38
858 1058 0 8 37 4 42
860 949 0 9 63 3 53
862 354 0 2 56 5 32
864 1047 3 3 77 5 58
865 348 3 8 15 3 39
865 607 4 6 79 3 35
867 7 1 1 20 4 43
868 549 0 0 94 4 40
869 1143 1 5 36 5 48
870 647 1 8 7 5 31
870 983 1 8 33 3 42
870 802 3 9 58 3 37
871 931 1 4 28 5 58
872 747 4 1 79 3 58
874 552 4 2 9 5 41
875 1141 3 8 42 3 38
876 318 3 6 32 3 44
877 127 0 8 43 4 48
878 821 1 8 23 4 52
878 467 0 4 73 4 53
880 346 2 6 66 4 53
880 730 0 6 92 3 50
883 842 2 2 81 3 32
884 266 4 9 45 3 37
884 698 2 2 62 5 58
891 259 2 9 38 3 47
893 294 2 2 61 4 34
894 777 2 8 69 4 45
896 126 1 2 61 5 49
898 15 3 1 90 3 58
898 686 1 3 93 3 59
899 593 4 4 17 3 52
902 240 3 7 72 5 45
902 201 3 1 85 3 43
903 767 4 7 33 3 58
905 260 1 9 73 4 57
905 293 2 4 74 4 31
906 523 4 6 18 3 60
907 941 1 7 47 5 55
909 337 3 4 88 5 43
910 470 0 5 87 5 58
911 591 2 3 30 4 59
911 506 2 2 72 5 39
917 1109 3 8 48 5 43
917 864 1 2 70 4 40
918 1172 3 0 68 3 58
919 138 2 4 57 5 42
922 166 2 6 70 4 32
928 825 0 6 97 4 41
929 285 2 9 97 5 51
932 290 3 3 32 5 32
933 384 3 1 69 3 53
935 948 1 4 7 3 46
936 490 1 3 19 4 50
936 618 0 0 15 4 47
939 298 4 7 30 3 49
941 1137 0 1 62 3 55
941 71 2 6 47 4 58
942 198 4 7 34 5 42
949 970 4 1 23 4 41
950 1113 1 0 31 4 37
952 236 2 1 42 4 47
953 475 1 0 20 4 33
953 312 3 3 82 3 44
954 496 3 1 73 3 38
955 616 2 2 14 3 40
957 1082 0 1 35 5 45
959 320 3 2 8 4 53
961 1198 0 8 19 4 50
961 626 1 6 72 4 60
962 5 4 3 23 5 60
962 986 1 1 42 3 38
964 416 0 4 28 5 46
965 923 1 2 26 5 53
968 18 2 1 2 4 53
968 750 4 3 90 5 54
969 856 0 4 94 4 38
971 169 0 2 36 3 37
972 315 3 7 32 3 44
974 909 1 2 67 3 49
976 747 2 0 44 3 52
977 82 1 4 86 5 31
978 1063 4 6 52 3 43
987 654 3 9 85 3 44
987 973 1 5 89 3 46
990 434 1 9 94 4 40
991 824 0 0 94 5 40
991 832 3 2 81 3 31
992 156 0 4 82 5 58
995 1172 0 8 23 4 51
997 234 1 3 38 3 43
997 1197 1 2 59 4 46
998 0 2 4 10 4 49
999 63 0 5 5 3 36
1000 1157 1 4 39 3 41
1001 464 1 3 51 3 34
1002 46 2 6 4 4 51
1002 614 4 8 22 5 56
1002 845 0 9 63 3 47
1009 97 0 8 88 4 48
1010 522 1 6 67 4 55
1016 905 0 9 73 3 30
1020 741 4 4 13 5 41
1021 1133 1 3 94 5 36
1021 299 3 3 38 3 55
1022 117 3 6 4 4 56
1022 673 2 7 78 5 42
1023 1098 3 1 14 4 47
1024 297 1 9 95 3 56
1024 860 1 3 74 3 31
1028 805 1 7 31 5 41
1028 1163 4 0 13 5 40
1029 144 2 9 18 4 33
1030 219 3 3 57 5 33
1030 820 3 9 82 5 37
1032 421 3 2 35 5 36
1032 49 3 3 78 5 55
1034 863 0 5 23 4 50
1035 438 1 4 32 3 42
1039 383 2 1 7 5 60
1040 413 4 6 48 5 54
1046 54 1 9 32 5 50
1048 768 4 4 26 3 39
1049 123 2 3 30 4 53
1050 806 4 4 79 4 32
1053 347 2 2 44 3 36
1053 736 4 5 44 3 51
1055 289 4 9 28 4 32
1055 97 0 4 24 3 34
1055 125 0 5 53 4 46
1056 95 1 1 93 5 47
1056 202 0 9 91 5 46
1058 1143 1 7 75 3 31
1061 744 4 3 98 3 39
1062 241 0 2 35 4 35
1063 202 0 3 24 4 35
1063 1133 1 8 40 5 31
1065 248 4 2 97 4 33
1070 41 2 9 22 3 48
1070 1129 4 2 64 5 40
1070 805 2 7 2 3 36
1072 451 4 9 27 5 58
1072 743 1 3 59 3 51
1072 349 4 4 86 5 32
1073 1102 2 7 92 5 33
1075 591 2 5 90 5 45
1077 1141 2 6 12 4 32
1078 721 3 6 24 4 38
1085 1050 4 9 82 3 33
1088 374 2 4 34 3 31
1089 563 4 3 36 4 38
1091 944 0 6 83 5 57
1091 99 4 3 49 3 40
1101 1110 1 0 54 5 54
1105 314 0 9 32 5 59
1106 13 2 0 28 3 35
1106 959 2 4 24 4 60
1106 61 1 4 60 4 58
1109 67 4 6 86 4 32
1109 947 0 1 77 3 31
1114 373 1 9 80 4 40
1115 1031 4 3 8 5 32
1115 880 2 4 36 5 46
1124 190 4 7 20 3 33
1124 408 2 9 93 3 48
1127 67 3 6 16 5 31
1127 894 1 6 62 3 57
1128 1119 1 7 65 3 45
1128 801 4 2 91 4 44
1129 733 2 9 95 3 44
1130 625 3 6 37 3 53
1130 93 3 4 65 5 33
1131 713 2 2 15 3 54
1134 848 3 6 45 5 35
1135 659 3 0 25 5 45
1135 422 4 4 7 4 42
1137 308 0 3 59 3 57
1137 68 0 9 6 5 44
1138 642 3 9 53 3 48
1140 772 4 8 82 4 46
1140 349 1 4 56 3 33
1143 549 3 6 99 3 42
1148 1015 4 7 91 3 50
1149 143 2 5 5 3 40
1149 1053 4 0 42 4 50
1150 739 3 9 54 3 40
1150 756 1 0 26 4 50
1151 1123 3 5 78 5 52
1151 477 0 9 11 5 45
1152 136 3 3 54 4 41
1153 1051 1 2 34 4 42
1155 298 2 7 65 3 34
1156 510 4 2 87 4 35
1162 952 2 1 13 3 47
1166 1079 4 0 53 4 41
1167 202 2 1 91 5 54
1168 1143 3 4 93 5 40
1169 384 0 0 74 3 48
1169 140 2 9 73 4 30
1169 1083 3 7 51 5 48
1170 177 4 2 89 5 51
1171 533 2 0 20 3 42
1177 482 0 5 14 5 39
1177 711 4 4 48 5 33
1177 521 3 7 68 4 51
1179 254 3 4 82 4 34
1180 1136 4 1 65 4 55
1180 626 4 2 69 5 39
1181 602 4 9 96 3 34
1182 220 2 5 89 3 46
1185 800 1 9 45 3 49
1191 396 0 0 50 4 45
1192 1122 0 9 29 5 35
1192 965 0 0 44 4 55
1192 644 3 5 51 5 31
1193 237 2 4 76 3 50
1193 977 2 0 99 5 36
1193 770 4 6 3 3 51
1193 224 1 3 25 3 56
1195 89 3 2 31 3 60
1195 219 3 9 52 4 58
1197 308 2 3 89 5 53
1198 112 4 7 29 4 46

