10

5
0 20 20 20 20 20 20 20 20 20 20
1 20 20 20 20 20 20 20 20 20 20
2 20 20 20 20 20 20 20 20 20 20
3 20 20 20 20 20 20 20 20 20 20
4 20 20 20 20 20 20 20 20 20 20

25
300 1200 985 6 4
0 126 7 2
1 106 3 6
2 130 10 8
4 126 4 4
5 120 6 6
9 127 2 9
1200 900 925 6 1
0 144 5 5
1 144 5 3
3 139 2 1
4 117 4 4
6 136 4 1
9 100 10 5
1200 0 871 6 1
2 127 3 3
4 125 2 3
5 149 10 7
7 122 4 2
8 138 1 9
9 112 7 3
900 300 844 6 2
0 133 1 3
1 107 8 9
4 121 1 2
5 136 2 2
6 121 5 2
7 142 5 1
900 1200 806 6 2
0 117 2 7
2 106 4 4
3 112 4 2
4 119 3 9
6 124 3 2
8 128 8 1
1200 600 845 6 2
1 119 3 2
3 100 5 1
4 124 6 5
5 125 8 2
6 104 10 8
9 113 1 9
0 1200 817 6 0
0 118 10 2
2 100 1 4
4 147 4 10
5 125 10 2
8 137 6 5
9 128 1 3
1200 300 959 6 0
0 137 8 6
1 114 4 5
4 128 6 7
6 113 10 1
7 122 3 2
8 147 6 1
1200 1200 994 6 3
1 149 1 3
2 143 6 6
3 133 3 1
4 114 7 9
7 128 4 7
8 124 9 5
0 300 929 6 0
1 129 4 8
2 108 6 6
4 140 9 3
5 140 9 2
7 147 5 1
9 133 4 6
0 900 900 6 2
0 136 2 3
2 121 5 4
3 149 6 2
4 109 5 5
7 106 3 5
8 104 8 1
900 0 929 6 0
0 145 5 9
1 135 7 3
2 129 8 9
6 130 3 3
7 112 4 5
8 107 4 8
900 600 902 6 3
1 130 2 6
3 133 4 3
4 135 10 6
6 118 3 1
7 121 7 3
8 118 9 3
300 300 930 6 1
0 126 10 2
1 134 4 10
2 143 8 8
4 126 1 3
8 111 2 8
9 145 10 10
600 900 991 6 4
1 128 7 6
2 150 4 9
3 146 3 9
4 103 8 2
8 132 1 5
9 101 5 6
600 300 867 6 4
0 103 10 3
1 110 4 2
4 146 8 7
5 102 1 10
6 148 4 7
8 134 9 8
600 0 823 6 3
1 109 10 2
3 147 1 6
4 111 4 3
5 114 5 1
7 107 1 4
8 127 9 10
300 600 896 6 2
0 100 2 9
2 132 9 8
4 111 3 4
5 135 6 3
8 109 5 2
9 110 9 5
0 0 919 6 4
0 148 6 5
1 123 1 5
2 145 1 8
3 100 6 5
8 144 8 8
9 150 5 1
300 0 806 6 1
0 139 5 2
1 141 7 2
4 101 7 1
6 116 1 9
7 137 2 1
8 120 2 8
300 900 910 6 3
0 128 4 6
1 123 9 2
3 145 9 2
5 145 2 4
8 116 10 8
9 129 8 1
600 1200 810 6 4
1 135 10 10
2 136 4 4
3 115 5 1
7 108 6 10
8 147 10 8
9 146 6 8
900 900 926 6 1
0 118 3 10
1 137 10 9
3 111 1 4
4 116 3 9
5 102 9 1
9 140 2 4
600 600 827 6 3
0 115 5 6
3 119 4 6
4 131 7 2
6 113 4 4
7 146 8 8
8 141 6 3
0 600 916 6 0
0 113 10 10
1 147 9 1
2 130 5 1
6 106 9 8
7 102 4 2
8 142 1 3

1000
0 328 1 0 56 5 60
0 293 4 2 75 4 30
3 35 4 2 9 4 34
5 568 0 1 85 5 48
5 153 2 3 22 4 52
9 34 3 7 30 3 32
9 13 4 2 96 5 43
10 287 1 8 36 4 52
10 1072 0 0 92 3 41
12 1049 1 5 75 4 39
13 338 2 3 27 5 34
14 994 1 6 89 5 46
16 663 0 1 70 5 42
19 726 2 5 84 3 36
21 286 4 0 18 4 60
22 588 1 2 61 5 48
24 586 2 6 81 3 32
25 725 3 0 89 3 34
26 294 2 9 84 3 46
28 955 1 5 14 5 33
28 858 0 6 57 4 54
32 146 3 3 60 5 40
36 252 4 6 8 3 53
39 892 1 6 75 5 38
41 1058 3 0 38 4 58
41 150 2 7 81 4 33
44 1115 3 4 22 4 45
45 85 1 6 63 3 46
46 151 0 0 71 4 32
46 642 1 3 50 3 57
46 758 0 9 74 4 44
48 878 3 4 30 5 39
48 876 1 4 2 5 41
49 671 3 9 23 5 60
51 949 0 7 2 3 33
53 676 0 9 40 5 47
53 9 0 9 66 3 40
53 346 3 8 4 3 35
54 195 4 2 24 3 44
55 295 3 2 87 4 54
55 71 3 0 53 3 41
56 526 1 2 44 4 46
56 145 0 1 1 3 40
57 858 3 5 14 4 54
58 965 2 8 85 5 57
58 647 3 1 29 4 53
59 49 4 4 21 4 55
61 9 2 1 44 4 52
61 1045 2 0 96 4 36
62 330 2 1 41 5 57
62 115 2 2 100 3 39
63 448 1 0 42 3 44
63 119 0 4 33 4 56
64 294 0 0 65 5 40
65 251 3 3 56 4 36
68 298 1 9 85 4 57
70 117 4 9 72 4 55
70 1151 2 0 41 5 34
71 715 1 1 28 3 41
71 102 0 1 53 4 46
72 963 3 7 29 5 31
75 473 2 0 3 4 55
76 359 2 0 84 4 36
79 390 4 4 10 5 59
79 987 1 9 30 5 50
80 556 2 5 29 5 55
81 519 3 4 39 5 52
82 14 0 9 5 4 39
84 465 4 2 26 3 33
84 868 1 3 87 4 56
86 242 1 2 50 3 32
88 782 2 6 26 4 41
88 332 3 7 33 4 45
90 276 3 3 49 3 37
90 351 0 1 29 3 43
91 19 4 4 28 3 39
91 19 1 1 90 3 45
91 710 1 1 4 5 44
91 1093 4 5 28 3 52
92 388 4 5 55 5 36
93 1122 3 9 51 3 56
96 591 1 7 91 5 42
98 747 2 7 37 4 45
99 687 4 2 66 5 30
99 522 1 4 87 3 32
100 94 4 8 7 4 54
102 956 2 9 34 5 35
102 699 4 6 71 5 56
102 845 2 8 34 4 50
103 1117 3 4 20 3 44
105 21 1 4 16 4 34
105 117 4 4 76 5 33
106 1034 2 0 1 5 52
107 50 0 9 42 3 56
108 1079 4 2 67 4 45
108 685 2 2 16 5 56
111 558 4 5 64 4 48
112 635 0 2 17 4 32
114 937 0 3 20 3 50
116 58 2 7 17 3 45
116 205 2 0 68 3 41
117 570 0 8 61 3 50
117 1137 4 1 80 3 57
118 900 3 0 72 5 32
120 338 4 6 26 3 54
122 45 0 8 76 4 49
125 701 3 0 25 3 30
125 654 4 6 71 3 55
126 975 3 2 85 3 43
129 601 2 4 10 4 41
132 679 0 2 1 5 34
136 0 3 2 95 5 38
136 904 2 0 61 3 57
136 1145 4 0 72 3 45
138 79 0 5 1 3 36
140 980 2 6 17 4 57
140 916 0 5 57 4 32
140 108 1 7 68 5 48
143 953 3 9 9 3 50
144 1181 1 9 75 3 31
144 1151 3 3 35 5 30
151 243 4 0 48 4 39
152 916 4 6 84 5 40
152 598 4 9 87 3 53
154 442 4 0 75 3 42
158 965 0 2 17 4 36
158 9 0 5 22 5 53
160 713 1 4 95 5 31
160 203 2 0 15 4 37
161 257 1 0 49 3 45
161 932 2 3 82 4 58
162 547 0 4 98 4 34
162 196 2 1 75 5 51
163 64 3 2 42 3 38
164 90 0 0 85 5 57
164 912 3 9 40 3 31
165 682 1 8 37 4 34
166 969 2 6 96 3 57
167 1071 2 8 51 4 33
169 270 3 6 56 5 43
170 605 3 1 65 4 45
170 1018 4 6 31 4 55
171 705 4 8 37 3 46
171 50 3 8 88 5 60
171 839 4 3 38 4 56
171 485 2 2 39 5 60
172 711 1 5 83 3 49
172 525 0 9 44 3 59
173 159 4 7 5 5 53
175 1035 4 6 59 3 36
177 829 0 9 29 5 42
177 22 2 0 34 3 58
180 473 1 3 17 4 48
180 1083 0 6 2 4 31
183 1049 0 9 76 5 46
185 505 2 2 66 5 48
186 797 3 8 31 4 57
187 217 3 1 41 4 47
187 1053 3 9 12 5 34
188 299 4 3 41 3 42
188 603 2 3 83 3 44
189 925 3 9 97 4 58
189 450 1 5 87 3 41
189 651 2 8 67 5 37
193 463 0 9 58 5 52
195 645 3 1 26 5 52
196 207 1 1 46 3 40
200 316 1 6 98 3 55
200 809 3 9 8 3 44
201 771 3 4 8 5 37
202 555 2 6 44 3 30
203 176 0 4 56 3 42
204 1157 3 7 51 4 55
206 595 2 7 82 5 50
207 928 1 1 6 3 49
209 1193 4 6 31 3 39
209 397 4 6 22 5 41
209 409 0 1 66 4 50
212 752 2 1 67 3 48
213 215 1 6 97 4 55
214 192 0 2 58 4 30
214 398 0 0 59 3 39
217 465 3 2 86 5 47
219 1086 0 7 93 3 49
220 641 3 2 57 5 57
221 864 4 6 1 3 45
221 994 4 3 55 5 52
222 350 0 0 88 3 31
223 23 3 1 83 3 38
223 880 0 9 57 3 58
224 405 1 4 28 3 36
226 104 0 1 4 4 34
227 144 1 7 2 3 54
227 604 4 0 34 5 46
227 372 4 0 94 3 40
228 225 2 4 69 3 40
228 1113 1 1 80 3 37
229 525 2 3 2 4 32
232 997 4 6 50 3 59
233 949 2 3 15 4 43
235 373 3 6 58 3 49
235 212 3 8 47 4 59
236 255 4 7 81 3 49
236 826 2 2 19 3 56
236 415 2 5 35 3 60
236 765 1 2 25 5 52
238 50 3 4 89 5 38
238 38 2 3 83 4 42
238 501 0 0 5 3 50
239 699 0 7 92 4 51
239 945 0 5 98 4 42
240 223 4 5 20 4 59
241 223 0 6 98 5 49
241 778 3 0 58 4 59
242 149 1 2 84 4 57
242 1121 2 7 25 4 46
243 840 3 6 93 5 37
244 310 0 4 69 4 43
245 411 4 6 34 3 40
245 195 3 6 48 4 38
247 759 3 8 7 4 38
251 656 1 2 61 3 58
252 115 0 0 68 3 40
254 965 1 3 23 4 55
256 781 1 5 73 4 40
258 822 4 6 68 5 48
259 882 1 6 64 5 42
260 279 1 5 61 5 47
261 111 2 7 52 4 32
263 630 3 7 45 4 47
264 10 0 0 33 5 45
267 1038 3 5 80 4 37
267 560 1 5 11 4 53
267 1158 4 9 64 3 35
270 515 1 2 85 4 55
270 224 0 1 92 4 53
271 144 4 6 100 4 59
271 1000 1 9 53 4 31
272 704 4 5 52 4 44
274 690 3 3 30 5 32
275 311 4 6 49 4 33
276 178 1 6 93 4 30
276 870 2 8 45 3 36
279 904 2 9 44 3 49
279 177 3 3 59 3 55
280 279 4 5 41 5 47
280 110 4 3 16 3 43
280 834 4 0 75 5 41
281 416 4 1 81 5 44
282 891 0 5 59 5 53
284 163 4 5 8 4 55
286 245 4 1 32 5 51
286 470 4 4 87 3 50
287 83 4 9 94 5 57
289 458 0 6 40 3 53
290 143 4 4 71 4 51
291 1155 2 6 14 3 30
295 76 4 5 13 4 50
296 835 2 1 16 3 55
297 731 0 7 28 5 53
299 791 0 9 77 5 39
299 735 4 8 63 3 32
301 582 1 1 49 4 42
301 799 1 2 76 5 35
301 267 0 4 73 3 49
302 118 0 1 54 4 53
304 430 4 1 83 4 36
307 678 0 5 49 3 45
307 920 4 6 30 3 60
310 439 1 5 82 3 57
310 589 0 5 51 3 58
312 637 3 9 66 4 54
312 1111 1 9 24 4 59
315 38 1 3 60 5 45
315 430 0 5 13 5 51
317 792 0 1 59 4 30
318 172 0 9 28 5 51
319 499 3 8 45 4 53
321 217 3 4 31 4 45
321 13 0 6 60 5 39
322 999 1 5 60 5 53
322 906 1 0 58 4 47
323 60 1 9 89 5 36
323 30 2 7 77 5 57
323 341 3 5 9 4 51
324 1110 0 0 16 5 52
327 995 2 4 51 4 32
328 550 4 1 27 3 42
332 186 1 2 60 4 44
334 1131 3 0 64 4 42
335 27 3 5 96 4 38
336 351 4 9 63 4 54
339 539 1 3 57 4 49
340 322 1 8 69 3 33
341 576 0 2 63 3 52
342 962 0 1 79 4 60
344 123 4 1 35 5 48
344 987 2 4 73 3 50
344 125 0 3 69 3 30
344 354 2 8 22 4 45
345 891 1 6 49 5 33
347 693 0 5 35 3 45
347 579 1 7 3 5 57
348 472 2 8 91 5 32
348 136 0 1 94 5 40
349 366 0 6 7 4 47
357 817 1 3 89 4 59
359 109 0 6 2 5 54
360 131 1 8 14 5 31
362 636 4 5 31 5 45
364 352 4 7 50 4 58
365 1175 3 8 63 5 36
365 184 4 4 9 3 36
366 609 1 8 9 5 41
367 1129 4 1 7 3 31
367 283 1 6 15 5 52
368 1132 0 6 47 4 47
369 730 1 5 88 5 53
369 423 0 0 95 5 30
370 500 2 5 16 3 60
370 637 0 0 21 5 32
376 983 3 9 26 3 59
377 270 2 8 21 5 50
379 1110 3 7 59 4 43
379 27 3 9 23 3 39
379 612 3 6 70 4 35
380 705 3 8 86 4 44
383 208 2 7 4 3 55
383 218 3 2 66 4 53
384 407 2 1 18 4 46
385 489 0 4 48 5 32
386 637 2 3 68 3 39
387 757 0 6 45 3 41
387 387 0 3 97 4 47
391 289 1 6 80 4 60
391 283 2 6 81 5 30
394 1007 4 7 53 4 48
395 82 4 6 21 3 41
396 619 3 8 36 4 34
401 532 1 8 28 4 52
403 794 0 9 77 4 59
410 710 1 6 34 5 32
414 821 2 4 33 3 43
415 536 4 3 16 3 44
416 703 3 4 26 5 39
416 1109 4 3 2 4 45
419 437 0 2 79 4 51
420 721 1 3 62 3 35
425 370 2 7 32 4 56
428 419 0 8 94 3 56
428 334 3 9 76 4 46
428 866 3 3 63 4 40
428 21 0 0 73 3 43
429 41 2 8 41 4 44
430 233 2 4 76 3 45
430 969 4 9 32 4 40
431 842 2 4 89 5 40
432 348 4 1 54 5 32
433 176 2 7 17 4 60
434 1140 1 9 91 4 57
435 423 1 9 75 4 49
436 143 0 4 95 5 48
437 334 2 1 32 5 53
440 75 1 5 100 3 47
441 1171 0 3 18 4 37
442 565 2 7 88 5 56
443 1073 4 0 74 3 37
443 18 4 7 42 3 50
444 106 4 8 53 5 55
445 460 2 1 58 3 38
445 336 2 4 43 5 37
445 317 1 5 29 5 57
446 203 2 0 57 4 58
446 556 4 0 32 5 48
447 49 4 1 22 5 60
447 488 4 8 13 3 40
448 916 1 0 3 5 36
449 743 2 0 50 4 39
450 1198 4 4 22 3 57
452 178 4 1 11 3 55
453 722 4 8 78 5 58
454 779 3 6 97 3 45
455 15 0 6 52 4 33
457 1135 0 5 16 5 59
458 618 4 0 89 5 31
459 786 2 5 100 5 35
460 1007 4 4 78 4 44
462 1087 4 5 52 3 55
464 1080 2 1 61 4 58
464 427 2 2 4 5 32
464 598 1 9 7 3 36
464 442 1 5 70 5 43
464 1087 0 7 96 5 40
466 1192 1 2 8 3 60
467 503 4 6 13 3 31
468 769 2 7 43 3 50
468 1175 1 8 20 4 38
469 423 3 0 25 4 60
469 579 2 9 18 5 39
469 694 3 4 76 4 48
472 687 1 5 21 4 47
473 948 1 9 15 3 45
473 176 3 8 53 4 37
475 216 2 8 41 5 49
475 325 0 6 94 5 48
477 850 1 7 96 5 55
477 54 0 7 58 3 43
478 182 2 8 77 5 34
478 451 1 5 9 5 39
479 1156 0 2 20 3 32
480 1009 0 0 81 5 42
480 698 0 8 35 5 41
485 853 4 4 36 3 40
485 75 0 4 30 5 50
490 136 0 4 92 5 41
493 8 1 0 36 4 44
493 1106 1 7 26 3 46
493 581 4 4 43 3 40
494 991 3 9 95 3 45
494 1117 3 2 4 5 40
495 141 4 8 32 5 38
495 58 2 8 24 4 44
496 451 0 8 7 3 48
498 208 3 5 3 5 32
499 240 0 7 26 5 38
503 705 1 4 59 3 42
503 374 1 8 68 4 48
504 184 3 4 73 3 58
504 640 1 9 31 4 53
506 594 2 1 36 5 30
506 122 3 5 12 4 51
507 227 0 9 33 4 33
508 345 2 7 54 3 45
510 778 0 5 45 5 53
511 134 2 2 70 4 60
513 633 0 3 11 5 42
513 901 0 2 82 3 30
513 94 1 7 87 4 56
516 915 4 7 3 5 36
516 472 0 8 59 4 45
517 478 1 8 56 4 56
517 596 2 6 9 5 34
518 279 3 0 25 5 50
519 1030 3 3 33 4 45
519 974 0 9 89 3 58
519 761 3 3 92 5 32
522 197 3 8 71 4 34
523 1061 0 3 2 4 40
526 786 2 2 11 5 32
528 348 3 9 63 3 38
528 669 3 1 61 4 59
529 817 3 1 20 5 45
529 852 2 6 13 3 45
532 155 2 1 85 4 39
533 875 2 2 12 4 42
533 666 1 2 77 5 40
533 552 4 6 41 4 48
534 399 1 8 74 4 37
534 578 1 2 4 3 51
535 1130 4 3 37 4 38
537 746 4 0 44 5 44
537 793 1 3 43 4 37
541 372 3 1 65 5 49
542 958 1 7 81 4 37
543 332 0 1 68 4 59
546 1148 0 8 44 3 56
548 499 0 5 85 3 44
548 1037 2 3 72 5 40
549 1096 2 3 23 3 41
550 1076 2 7 16 4 54
552 468 4 5 83 5 38
557 434 3 6 70 5 34
559 235 3 6 35 4 54
559 915 2 8 100 4 40
559 612 4 8 75 3 58
559 84 0 7 6 3 40
561 636 4 5 45 4 50
561 26 3 9 54 4 54
562 1198 1 4 82 4 35
563 799 3 6 2 5 54
564 108 3 9 44 5 54
566 736 1 8 84 5 38
569 1133 4 1 6 4 40
569 1087 2 4 15 5 30
570 264 4 6 18 5 53
572 782 4 9 48 3 31
575 629 4 9 46 4 56
575 430 3 4 37 4 56
577 584 3 2 98 3 43
577 774 0 6 23 4 59
578 172 0 9 95 3 33
578 470 0 4 27 3 55
579 1072 4 6 98 4 39
579 815 0 2 40 5 33
582 828 3 7 94 3 38
583 1198 0 9 93 4 36
583 763 0 0 31 5 49
586 97 0 1 80 3 44
586 855 1 2 95 3 56
587 137 0 2 63 5 52
587 188 1 6 52 4 31
587 1174 0 0 29 5 35
587 882 0 7 37 3 40
588 473 0 7 95 3 42
590 43 4 5 43 4 40
590 1152 1 1 59 5 38
591 1145 2 9 60 5 40
592 948 0 4 41 4 38
594 282 0 1 35 5 31
594 16 2 3 66 3 30
595 405 2 4 94 5 43
601 182 0 2 31 3 43
604 680 0 2 39 3 36
604 545 0 9 74 3 45
605 1100 4 5 60 5 48
607 478 2 3 71 4 34
608 1198 4 4 93 5 60
609 1068 0 8 6 3 54
609 1025 3 8 70 4 60
609 653 2 9 10 4 38
611 497 4 8 7 5 33
611 382 0 5 79 3 47
611 264 0 9 49 3 47
612 415 4 2 76 5 42
614 786 3 4 53 5 34
614 1155 1 2 37 3 39
617 889 4 6 73 3 32
618 873 3 4 61 5 35
618 58 0 1 54 4 42
619 877 0 5 86 5 37
621 1063 0 1 8 5 34
621 404 1 1 65 4 50
623 1195 1 5 96 3 47
625 1192 1 1 86 5 36
625 811 4 3 35 4 59
625 1008 1 2 38 5 52
626 319 3 3 40 5 50
626 872 0 4 58 5 53
626 186 4 9 94 4 38
626 1058 0 8 37 4 42
630 949 0 9 63 3 53
630 354 0 2 56 5 32
632 1047 3 3 77 5 58
632 348 3 8 15 3 39
635 607 4 6 79 3 35
639 7 1 1 20 4 43
639 549 0 0 94 4 40
641 1143 1 5 36 5 48
642 647 1 8 7 5 31
644 983 1 8 33 3 42
646 802 3 9 58 3 37
647 931 1 4 28 5 58
648 747 4 1 79 3 58
649 552 4 2 9 5 41
649 1141 3 8 42 3 38
649 318 3 6 32 3 44
651 127 0 8 43 4 48
651 821 1 8 23 4 52
652 467 0 4 73 4 53
652 346 2 6 66 4 53
653 730 0 6 92 3 50
653 842 2 2 81 3 32
654 266 4 9 45 3 37
655 698 2 2 62 5 58
658 259 2 9 38 3 47
659 294 2 2 61 4 34
661 777 2 8 69 4 45
664 126 1 2 61 5 49
664 15 3 1 90 3 58
666 686 1 3 93 3 59
670 593 4 4 17 3 52
670 240 3 7 72 5 45
670 201 3 1 85 3 43
670 767 4 7 33 3 58
671 260 1 9 73 4 57
673 293 2 4 74 4 31
673 523 4 6 18 3 60
674 941 1 7 47 5 55
676 337 3 4 88 5 43
676 470 0 5 87 5 58
678 591 2 3 30 4 59
680 506 2 2 72 5 39
680 1109 3 8 48 5 43
681 864 1 2 70 4 40
683 1172 3 0 68 3 58
685 138 2 4 57 5 42
688 166 2 6 70 4 32
691 825 0 6 97 4 41
694 285 2 9 97 5 51
694 290 3 3 32 5 32
694 384 3 1 69 3 53
694 948 1 4 7 3 46
696 490 1 3 19 4 50
696 618 0 0 15 4 47
697 298 4 7 30 3 49
702 1137 0 1 62 3 55
702 71 2 6 47 4 58
704 198 4 7 34 5 42
706 970 4 1 23 4 41
707 1113 1 0 31 4 37
708 236 2 1 42 4 47
709 475 1 0 20 4 33
710 312 3 3 82 3 44
715 496 3 1 73 3 38
715 616 2 2 14 3 40
717 1082 0 1 35 5 45
717 320 3 2 8 4 53
718 1198 0 8 19 4 50
721 626 1 6 72 4 60
723 5 4 3 23 5 60
725 986 1 1 42 3 38
725 416 0 4 28 5 46
727 923 1 2 26 5 53
727 18 2 1 2 4 53
728 750 4 3 90 5 54
728 856 0 4 94 4 38
732 169 0 2 36 3 37
733 315 3 7 32 3 44
733 909 1 2 67 3 49
735 747 2 0 44 3 52
736 82 1 4 86 5 31
737 1063 4 6 52 3 43
737 654 3 9 85 3 44
740 973 1 5 89 3 46
740 434 1 9 94 4 40
740 824 0 0 94 5 40
741 832 3 2 81 3 31
743 156 0 4 82 5 58
745 1172 0 8 23 4 51
746 234 1 3 38 3 43
749 1197 1 2 59 4 46
750 0 2 4 10 4 49
750 63 0 5 5 3 36
752 1157 1 4 39 3 41
752 464 1 3 51 3 34
755 46 2 6 4 4 51
757 614 4 8 22 5 56
757 845 0 9 63 3 47
758 97 0 8 88 4 48
758 522 1 6 67 4 55
762 905 0 9 73 3 30
762 741 4 4 13 5 41
766 1133 1 3 94 5 36
766 299 3 3 38 3 55
766 117 3 6 4 4 56
768 673 2 7 78 5 42
768 1098 3 1 14 4 47
769 297 1 9 95 3 56
770 860 1 3 74 3 31
771 805 1 7 31 5 41
774 1163 4 0 13 5 40
775 144 2 9 18 4 33
776 219 3 3 57 5 33
777 820 3 9 82 5 37
777 421 3 2 35 5 36
779 49 3 3 78 5 55
780 863 0 5 23 4 50
784 438 1 4 32 3 42
785 383 2 1 7 5 60
786 413 4 6 48 5 54
788 54 1 9 32 5 50
790 768 4 4 26 3 39
791 123 2 3 30 4 53
791 806 4 4 79 4 32
794 347 2 2 44 3 36
796 736 4 5 44 3 51
796 289 4 9 28 4 32
797 97 0 4 24 3 34
797 125 0 5 53 4 46
798 95 1 1 93 5 47
799 202 0 9 91 5 46
800 1143 1 7 75 3 31
800 744 4 3 98 3 39
800 241 0 2 35 4 35
804 202 0 3 24 4 35
805 1133 1 8 40 5 31
805 248 4 2 97 4 33
806 41 2 9 22 3 48
807 1129 4 2 64 5 40
807 805 2 7 2 3 36
807 451 4 9 27 5 58
807 743 1 3 59 3 51
809 349 4 4 86 5 32
810 1102 2 7 92 5 33
811 591 2 5 90 5 45
811 1141 2 6 12 4 32
812 721 3 6 24 4 38
814 1050 4 9 82 3 33
814 374 2 4 34 3 31
817 563 4 3 36 4 38
817 944 0 6 83 5 57
818 99 4 3 49 3 40
821 1110 1 0 54 5 54
824 314 0 9 32 5 59
825 13 2 0 28 3 35
829 959 2 4 24 4 60
834 61 1 4 60 4 58
834 67 4 6 86 4 32
835 947 0 1 77 3 31
836 373 1 9 80 4 40
837 1031 4 3 8 5 32
839 880 2 4 36 5 46
846 190 4 7 20 3 33
848 408 2 9 93 3 48
852 67 3 6 16 5 31
852 894 1 6 62 3 57
854 1119 1 7 65 3 45
854 801 4 2 91 4 44
855 733 2 9 95 3 44
856 625 3 6 37 3 53
857 93 3 4 65 5 33
858 713 2 2 15 3 54
858 848 3 6 45 5 35
858 659 3 0 25 5 45
859 422 4 4 7 4 42
860 308 0 3 59 3 57
862 68 0 9 6 5 44
862 642 3 9 53 3 48
864 772 4 8 82 4 46
865 349 1 4 56 3 33
865 549 3 6 99 3 42
867 1015 4 7 91 3 50
868 143 2 5 5 3 40
869 1053 4 0 42 4 50
870 739 3 9 54 3 40
870 756 1 0 26 4 50
870 1123 3 5 78 5 52
871 477 0 9 11 5 45
872 136 3 3 54 4 41
874 1051 1 2 34 4 42
874 298 2 7 65 3 34
875 510 4 2 87 4 35
876 952 2 1 13 3 47
877 1079 4 0 53 4 41
878 202 2 1 91 5 54
878 1143 3 4 93 5 40
880 384 0 0 74 3 48
880 140 2 9 73 4 30
883 1083 3 7 51 5 48
884 177 4 2 89 5 51
884 533 2 0 20 3 42
885 482 0 5 14 5 39
888 711 4 4 48 5 33
891 521 3 7 68 4 51
893 254 3 4 82 4 34
894 1136 4 1 65 4 55
896 626 4 2 69 5 39
898 602 4 9 96 3 34
898 220 2 5 89 3 46
899 800 1 9 45 3 49
899 396 0 0 50 4 45
902 1122 0 9 29 5 35
902 965 0 0 44 4 55
903 644 3 5 51 5 31
903 237 2 4 76 3 50
905 977 2 0 99 5 36
905 770 4 6 3 3 51
906 224 1 3 25 3 56
907 89 3 2 31 3 60
909 219 3 9 52 4 58
909 308 2 3 89 5 53
910 112 4 7 29 4 46
911 250 0 8 28 5 32
911 166 0 6 85 4 40
917 456 2 0 8 4 40
917 590 1 2 59 4 48
918 218 4 7 10 5 51
919 27 1 0 50 5 47
919 279 3 8 18 5 31
920 203 4 9 45 4 53
922 1150 0 0 99 3 50
928 71 2 2 83 5 46
929 600 2 4 3 5 57
932 681 1 9 30 4 37
932 758 4 1 34 3 51
933 368 3 5 74 3 53
935 175 4 3 34 3 43
936 1079 3 5 28 4 41
936 363 4 2 83 3 57
938 1083 1 3 38 4 43
938 1077 1 1 53 3 53
939 1121 4 6 91 5 41
940 705 2 1 34 4 35
941 1100 1 5 46 4 60
941 278 0 4 32 4 40
941 1017 1 8 75 5 39
942 321 3 5 32 5 38
949 961 2 6 82 5 38
950 380 4 9 39 5 43
952 293 0 6 66 3 45
953 1083 0 3 91 5 59
953 17 0 8 48 5 37
954 507 0 3 50 3 44
955 1062 2 4 9 4 43
956 796 3 5 50 4 53
957 1046 0 8 42 5 58
957 575 2 0 75 4 33
959 512 4 9 8 4 50
961 702 3 5 53 4 60
961 1044 2 7 15 4 57
962 60 4 2 94 5 31
962 583 3 8 68 3 42
964 1078 4 7 97 4 31
965 1196 1 7 9 3 57
965 949 0 6 64 5 52
965 1066 2 4 58 4 30
968 186 3 4 97 5 47
968 1041 0 3 10 5 60
969 241 2 6 58 5 49
971 475 1 5 75 4 37
972 974 3 4 73 4 34
974 1044 2 9 31 4 58
976 651 1 8 94 3 53
976 165 2 7 66 5 46
977 126 0 3 19 4 51
977 51 3 4 74 3 55
978 1069 0 9 26 4 30
979 198 3 7 68 4 42
981 1110 2 8 25 3 33
984 695 3 0 23 3 51
987 479 0 4 23 5 53
987 299 3 0 33 3 60
987 337 4 1 42 3 51
990 238 1 7 44 3 47
991 828 3 5 25 5 54
991 289 2 2 65 3 55
992 840 1 2 89 3 48
992 909 0 8 24 5 44
993 733 0 0 89 5 30
993 1189 1 7 7 4 52
995 694 3 9 90 3 47
997 617 3 5 88 3 48
997 38 3 1 85 4 43
998 242 2 0 95 5 60
998 957 2 0 91 3 35
999 1109 2 4 64 4 32
1000 124 3 2 73 3 59
1001 1045 4 5 53 3 30
1002 640 4 7 89 3 49
1002 689 2 8 41 5 60
1002 888 1 7 47 5 49
1003 859 2 3 13 3 60
1005 1029 1 8 9 3 35
1007 800 2 7 9 5 52
1008 5 0 2 70 3 43
1008 707 0 0 12 3 50
1009 428 1 9 12 3 51
1010 756 1 8 84 5 41
1016 182 4 5 83 4 56
1016 828 2 4 11 4 41
1016 185 2 8 17 5 47
1020 1126 3 8 27 5 45
1021 456 0 7 66 5 49
1021 86 0 0 32 5 51
1022 168 0 4 99 3 36
1022 859 2 6 29 4 57
1022 779 4 6 25 4 52
1023 1097 0 3 83 4 48
1024 1009 1 9 66 5 49
1024 173 0 2 17 3 31
1028 336 2 9 54 4 42
1028 321 2 9 66 5 53
1029 417 3 1 1 4 39
1030 1010 3 0 98 5 51
1030 153 3 4 55 3 50
1032 226 4 8 4 5 48
1032 422 1 5 80 3 42
1034 237 0 1 46 5 55
1034 464 1 1 81 4 40
1034 683 3 2 5 3 55
1035 719 1 5 62 3 38
1035 311 3 4 95 3 60
1037 197 0 3 91 4 37
1039 575 4 0 18 5 34
1040 981 3 0 56 5 46
1045 424 1 6 49 3 33
1046 929 2 7 43 4 55
1048 272 4 9 77 3 43
1048 263 2 1 25 3 58
1049 999 3 8 5 3 35
1050 172 3 2 95 4 59
1053 242 1 9 6 3 46
1053 1181 4 1 49 3 35
1055 649 1 6 49 3 47
1055 922 3 0 51 5 55
1055 242 3 3 43 3 35
1056 726 2 5 19 3 51
1056 1089 4 9 58 5 49
1058 307 3 9 75 4 36
1061 935 3 8 99 3 52
1062 1000 1 0 8 5 34
1063 535 3 9 93 5 48
1063 658 4 4 14 5 47
1065 362 0 9 14 4 41
1070 994 3 9 2 5 43
1070 145 4 2 69 3 60
1070 135 4 9 6 4 32
1071 207 1 0 32 5 39
1072 1066 1 6 87 4 40
1072 826 1 8 51 5 55
1072 325 1 6 47 3 45
1072 545 2 2 87 5 45
1072 481 4 5 96 5 34
1073 864 0 3 61 3 36
1075 239 0 3 63 4 53
1075 570 2 7 3 5 38
1077 133 0 1 82 4 40
1078 975 0 8 12 3 57
1085 511 1 7 65 5 33
1088 528 2 4 48 5 35
1089 322 4 1 45 3 50
1091 1140 0 7 79 4 49
1091 621 2 4 72 4 40
1092 1119 4 9 79 4 44
1101 320 1 0 74 5 57
1103 1101 0 2 64 3 49
1105 41 3 2 65 3 34
1106 784 4 7 99 4 36
1106 941 3 7 12 4 32
1106 1046 2 2 22 5 59
1106 82 2 3 74 5 44
1109 257 3 6 42 3 31
1109 46 1 2 1 5 54
1114 443 4 8 30 5 52
1115 902 4 7 68 5 38
1115 638 0 3 1 4 54
1121 1139 1 6 19 5 44
1124 242 3 1 77 5 42
1124 476 4 5 57 4 32
1125 765 4 9 12 5 31
1127 661 0 8 95 3 54
1127 472 2 3 39 3 53
1128 202 0 5 29 5 43
1128 365 4 8 36 5 58
1129 431 0 5 20 3 32
1129 835 2 4 15 3 55
1130 1 4 1 94 3 31
1130 189 3 0 73 5 36
1130 33 4 2 43 3 30
1131 1128 1 5 38 5 37
1134 151 0 8 1 4 56
1135 62 1 0 48 5 48
1135 1139 0 9 99 5 32
1137 1037 4 5 87 4 49
1137 108 0 8 56 5 49
1138 1194 2 0 92 3 57
1140 175 0 3 9 4 42
1140 1059 3 3 37 4 47
1140 729 3 9 83 5 45
1143 638 0 3 35 4 37
1148 266 2 9 2 5 30
1149 339 2 4 76 4 33
1149 492 0 0 66 3 32
1150 727 3 9 16 5 59
1150 96 4 7 16 3 36
1150 932 4 0 15 5 37
1151 443 4 8 16 3 51
1151 1175 2 0 22 5 47
1152 785 0 1 66 3 49
1153 1018 3 9 58 5 31
1155 1069 2 0 56 4 56
1156 378 0 4 61 5 58
1160 820 0 8 86 3 60
1162 104 3 1 31 4 55
1166 1191 2 6 31 4 38
1167 579 3 5 79 5 52
1168 310 0 9 87 4 44
1169 799 1 3 68 4 33
1169 758 2 3 63 3 60
1169 562 1 1 86 5 48
1169 690 3 1 33 3 42
1170 1154 4 4 16 5 55
1171 143 4 4 99 4 47
1172 24 3 3 77 3 43
1173 953 0 0 51 3 47
1174 1132 3 5 49 3 50
1177 27 4 6 37 3 32
1177 416 0 8 33 4 52
1177 62 1 2 100 4 57
1179 694 0 2 77 5 59
1180 472 1 1 86 4 60
1180 390 4 9 33 3 40
1181 929 0 6 15 3 35
1181 164 1 2 61 5 54
1182 1076 2 5 52 5 34
1185 535 0 5 50 5 34
1191 721 3 8 12 5 48
1191 888 4 6 66 5 32
1192 961 3 9 90 3 59
1192 824 2 1 71 4 38
1192 804 2 3 67 5 36
1193 1062 2 5 56 4 60
1193 1162 1 6 26 5 33
1193 1069 3 6 52 5 34
1193 425 0 0 63 5 54
1195 69 0 4 74 3 37
1195 149 2 5 4 3 56
1197 1031 3 3 100 4 59
1198 69 3 7 40 5 56
1198 1053 0 1 29 4 37

