10

5
0 20 20 20 20 20 20 20 20 20 20
1 20 20 20 20 20 20 20 20 20 20
2 20 20 20 20 20 20 20 20 20 20
3 20 20 20 20 20 20 20 20 20 20
4 20 20 20 20 20 20 20 20 20 20

25
300 1200 985 6 4
0 126 7 2
1 106 3 6
2 130 10 8
4 126 4 4
5 120 6 6
9 127 2 9
1200 900 925 6 1
0 144 5 5
1 144 5 3
3 139 2 1
4 117 4 4
6 136 4 1
9 100 10 5
1200 0 871 6 1
2 127 3 3
4 125 2 3
5 149 10 7
7 122 4 2
8 138 1 9
9 112 7 3
900 300 844 6 2
0 133 1 3
1 107 8 9
4 121 1 2
5 136 2 2
6 121 5 2
7 142 5 1
900 1200 806 6 2
0 117 2 7
2 106 4 4
3 112 4 2
4 119 3 9
6 124 3 2
8 128 8 1
1200 600 845 6 2
1 119 3 2
3 100 5 1
4 124 6 5
5 125 8 2
6 104 10 8
9 113 1 9
0 1200 817 6 0
0 118 10 2
2 100 1 4
4 147 4 10
5 125 10 2
8 137 6 5
9 128 1 3
1200 300 959 6 0
0 137 8 6
1 114 4 5
4 128 6 7
6 113 10 1
7 122 3 2
8 147 6 1
1200 1200 994 6 3
1 149 1 3
2 143 6 6
3 133 3 1
4 114 7 9
7 128 4 7
8 124 9 5
0 300 929 6 0
1 129 4 8
2 108 6 6
4 140 9 3
5 140 9 2
7 147 5 1
9 133 4 6
0 900 900 6 2
0 136 2 3
2 121 5 4
3 149 6 2
4 109 5 5
7 106 3 5
8 104 8 1
900 0 929 6 0
0 145 5 9
1 135 7 3
2 129 8 9
6 130 3 3
7 112 4 5
8 107 4 8
900 600 902 6 3
1 130 2 6
3 133 4 3
4 135 10 6
6 118 3 1
7 121 7 3
8 118 9 3
300 300 930 6 1
0 126 10 2
1 134 4 10
2 143 8 8
4 126 1 3
8 111 2 8
9 145 10 10
600 900 991 6 4
1 128 7 6
2 150 4 9
3 146 3 9
4 103 8 2
8 132 1 5
9 101 5 6
600 300 867 6 4
0 103 10 3
1 110 4 2
4 146 8 7
5 102 1 10
6 148 4 7
8 134 9 8
600 0 823 6 3
1 109 10 2
3 147 1 6
4 111 4 3
5 114 5 1
7 107 1 4
8 127 9 10
300 600 896 6 2
0 100 2 9
2 132 9 8
4 111 3 4
5 135 6 3
8 109 5 2
9 110 9 5
0 0 919 6 4
0 148 6 5
1 123 1 5
2 145 1 8
3 100 6 5
8 144 8 8
9 150 5 1
300 0 806 6 1
0 139 5 2
1 141 7 2
4 101 7 1
6 116 1 9
7 137 2 1
8 120 2 8
300 900 910 6 3
0 128 4 6
1 123 9 2
3 145 9 2
5 145 2 4
8 116 10 8
9 129 8 1
600 1200 810 6 4
1 135 10 10
2 136 4 4
3 115 5 1
7 108 6 10
8 147 10 8
9 146 6 8
900 900 926 6 1
0 118 3 10
1 137 10 9
3 111 1 4
4 116 3 9
5 102 9 1
9 140 2 4
600 600 827 6 3
0 115 5 6
3 119 4 6
4 131 7 2
6 113 4 4
7 146 8 8
8 141 6 3
0 600 916 6 0
0 113 10 10
1 147 9 1
2 130 5 1
6 106 9 8
7 102 4 2
8 142 1 3

500
9 64 3 0 75 4 46
10 125 4 8 22 5 33
12 1055 1 2 3 4 33
14 61 1 5 68 3 48
16 431 0 8 34 4 38
21 26 3 1 60 5 34
22 884 2 8 24 3 54
24 737 2 8 90 4 54
25 750 3 9 38 4 56
28 464 3 7 54 4 32
36 162 0 2 69 3 41
39 874 4 5 7 3 36
44 825 1 6 82 3 38
45 291 2 5 15 5 37
46 621 4 3 72 5 52
48 428 4 6 82 4 52
49 1053 3 6 55 3 35
51 950 0 0 25 3 36
54 1192 3 3 89 3 48
56 1039 1 3 52 3 48
59 440 2 0 88 3 33
62 626 3 2 44 5 35
62 891 1 0 76 5 30
63 697 4 7 47 3 45
65 158 3 5 1 3 54
70 136 2 8 80 5 33
71 588 1 3 38 3 30
71 459 1 3 93 5 39
76 839 1 8 55 4 43
79 286 1 4 15 5 55
80 172 4 9 100 5 41
81 72 0 1 49 4 39
82 154 0 8 69 4 60
84 519 3 8 20 3 50
86 347 1 3 60 4 51
88 587 3 6 5 4 33
90 805 0 1 71 5 52
90 93 1 3 30 4 40
91 96 3 0 30 5 45
91 681 1 4 92 3 41
91 506 1 4 30 5 31
91 902 2 7 56 5 57
98 728 1 9 51 4 50
102 790 2 1 37 5 46
102 344 2 2 55 3 32
103 1115 4 9 78 5 48
105 507 1 8 35 4 60
108 737 2 0 78 5 52
111 347 3 7 96 3 32
114 1167 1 4 56 5 47
116 809 2 9 67 4 51
116 214 4 0 21 4 59
118 745 4 5 30 3 57
120 860 1 9 71 3 39
122 55 4 3 50 3 32
126 88 3 6 86 4 47
129 261 2 6 15 4 57
132 332 3 7 97 4 37
136 534 0 4 98 5 58
138 365 2 7 1 5 55
140 1103 1 4 98 3 58
140 217 0 2 96 3 41
140 601 0 9 97 4 55
144 446 2 2 88 4 59
151 920 1 5 4 3 30
152 1045 4 0 34 3 37
152 53 2 0 40 3 34
160 170 4 2 62 5 37
160 1106 3 7 15 4 47
161 144 4 0 29 3 36
161 428 0 9 71 4 33
162 992 2 8 25 4 45
164 888 0 5 50 3 50
165 9 4 9 54 4 41
166 575 4 3 49 4 43
169 467 0 9 72 4 35
170 117 2 1 65 5 55
171 46 2 9 16 5 44
171 41 2 7 35 4 41
173 1169 4 5 56 4 46
177 548 3 9 28 5 58
177 583 0 1 96 3 51
180 984 3 8 60 4 34
180 46 4 5 84 3 50
185 239 0 9 39 4 43
186 696 2 3 15 4 48
187 312 1 2 95 5 43
188 938 3 4 10 4 50
189 386 4 0 30 3 54
189 349 3 1 68 4 45
195 171 0 5 1 5 32
200 307 1 9 28 5 44
201 791 3 3 64 4 44
204 383 0 0 59 4 46
206 504 3 8 63 4 33
207 1140 1 2 19 4 36
209 903 0 4 64 3 37
209 223 2 1 74 5 45
209 661 0 0 83 3 56
214 258 0 6 90 3 56
219 1143 1 9 40 3 30
221 381 0 4 20 4 30
223 223 4 1 36 3 35
226 883 0 6 57 3 34
229 158 0 8 24 5 59
238 1128 3 2 28 5 38
238 715 4 8 15 3 52
239 164 2 8 18 4 48
240 614 2 2 34 5 37
241 431 1 9 63 3 60
242 868 4 5 6 5 32
242 1115 4 6 46 4 50
243 679 1 3 18 5 31
254 285 2 4 100 3 35
256 962 4 4 38 4 59
259 393 0 5 51 3 52
260 107 1 2 37 5 50
264 359 4 7 26 4 33
267 215 3 1 49 4 44
267 146 3 3 60 5 40
267 252 4 6 8 3 53
271 892 1 6 75 5 38
271 1058 3 0 38 4 58
272 150 2 7 81 4 33
274 1115 3 4 22 4 45
275 85 1 6 63 3 46
276 151 0 0 71 4 32
279 642 1 3 50 3 57
279 758 0 9 74 4 44
280 878 3 4 30 5 39
280 876 1 4 2 5 41
281 671 3 9 23 5 60
286 949 0 7 2 3 33
287 676 0 9 40 5 47
290 9 0 9 66 3 40
296 346 3 8 4 3 35
301 195 4 2 24 3 44
301 295 3 2 87 4 54
304 71 3 0 53 3 41
310 526 1 2 44 4 46
310 145 0 1 1 3 40
315 858 3 5 14 4 54
317 965 2 8 85 5 57
319 647 3 1 29 4 53
322 49 4 4 21 4 55
323 9 2 1 44 4 52
324 1045 2 0 96 4 36
327 330 2 1 41 5 57
328 115 2 2 100 3 39
334 448 1 0 42 3 44
339 119 0 4 33 4 56
340 294 0 0 65 5 40
344 251 3 3 56 4 36
344 298 1 9 85 4 57
345 117 4 9 72 4 55
357 1151 2 0 41 5 34
360 715 1 1 28 3 41
364 102 0 1 53 4 46
366 963 3 7 29 5 31
367 473 2 0 3 4 55
367 359 2 0 84 4 36
369 390 4 4 10 5 59
379 987 1 9 30 5 50
380 556 2 5 29 5 55
385 519 3 4 39 5 52
387 14 0 9 5 4 39
395 465 4 2 26 3 33
401 868 1 3 87 4 56
403 242 1 2 50 3 32
414 782 2 6 26 4 41
416 332 3 7 33 4 45
416 276 3 3 49 3 37
420 351 0 1 29 3 43
425 19 4 4 28 3 39
428 19 1 1 90 3 45
430 710 1 1 4 5 44
432 1093 4 5 28 3 52
437 388 4 5 55 5 36
441 1122 3 9 51 3 56
442 591 1 7 91 5 42
443 747 2 7 37 4 45
444 687 4 2 66 5 30
445 522 1 4 87 3 32
446 94 4 8 7 4 54
447 956 2 9 34 5 35
447 699 4 6 71 5 56
450 845 2 8 34 4 50
453 1117 3 4 20 3 44
454 21 1 4 16 4 34
457 117 4 4 76 5 33
458 1034 2 0 1 5 52
464 50 0 9 42 3 56
466 1079 4 2 67 4 45
468 685 2 2 16 5 56
469 558 4 5 64 4 48
472 635 0 2 17 4 32
473 937 0 3 20 3 50
475 58 2 7 17 3 45
477 205 2 0 68 3 41
478 570 0 8 61 3 50
479 1137 4 1 80 3 57
485 900 3 0 72 5 32
490 338 4 6 26 3 54
493 45 0 8 76 4 49
494 701 3 0 25 3 30
495 654 4 6 71 3 55
498 975 3 2 85 3 43
499 601 2 4 10 4 41
503 679 0 2 1 5 34
504 0 3 2 95 5 38
506 904 2 0 61 3 57
511 1145 4 0 72 3 45
513 79 0 5 1 3 36
513 980 2 6 17 4 57
513 916 0 5 57 4 32
516 108 1 7 68 5 48
516 953 3 9 9 3 50
517 1181 1 9 75 3 31
518 1151 3 3 35 5 30
519 243 4 0 48 4 39
519 916 4 6 84 5 40
523 598 4 9 87 3 53
526 442 4 0 75 3 42
529 965 0 2 17 4 36
532 9 0 5 22 5 53
533 713 1 4 95 5 31
534 203 2 0 15 4 37
537 257 1 0 49 3 45
541 932 2 3 82 4 58
550 547 0 4 98 4 34
557 196 2 1 75 5 51
559 64 3 2 42 3 38
559 90 0 0 85 5 57
559 912 3 9 40 3 31
561 682 1 8 37 4 34
561 969 2 6 96 3 57
562 1071 2 8 51 4 33
564 270 3 6 56 5 43
566 605 3 1 65 4 45
569 1018 4 6 31 4 55
569 705 4 8 37 3 46
570 50 3 8 88 5 60
577 839 4 3 38 4 56
578 485 2 2 39 5 60
579 711 1 5 83 3 49
582 525 0 9 44 3 59
583 159 4 7 5 5 53
587 1035 4 6 59 3 36
587 829 0 9 29 5 42
590 22 2 0 34 3 58
590 473 1 3 17 4 48
594 1083 0 6 2 4 31
604 1049 0 9 76 5 46
604 505 2 2 66 5 48
607 797 3 8 31 4 57
609 217 3 1 41 4 47
609 1053 3 9 12 5 34
611 299 4 3 41 3 42
611 603 2 3 83 3 44
612 925 3 9 97 4 58
614 450 1 5 87 3 41
614 651 2 8 67 5 37
617 463 0 9 58 5 52
619 645 3 1 26 5 52
621 207 1 1 46 3 40
625 316 1 6 98 3 55
625 809 3 9 8 3 44
625 771 3 4 8 5 37
626 555 2 6 44 3 30
630 176 0 4 56 3 42
632 1157 3 7 51 4 55
635 595 2 7 82 5 50
639 928 1 1 6 3 49
641 1193 4 6 31 3 39
642 397 4 6 22 5 41
646 409 0 1 66 4 50
648 752 2 1 67 3 48
649 215 1 6 97 4 55
649 192 0 2 58 4 30
649 398 0 0 59 3 39
653 465 3 2 86 5 47
654 1086 0 7 93 3 49
655 641 3 2 57 5 57
659 864 4 6 1 3 45
664 994 4 3 55 5 52
666 350 0 0 88 3 31
670 23 3 1 83 3 38
670 880 0 9 57 3 58
671 405 1 4 28 3 36
673 104 0 1 4 4 34
674 144 1 7 2 3 54
676 604 4 0 34 5 46
678 372 4 0 94 3 40
680 225 2 4 69 3 40
680 1113 1 1 80 3 37
683 525 2 3 2 4 32
685 997 4 6 50 3 59
688 949 2 3 15 4 43
691 373 3 6 58 3 49
694 212 3 8 47 4 59
694 255 4 7 81 3 49
694 826 2 2 19 3 56
696 415 2 5 35 3 60
702 765 1 2 25 5 52
702 50 3 4 89 5 38
707 38 2 3 83 4 42
715 501 0 0 5 3 50
717 699 0 7 92 4 51
718 945 0 5 98 4 42
721 223 4 5 20 4 59
723 223 0 6 98 5 49
725 778 3 0 58 4 59
725 149 1 2 84 4 57
733 1121 2 7 25 4 46
735 840 3 6 93 5 37
740 310 0 4 69 4 43
741 411 4 6 34 3 40
746 195 3 6 48 4 38
750 759 3 8 7 4 38
752 656 1 2 61 3 58
757 115 0 0 68 3 40
758 965 1 3 23 4 55
758 781 1 5 73 4 40
762 822 4 6 68 5 48
766 882 1 6 64 5 42
768 279 1 5 61 5 47
769 111 2 7 52 4 32
777 630 3 7 45 4 47
780 10 0 0 33 5 45
785 1038 3 5 80 4 37
786 560 1 5 11 4 53
791 1158 4 9 64 3 35
794 515 1 2 85 4 55
797 224 0 1 92 4 53
797 144 4 6 100 4 59
799 1000 1 9 53 4 31
800 704 4 5 52 4 44
804 690 3 3 30 5 32
805 311 4 6 49 4 33
806 178 1 6 93 4 30
807 870 2 8 45 3 36
807 904 2 9 44 3 49
807 177 3 3 59 3 55
810 279 4 5 41 5 47
811 110 4 3 16 3 43
811 834 4 0 75 5 41
817 416 4 1 81 5 44
818 891 0 5 59 5 53
821 163 4 5 8 4 55
824 245 4 1 32 5 51
835 470 4 4 87 3 50
836 83 4 9 94 5 57
837 458 0 6 40 3 53
852 143 4 4 71 4 51
852 1155 2 6 14 3 30
854 76 4 5 13 4 50
854 835 2 1 16 3 55
855 731 0 7 28 5 53
858 791 0 9 77 5 39
862 735 4 8 63 3 32
865 582 1 1 49 4 42
867 799 1 2 76 5 35
869 267 0 4 73 3 49
870 118 0 1 54 4 53
871 430 4 1 83 4 36
875 678 0 5 49 3 45
876 920 4 6 30 3 60
878 439 1 5 82 3 57
878 589 0 5 51 3 58
880 637 3 9 66 4 54
883 1111 1 9 24 4 59
884 38 1 3 60 5 45
893 430 0 5 13 5 51
898 792 0 1 59 4 30
898 172 0 9 28 5 51
902 499 3 8 45 4 53
903 217 3 4 31 4 45
905 13 0 6 60 5 39
905 999 1 5 60 5 53
906 906 1 0 58 4 47
907 60 1 9 89 5 36
909 30 2 7 77 5 57
910 341 3 5 9 4 51
911 1110 0 0 16 5 52
911 995 2 4 51 4 32
917 550 4 1 27 3 42
918 186 1 2 60 4 44
922 1131 3 0 64 4 42
928 27 3 5 96 4 38
929 351 4 9 63 4 54
932 539 1 3 57 4 49
933 322 1 8 69 3 33
935 576 0 2 63 3 52
936 962 0 1 79 4 60
939 123 4 1 35 5 48
941 987 2 4 73 3 50
941 125 0 3 69 3 30
949 354 2 8 22 4 45
954 891 1 6 49 5 33
957 693 0 5 35 3 45
959 579 1 7 3 5 57
961 472 2 8 91 5 32
961 136 0 1 94 5 40
962 366 0 6 7 4 47
964 817 1 3 89 4 59
965 109 0 6 2 5 54
968 131 1 8 14 5 31
969 636 4 5 31 5 45
971 352 4 7 50 4 58
974 1175 3 8 63 5 36
976 184 4 4 9 3 36
977 609 1 8 9 5 41
978 1129 4 1 7 3 31
987 283 1 6 15 5 52
987 1132 0 6 47 4 47
991 730 1 5 88 5 53
991 423 0 0 95 5 30
995 500 2 5 16 3 60
997 637 0 0 21 5 32
999 983 3 9 26 3 59
1000 270 2 8 21 5 50
1002 1110 3 7 59 4 43
1002 27 3 9 23 3 39
1009 612 3 6 70 4 35
1010 705 3 8 86 4 44
1016 208 2 7 4 3 55
1020 218 3 2 66 4 53
1021 407 2 1 18 4 46
1022 489 0 4 48 5 32
1024 637 2 3 68 3 39
1024 757 0 6 45 3 41
1028 387 0 3 97 4 47
1029 289 1 6 80 4 60
1030 283 2 6 81 5 30
1030 1007 4 7 53 4 48
1032 82 4 6 21 3 41
1034 619 3 8 36 4 34
1040 532 1 8 28 4 52
1046 794 0 9 77 4 59
1050 710 1 6 34 5 32
1055 821 2 4 33 3 43
1056 536 4 3 16 3 44
1056 703 3 4 26 5 39
1058 1109 4 3 2 4 45
1061 437 0 2 79 4 51
1063 721 1 3 62 3 35
1072 370 2 7 32 4 56
1072 419 0 8 94 3 56
1073 334 3 9 76 4 46
1078 866 3 3 63 4 40
1089 21 0 0 73 3 43
1091 41 2 8 41 4 44
1101 233 2 4 76 3 45
1105 969 4 9 32 4 40
1106 842 2 4 89 5 40
1106 348 4 1 54 5 32
1106 176 2 7 17 4 60
1109 1140 1 9 91 4 57
1109 423 1 9 75 4 49
1114 143 0 4 95 5 48
1115 334 2 1 32 5 53
1124 75 1 5 100 3 47
1124 1171 0 3 18 4 37
1128 565 2 7 88 5 56
1129 1073 4 0 74 3 37
1130 18 4 7 42 3 50
1135 106 4 8 53 5 55
1135 460 2 1 58 3 38
1137 336 2 4 43 5 37
1137 317 1 5 29 5 57
1138 203 2 0 57 4 58
1140 556 4 0 32 5 48
1143 49 4 1 22 5 60
1149 488 4 8 13 3 40
1149 916 1 0 3 5 36
1150 743 2 0 50 4 39
1151 1198 4 4 22 3 57
1151 178 4 1 11 3 55
1152 722 4 8 78 5 58
1153 779 3 6 97 3 45
1155 15 0 6 52 4 33
1162 1135 0 5 16 5 59
1166 618 4 0 89 5 31
1168 786 2 5 100 5 35
1169 1007 4 4 78 4 44
1171 1087 4 5 52 3 55
1177 1080 2 1 61 4 58
1177 427 2 2 4 5 32
1179 598 1 9 7 3 36
1180 442 1 5 70 5 43
1180 1087 0 7 96 5 40
1191 1192 1 2 8 3 60
1192 503 4 6 13 3 31
1192 769 2 7 43 3 50
1193 1175 1 8 20 4 38
1193 423 3 0 25 4 60
1193 579 2 9 18 5 39
1195 694 3 4 76 4 48
1195 687 1 5 21 4 47
1198 948 1 9 15 3 45

