10

5
0 20 20 20 20 20 20 20 20 20 20
1 20 20 20 20 20 20 20 20 20 20
2 20 20 20 20 20 20 20 20 20 20
3 20 20 20 20 20 20 20 20 20 20
4 20 20 20 20 20 20 20 20 20 20

25
300 1200 985 6 4
0 126 7 2
1 106 3 6
2 130 10 8
4 126 4 4
5 120 6 6
9 127 2 9
1200 900 925 6 1
0 144 5 5
1 144 5 3
3 139 2 1
4 117 4 4
6 136 4 1
9 100 10 5
1200 0 871 6 1
2 127 3 3
4 125 2 3
5 149 10 7
7 122 4 2
8 138 1 9
9 112 7 3
900 300 844 6 2
0 133 1 3
1 107 8 9
4 121 1 2
5 136 2 2
6 121 5 2
7 142 5 1
900 1200 806 6 2
0 117 2 7
2 106 4 4
3 112 4 2
4 119 3 9
6 124 3 2
8 128 8 1
1200 600 845 6 2
1 119 3 2
3 100 5 1
4 124 6 5
5 125 8 2
6 104 10 8
9 113 1 9
0 1200 817 6 0
0 118 10 2
2 100 1 4
4 147 4 10
5 125 10 2
8 137 6 5
9 128 1 3
1200 300 959 6 0
0 137 8 6
1 114 4 5
4 128 6 7
6 113 10 1
7 122 3 2
8 147 6 1
1200 1200 994 6 3
1 149 1 3
2 143 6 6
3 133 3 1
4 114 7 9
7 128 4 7
8 124 9 5
0 300 929 6 0
1 129 4 8
2 108 6 6
4 140 9 3
5 140 9 2
7 147 5 1
9 133 4 6
0 900 900 6 2
0 136 2 3
2 121 5 4
3 149 6 2
4 109 5 5
7 106 3 5
8 104 8 1
900 0 929 6 0
0 145 5 9
1 135 7 3
2 129 8 9
6 130 3 3
7 112 4 5
8 107 4 8
900 600 902 6 3
1 130 2 6
3 133 4 3
4 135 10 6
6 118 3 1
7 121 7 3
8 118 9 3
300 300 930 6 1
0 126 10 2
1 134 4 10
2 143 8 8
4 126 1 3
8 111 2 8
9 145 10 10
600 900 991 6 4
1 128 7 6
2 150 4 9
3 146 3 9
4 103 8 2
8 132 1 5
9 101 5 6
600 300 867 6 4
0 103 10 3
1 110 4 2
4 146 8 7
5 102 1 10
6 148 4 7
8 134 9 8
600 0 823 6 3
1 109 10 2
3 147 1 6
4 111 4 3
5 114 5 1
7 107 1 4
8 127 9 10
300 600 896 6 2
0 100 2 9
2 132 9 8
4 111 3 4
5 135 6 3
8 109 5 2
9 110 9 5
0 0 919 6 4
0 148 6 5
1 123 1 5
2 145 1 8
3 100 6 5
8 144 8 8
9 150 5 1
300 0 806 6 1
0 139 5 2
1 141 7 2
4 101 7 1
6 116 1 9
7 137 2 1
8 120 2 8
300 900 910 6 3
0 128 4 6
1 123 9 2
3 145 9 2
5 145 2 4
8 116 10 8
9 129 8 1
600 1200 810 6 4
1 135 10 10
2 136 4 4
3 115 5 1
7 108 6 10
8 147 10 8
9 146 6 8
900 900 926 6 1
0 118 3 10
1 137 10 9
3 111 1 4
4 116 3 9
5 102 9 1
9 140 2 4
600 600 827 6 3
0 115 5 6
3 119 4 6
4 131 7 2
6 113 4 4
7 146 8 8
8 141 6 3
0 600 916 6 0
0 113 10 10
1 147 9 1
2 130 5 1
6 106 9 8
7 102 4 2
8 142 1 3

2000
0 795 1 7 91 4 37
0 228 3 6 24 4 43
0 924 1 9 14 4 46
2 737 2 1 68 4 57
3 136 4 6 40 3 34
4 364 1 4 42 4 36
5 765 1 2 25 5 52
5 50 3 4 89 5 38
5 38 2 3 83 4 42
6 501 0 0 5 3 50
7 699 0 7 92 4 51
8 945 0 5 98 4 42
8 223 4 5 20 4 59
9 223 0 6 98 5 49
9 778 3 0 58 4 59
9 149 1 2 84 4 57
9 1121 2 7 25 4 46
9 840 3 6 93 5 37
10 310 0 4 69 4 43
10 411 4 6 34 3 40
10 195 3 6 48 4 38
12 759 3 8 7 4 38
13 656 1 2 61 3 58
13 115 0 0 68 3 40
13 965 1 3 23 4 55
13 781 1 5 73 4 40
13 822 4 6 68 5 48
14 882 1 6 64 5 42
14 279 1 5 61 5 47
14 111 2 7 52 4 32
16 630 3 7 45 4 47
16 10 0 0 33 5 45
16 1038 3 5 80 4 37
18 560 1 5 11 4 53
19 1158 4 9 64 3 35
19 515 1 2 85 4 55
19 224 0 1 92 4 53
20 144 4 6 100 4 59
21 1000 1 9 53 4 31
21 704 4 5 52 4 44
21 690 3 3 30 5 32
22 311 4 6 49 4 33
22 178 1 6 93 4 30
23 870 2 8 45 3 36
23 904 2 9 44 3 49
23 177 3 3 59 3 55
24 279 4 5 41 5 47
25 110 4 3 16 3 43
25 834 4 0 75 5 41
25 416 4 1 81 5 44
26 891 0 5 59 5 53
27 163 4 5 8 4 55
27 245 4 1 32 5 51
28 470 4 4 87 3 50
28 83 4 9 94 5 57
28 458 0 6 40 3 53
28 143 4 4 71 4 51
28 1155 2 6 14 3 30
29 76 4 5 13 4 50
29 835 2 1 16 3 55
30 731 0 7 28 5 53
30 791 0 9 77 5 39
32 735 4 8 63 3 32
33 582 1 1 49 4 42
33 799 1 2 76 5 35
33 267 0 4 73 3 49
34 118 0 1 54 4 53
34 430 4 1 83 4 36
34 678 0 5 49 3 45
35 920 4 6 30 3 60
35 439 1 5 82 3 57
36 589 0 5 51 3 58
38 637 3 9 66 4 54
39 1111 1 9 24 4 59
39 38 1 3 60 5 45
40 430 0 5 13 5 51
41 792 0 1 59 4 30
41 172 0 9 28 5 51
41 499 3 8 45 4 53
43 217 3 4 31 4 45
44 13 0 6 60 5 39
45 999 1 5 60 5 53
45 906 1 0 58 4 47
45 60 1 9 89 5 36
45 30 2 7 77 5 57
46 341 3 5 9 4 51
46 1110 0 0 16 5 52
46 995 2 4 51 4 32
46 550 4 1 27 3 42
46 186 1 2 60 4 44
48 1131 3 0 64 4 42
48 27 3 5 96 4 38
48 351 4 9 63 4 54
49 539 1 3 57 4 49
49 322 1 8 69 3 33
49 576 0 2 63 3 52
49 962 0 1 79 4 60
50 123 4 1 35 5 48
50 987 2 4 73 3 50
50 125 0 3 69 3 30
51 354 2 8 22 4 45
53 891 1 6 49 5 33
53 693 0 5 35 3 45
53 579 1 7 3 5 57
53 472 2 8 91 5 32
53 136 0 1 94 5 40
54 366 0 6 7 4 47
55 817 1 3 89 4 59
55 109 0 6 2 5 54
55 131 1 8 14 5 31
55 636 4 5 31 5 45
56 352 4 7 50 4 58
56 1175 3 8 63 5 36
56 184 4 4 9 3 36
56 609 1 8 9 5 41
56 1129 4 1 7 3 31
57 283 1 6 15 5 52
58 1132 0 6 47 4 47
58 730 1 5 88 5 53
58 423 0 0 95 5 30
58 500 2 5 16 3 60
59 637 0 0 21 5 32
60 983 3 9 26 3 59
61 270 2 8 21 5 50
61 1110 3 7 59 4 43
62 27 3 9 23 3 39
62 612 3 6 70 4 35
63 705 3 8 86 4 44
63 208 2 7 4 3 55
63 218 3 2 66 4 53
64 407 2 1 18 4 46
64 489 0 4 48 5 32
65 637 2 3 68 3 39
65 757 0 6 45 3 41
66 387 0 3 97 4 47
68 289 1 6 80 4 60
70 283 2 6 81 5 30
70 1007 4 7 53 4 48
71 82 4 6 21 3 41
71 619 3 8 36 4 34
71 532 1 8 28 4 52
72 794 0 9 77 4 59
72 710 1 6 34 5 32
75 821 2 4 33 3 43
75 536 4 3 16 3 44
76 703 3 4 26 5 39
78 1109 4 3 2 4 45
78 437 0 2 79 4 51
79 721 1 3 62 3 35
79 370 2 7 32 4 56
79 419 0 8 94 3 56
80 334 3 9 76 4 46
81 866 3 3 63 4 40
81 21 0 0 73 3 43
82 41 2 8 41 4 44
82 233 2 4 76 3 45
84 969 4 9 32 4 40
84 842 2 4 89 5 40
84 348 4 1 54 5 32
85 176 2 7 17 4 60
85 1140 1 9 91 4 57
85 423 1 9 75 4 49
86 143 0 4 95 5 48
86 334 2 1 32 5 53
88 75 1 5 100 3 47
88 1171 0 3 18 4 37
90 565 2 7 88 5 56
90 1073 4 0 74 3 37
90 18 4 7 42 3 50
91 106 4 8 53 5 55
91 460 2 1 58 3 38
91 336 2 4 43 5 37
91 317 1 5 29 5 57
92 203 2 0 57 4 58
92 556 4 0 32 5 48
93 49 4 1 22 5 60
93 488 4 8 13 3 40
93 916 1 0 3 5 36
94 743 2 0 50 4 39
94 1198 4 4 22 3 57
94 178 4 1 11 3 55
96 722 4 8 78 5 58
98 779 3 6 97 3 45
99 15 0 6 52 4 33
99 1135 0 5 16 5 59
99 618 4 0 89 5 31
100 786 2 5 100 5 35
100 1007 4 4 78 4 44
100 1087 4 5 52 3 55
102 1080 2 1 61 4 58
102 427 2 2 4 5 32
102 598 1 9 7 3 36
102 442 1 5 70 5 43
102 1087 0 7 96 5 40
102 1192 1 2 8 3 60
103 503 4 6 13 3 31
103 769 2 7 43 3 50
103 1175 1 8 20 4 38
103 423 3 0 25 4 60
103 579 2 9 18 5 39
104 694 3 4 76 4 48
104 687 1 5 21 4 47
105 948 1 9 15 3 45
105 176 3 8 53 4 37
106 216 2 8 41 5 49
106 325 0 6 94 5 48
107 850 1 7 96 5 55
107 54 0 7 58 3 43
107 182 2 8 77 5 34
107 451 1 5 9 5 39
108 1156 0 2 20 3 32
108 1009 0 0 81 5 42
108 698 0 8 35 5 41
110 853 4 4 36 3 40
111 75 0 4 30 5 50
111 136 0 4 92 5 41
112 8 1 0 36 4 44
112 1106 1 7 26 3 46
112 581 4 4 43 3 40
112 991 3 9 95 3 45
113 1117 3 2 4 5 40
114 141 4 8 32 5 38
114 58 2 8 24 4 44
115 451 0 8 7 3 48
115 208 3 5 3 5 32
115 240 0 7 26 5 38
116 705 1 4 59 3 42
116 374 1 8 68 4 48
117 184 3 4 73 3 58
117 640 1 9 31 4 53
117 594 2 1 36 5 30
117 122 3 5 12 4 51
118 227 0 9 33 4 33
119 345 2 7 54 3 45
120 778 0 5 45 5 53
120 134 2 2 70 4 60
121 633 0 3 11 5 42
122 901 0 2 82 3 30
122 94 1 7 87 4 56
122 915 4 7 3 5 36
125 472 0 8 59 4 45
125 478 1 8 56 4 56
125 596 2 6 9 5 34
125 279 3 0 25 5 50
126 1030 3 3 33 4 45
126 974 0 9 89 3 58
126 761 3 3 92 5 32
127 197 3 8 71 4 34
129 1061 0 3 2 4 40
129 786 2 2 11 5 32
130 348 3 9 63 3 38
132 669 3 1 61 4 59
132 817 3 1 20 5 45
133 852 2 6 13 3 45
133 155 2 1 85 4 39
133 875 2 2 12 4 42
134 666 1 2 77 5 40
135 552 4 6 41 4 48
135 399 1 8 74 4 37
136 578 1 2 4 3 51
136 1130 4 3 37 4 38
136 746 4 0 44 5 44
136 793 1 3 43 4 37
136 372 3 1 65 5 49
137 958 1 7 81 4 37
138 332 0 1 68 4 59
139 1148 0 8 44 3 56
140 499 0 5 85 3 44
140 1037 2 3 72 5 40
140 1096 2 3 23 3 41
140 1076 2 7 16 4 54
143 468 4 5 83 5 38
144 434 3 6 70 5 34
144 235 3 6 35 4 54
144 915 2 8 100 4 40
144 612 4 8 75 3 58
145 84 0 7 6 3 40
145 636 4 5 45 4 50
145 26 3 9 54 4 54
146 1198 1 4 82 4 35
146 799 3 6 2 5 54
146 108 3 9 44 5 54
150 736 1 8 84 5 38
150 1133 4 1 6 4 40
150 1087 2 4 15 5 30
151 264 4 6 18 5 53
151 782 4 9 48 3 31
151 629 4 9 46 4 56
151 430 3 4 37 4 56
151 584 3 2 98 3 43
152 774 0 6 23 4 59
152 172 0 9 95 3 33
152 470 0 4 27 3 55
153 1072 4 6 98 4 39
154 815 0 2 40 5 33
155 828 3 7 94 3 38
158 1198 0 9 93 4 36
158 763 0 0 31 5 49
158 97 0 1 80 3 44
159 855 1 2 95 3 56
160 137 0 2 63 5 52
160 188 1 6 52 4 31
161 1174 0 0 29 5 35
161 882 0 7 37 3 40
162 473 0 7 95 3 42
162 43 4 5 43 4 40
162 1152 1 1 59 5 38
163 1145 2 9 60 5 40
164 948 0 4 41 4 38
164 282 0 1 35 5 31
164 16 2 3 66 3 30
165 405 2 4 94 5 43
166 182 0 2 31 3 43
167 680 0 2 39 3 36
167 545 0 9 74 3 45
167 1100 4 5 60 5 48
168 478 2 3 71 4 34
169 1198 4 4 93 5 60
170 1068 0 8 6 3 54
170 1025 3 8 70 4 60
171 653 2 9 10 4 38
171 497 4 8 7 5 33
171 382 0 5 79 3 47
171 264 0 9 49 3 47
172 415 4 2 76 5 42
172 786 3 4 53 5 34
172 1155 1 2 37 3 39
172 889 4 6 73 3 32
173 873 3 4 61 5 35
175 58 0 1 54 4 42
176 877 0 5 86 5 37
177 1063 0 1 8 5 34
177 404 1 1 65 4 50
180 1195 1 5 96 3 47
180 1192 1 1 86 5 36
181 811 4 3 35 4 59
183 1008 1 2 38 5 52
183 319 3 3 40 5 50
183 872 0 4 58 5 53
185 186 4 9 94 4 38
185 1058 0 8 37 4 42
186 949 0 9 63 3 53
186 354 0 2 56 5 32
187 1047 3 3 77 5 58
187 348 3 8 15 3 39
188 607 4 6 79 3 35
188 7 1 1 20 4 43
189 549 0 0 94 4 40
189 1143 1 5 36 5 48
189 647 1 8 7 5 31
190 983 1 8 33 3 42
191 802 3 9 58 3 37
192 931 1 4 28 5 58
193 747 4 1 79 3 58
195 552 4 2 9 5 41
195 1141 3 8 42 3 38
195 318 3 6 32 3 44
196 127 0 8 43 4 48
196 821 1 8 23 4 52
197 467 0 4 73 4 53
199 346 2 6 66 4 53
199 730 0 6 92 3 50
200 842 2 2 81 3 32
200 266 4 9 45 3 37
200 698 2 2 62 5 58
201 259 2 9 38 3 47
202 294 2 2 61 4 34
203 777 2 8 69 4 45
203 126 1 2 61 5 49
204 15 3 1 90 3 58
205 686 1 3 93 3 59
205 593 4 4 17 3 52
206 240 3 7 72 5 45
207 201 3 1 85 3 43
207 767 4 7 33 3 58
207 260 1 9 73 4 57
208 293 2 4 74 4 31
208 523 4 6 18 3 60
209 941 1 7 47 5 55
209 337 3 4 88 5 43
209 470 0 5 87 5 58
212 591 2 3 30 4 59
212 506 2 2 72 5 39
213 1109 3 8 48 5 43
214 864 1 2 70 4 40
214 1172 3 0 68 3 58
215 138 2 4 57 5 42
215 166 2 6 70 4 32
215 825 0 6 97 4 41
215 285 2 9 97 5 51
217 290 3 3 32 5 32
217 384 3 1 69 3 53
217 948 1 4 7 3 46
219 490 1 3 19 4 50
220 618 0 0 15 4 47
220 298 4 7 30 3 49
221 1137 0 1 62 3 55
221 71 2 6 47 4 58
221 198 4 7 34 5 42
222 970 4 1 23 4 41
222 1113 1 0 31 4 37
223 236 2 1 42 4 47
223 475 1 0 20 4 33
223 312 3 3 82 3 44
223 496 3 1 73 3 38
224 616 2 2 14 3 40
225 1082 0 1 35 5 45
226 320 3 2 8 4 53
226 1198 0 8 19 4 50
226 626 1 6 72 4 60
226 5 4 3 23 5 60
226 986 1 1 42 3 38
227 416 0 4 28 5 46
227 923 1 2 26 5 53
227 18 2 1 2 4 53
228 750 4 3 90 5 54
228 856 0 4 94 4 38
229 169 0 2 36 3 37
231 315 3 7 32 3 44
232 909 1 2 67 3 49
232 747 2 0 44 3 52
233 82 1 4 86 5 31
233 1063 4 6 52 3 43
234 654 3 9 85 3 44
235 973 1 5 89 3 46
235 434 1 9 94 4 40
236 824 0 0 94 5 40
236 832 3 2 81 3 31
236 156 0 4 82 5 58
236 1172 0 8 23 4 51
237 234 1 3 38 3 43
237 1197 1 2 59 4 46
238 0 2 4 10 4 49
238 63 0 5 5 3 36
238 1157 1 4 39 3 41
239 464 1 3 51 3 34
239 46 2 6 4 4 51
240 614 4 8 22 5 56
240 845 0 9 63 3 47
240 97 0 8 88 4 48
241 522 1 6 67 4 55
241 905 0 9 73 3 30
241 741 4 4 13 5 41
242 1133 1 3 94 5 36
242 299 3 3 38 3 55
242 117 3 6 4 4 56
242 673 2 7 78 5 42
242 1098 3 1 14 4 47
243 297 1 9 95 3 56
243 860 1 3 74 3 31
244 805 1 7 31 5 41
244 1163 4 0 13 5 40
244 144 2 9 18 4 33
245 219 3 3 57 5 33
245 820 3 9 82 5 37
247 421 3 2 35 5 36
247 49 3 3 78 5 55
248 863 0 5 23 4 50
248 438 1 4 32 3 42
248 383 2 1 7 5 60
250 413 4 6 48 5 54
251 54 1 9 32 5 50
251 768 4 4 26 3 39
252 123 2 3 30 4 53
252 806 4 4 79 4 32
254 347 2 2 44 3 36
254 736 4 5 44 3 51
256 289 4 9 28 4 32
256 97 0 4 24 3 34
257 125 0 5 53 4 46
257 95 1 1 93 5 47
258 202 0 9 91 5 46
258 1143 1 7 75 3 31
259 744 4 3 98 3 39
259 241 0 2 35 4 35
260 202 0 3 24 4 35
260 1133 1 8 40 5 31
261 248 4 2 97 4 33
262 41 2 9 22 3 48
263 1129 4 2 64 5 40
264 805 2 7 2 3 36
267 451 4 9 27 5 58
267 743 1 3 59 3 51
267 349 4 4 86 5 32
268 1102 2 7 92 5 33
269 591 2 5 90 5 45
269 1141 2 6 12 4 32
269 721 3 6 24 4 38
270 1050 4 9 82 3 33
270 374 2 4 34 3 31
270 563 4 3 36 4 38
270 944 0 6 83 5 57
271 99 4 3 49 3 40
271 1110 1 0 54 5 54
272 314 0 9 32 5 59
272 13 2 0 28 3 35
273 959 2 4 24 4 60
273 61 1 4 60 4 58
274 67 4 6 86 4 32
275 947 0 1 77 3 31
276 373 1 9 80 4 40
276 1031 4 3 8 5 32
276 880 2 4 36 5 46
279 190 4 7 20 3 33
279 408 2 9 93 3 48
279 67 3 6 16 5 31
280 894 1 6 62 3 57
280 1119 1 7 65 3 45
280 801 4 2 91 4 44
281 733 2 9 95 3 44
282 625 3 6 37 3 53
283 93 3 4 65 5 33
283 713 2 2 15 3 54
284 848 3 6 45 5 35
285 659 3 0 25 5 45
285 422 4 4 7 4 42
285 308 0 3 59 3 57
286 68 0 9 6 5 44
286 642 3 9 53 3 48
286 772 4 8 82 4 46
286 349 1 4 56 3 33
287 549 3 6 99 3 42
287 1015 4 7 91 3 50
289 143 2 5 5 3 40
290 1053 4 0 42 4 50
290 739 3 9 54 3 40
291 756 1 0 26 4 50
291 1123 3 5 78 5 52
292 477 0 9 11 5 45
293 136 3 3 54 4 41
294 1051 1 2 34 4 42
294 298 2 7 65 3 34
294 510 4 2 87 4 35
295 952 2 1 13 3 47
295 1079 4 0 53 4 41
296 202 2 1 91 5 54
296 1143 3 4 93 5 40
297 384 0 0 74 3 48
297 140 2 9 73 4 30
298 1083 3 7 51 5 48
299 177 4 2 89 5 51
299 533 2 0 20 3 42
299 482 0 5 14 5 39
299 711 4 4 48 5 33
299 521 3 7 68 4 51
300 254 3 4 82 4 34
300 1136 4 1 65 4 55
301 626 4 2 69 5 39
301 602 4 9 96 3 34
301 220 2 5 89 3 46
301 800 1 9 45 3 49
301 396 0 0 50 4 45
302 1122 0 9 29 5 35
302 965 0 0 44 4 55
303 644 3 5 51 5 31
303 237 2 4 76 3 50
304 977 2 0 99 5 36
305 770 4 6 3 3 51
305 224 1 3 25 3 56
306 89 3 2 31 3 60
307 219 3 9 52 4 58
307 308 2 3 89 5 53
309 112 4 7 29 4 46
309 250 0 8 28 5 32
310 166 0 6 85 4 40
310 456 2 0 8 4 40
310 590 1 2 59 4 48
310 218 4 7 10 5 51
312 27 1 0 50 5 47
312 279 3 8 18 5 31
313 203 4 9 45 4 53
314 1150 0 0 99 3 50
315 71 2 2 83 5 46
315 600 2 4 3 5 57
315 681 1 9 30 4 37
315 758 4 1 34 3 51
316 368 3 5 74 3 53
317 175 4 3 34 3 43
318 1079 3 5 28 4 41
318 363 4 2 83 3 57
318 1083 1 3 38 4 43
319 1077 1 1 53 3 53
320 1121 4 6 91 5 41
321 705 2 1 34 4 35
321 1100 1 5 46 4 60
322 278 0 4 32 4 40
322 1017 1 8 75 5 39
322 321 3 5 32 5 38
323 961 2 6 82 5 38
323 380 4 9 39 5 43
323 293 0 6 66 3 45
324 1083 0 3 91 5 59
326 17 0 8 48 5 37
327 507 0 3 50 3 44
328 1062 2 4 9 4 43
328 796 3 5 50 4 53
328 1046 0 8 42 5 58
330 575 2 0 75 4 33
332 512 4 9 8 4 50
332 702 3 5 53 4 60
332 1044 2 7 15 4 57
333 60 4 2 94 5 31
334 583 3 8 68 3 42
335 1078 4 7 97 4 31
336 1196 1 7 9 3 57
336 949 0 6 64 5 52
338 1066 2 4 58 4 30
338 186 3 4 97 5 47
338 1041 0 3 10 5 60
338 241 2 6 58 5 49
338 475 1 5 75 4 37
338 974 3 4 73 4 34
339 1044 2 9 31 4 58
339 651 1 8 94 3 53
340 165 2 7 66 5 46
341 126 0 3 19 4 51
342 51 3 4 74 3 55
342 1069 0 9 26 4 30
342 198 3 7 68 4 42
342 1110 2 8 25 3 33
343 695 3 0 23 3 51
344 479 0 4 23 5 53
344 299 3 0 33 3 60
344 337 4 1 42 3 51
344 238 1 7 44 3 47
345 828 3 5 25 5 54
345 289 2 2 65 3 55
345 840 1 2 89 3 48
345 909 0 8 24 5 44
346 733 0 0 89 5 30
347 1189 1 7 7 4 52
347 694 3 9 90 3 47
348 617 3 5 88 3 48
348 38 3 1 85 4 43
348 242 2 0 95 5 60
349 957 2 0 91 3 35
349 1109 2 4 64 4 32
350 124 3 2 73 3 59
351 1045 4 5 53 3 30
352 640 4 7 89 3 49
353 689 2 8 41 5 60
353 888 1 7 47 5 49
353 859 2 3 13 3 60
356 1029 1 8 9 3 35
356 800 2 7 9 5 52
357 5 0 2 70 3 43
357 707 0 0 12 3 50
357 428 1 9 12 3 51
358 756 1 8 84 5 41
359 182 4 5 83 4 56
359 828 2 4 11 4 41
359 185 2 8 17 5 47
359 1126 3 8 27 5 45
360 456 0 7 66 5 49
362 86 0 0 32 5 51
362 168 0 4 99 3 36
364 859 2 6 29 4 57
365 779 4 6 25 4 52
365 1097 0 3 83 4 48
366 1009 1 9 66 5 49
367 173 0 2 17 3 31
367 336 2 9 54 4 42
368 321 2 9 66 5 53
368 417 3 1 1 4 39
369 1010 3 0 98 5 51
369 153 3 4 55 3 50
369 226 4 8 4 5 48
370 422 1 5 80 3 42
370 237 0 1 46 5 55
370 464 1 1 81 4 40
372 683 3 2 5 3 55
374 719 1 5 62 3 38
374 311 3 4 95 3 60
376 197 0 3 91 4 37
377 575 4 0 18 5 34
377 981 3 0 56 5 46
378 424 1 6 49 3 33
379 929 2 7 43 4 55
379 272 4 9 77 3 43
379 263 2 1 25 3 58
379 999 3 8 5 3 35
380 172 3 2 95 4 59
381 242 1 9 6 3 46
383 1181 4 1 49 3 35
383 649 1 6 49 3 47
384 922 3 0 51 5 55
384 242 3 3 43 3 35
385 726 2 5 19 3 51
386 1089 4 9 58 5 49
386 307 3 9 75 4 36
386 935 3 8 99 3 52
387 1000 1 0 8 5 34
387 535 3 9 93 5 48
388 658 4 4 14 5 47
388 362 0 9 14 4 41
389 994 3 9 2 5 43
390 145 4 2 69 3 60
391 135 4 9 6 4 32
391 207 1 0 32 5 39
393 1066 1 6 87 4 40
393 826 1 8 51 5 55
394 325 1 6 47 3 45
395 545 2 2 87 5 45
395 481 4 5 96 5 34
396 864 0 3 61 3 36
396 239 0 3 63 4 53
396 570 2 7 3 5 38
396 133 0 1 82 4 40
396 975 0 8 12 3 57
397 511 1 7 65 5 33
397 528 2 4 48 5 35
398 322 4 1 45 3 50
399 1140 0 7 79 4 49
399 621 2 4 72 4 40
401 1119 4 9 79 4 44
401 320 1 0 74 5 57
402 1101 0 2 64 3 49
403 41 3 2 65 3 34
404 784 4 7 99 4 36
404 941 3 7 12 4 32
405 1046 2 2 22 5 59
406 82 2 3 74 5 44
408 257 3 6 42 3 31
409 46 1 2 1 5 54
409 443 4 8 30 5 52
410 902 4 7 68 5 38
411 638 0 3 1 4 54
412 1139 1 6 19 5 44
413 242 3 1 77 5 42
414 476 4 5 57 4 32
414 765 4 9 12 5 31
415 661 0 8 95 3 54
415 472 2 3 39 3 53
416 202 0 5 29 5 43
416 365 4 8 36 5 58
419 431 0 5 20 3 32
420 835 2 4 15 3 55
424 1 4 1 94 3 31
425 189 3 0 73 5 36
428 33 4 2 43 3 30
428 1128 1 5 38 5 37
428 151 0 8 1 4 56
428 62 1 0 48 5 48
428 1139 0 9 99 5 32
429 1037 4 5 87 4 49
430 108 0 8 56 5 49
430 1194 2 0 92 3 57
431 175 0 3 9 4 42
431 1059 3 3 37 4 47
432 729 3 9 83 5 45
432 638 0 3 35 4 37
432 266 2 9 2 5 30
433 339 2 4 76 4 33
433 492 0 0 66 3 32
434 727 3 9 16 5 59
434 96 4 7 16 3 36
434 932 4 0 15 5 37
435 443 4 8 16 3 51
436 1175 2 0 22 5 47
436 785 0 1 66 3 49
436 1018 3 9 58 5 31
437 1069 2 0 56 4 56
439 378 0 4 61 5 58
440 820 0 8 86 3 60
441 104 3 1 31 4 55
441 1191 2 6 31 4 38
441 579 3 5 79 5 52
442 310 0 9 87 4 44
442 799 1 3 68 4 33
442 758 2 3 63 3 60
443 562 1 1 86 5 48
443 690 3 1 33 3 42
444 1154 4 4 16 5 55
444 143 4 4 99 4 47
445 24 3 3 77 3 43
445 953 0 0 51 3 47
445 1132 3 5 49 3 50
446 27 4 6 37 3 32
446 416 0 8 33 4 52
447 62 1 2 100 4 57
447 694 0 2 77 5 59
448 472 1 1 86 4 60
448 390 4 9 33 3 40
448 929 0 6 15 3 35
448 164 1 2 61 5 54
449 1076 2 5 52 5 34
449 535 0 5 50 5 34
450 721 3 8 12 5 48
450 888 4 6 66 5 32
450 961 3 9 90 3 59
451 824 2 1 71 4 38
452 804 2 3 67 5 36
452 1062 2 5 56 4 60
453 1162 1 6 26 5 33
453 1069 3 6 52 5 34
454 425 0 0 63 5 54
454 69 0 4 74 3 37
454 149 2 5 4 3 56
455 1031 3 3 100 4 59
457 69 3 7 40 5 56
457 1053 0 1 29 4 37
458 1037 4 0 39 5 34
458 1121 1 1 62 3 30
459 935 4 4 85 4 39
460 1040 0 3 51 4 35
460 179 3 6 5 3 52
461 197 4 6 42 5 43
462 764 3 0 64 4 48
463 262 1 3 15 5 44
464 323 1 8 64 3 35
464 148 3 1 97 3 33
464 369 1 9 70 3 40
464 144 1 8 40 5 43
464 1145 3 6 50 4 56
465 155 2 8 78 5 33
465 384 1 6 3 4 46
466 849 4 7 92 5 50
466 117 4 3 31 3 54
466 177 3 9 31 4 60
467 700 4 8 23 3 43
467 69 4 6 34 4 33
468 964 1 3 87 4 36
468 970 0 4 81 5 36
469 57 2 3 71 3 57
469 970 2 7 8 3 60
469 621 0 9 15 3 53
471 76 4 5 51 3 51
472 1179 1 7 77 5 47
473 57 3 1 81 4 34
473 338 3 1 8 4 56
473 691 3 7 44 3 45
473 363 2 2 94 5 52
473 947 1 5 56 4 59
474 1195 0 3 24 3 31
474 506 0 6 99 4 34
475 821 4 8 37 5 55
475 941 3 3 41 5 53
475 1059 4 0 87 4 50
477 460 1 1 7 3 39
477 345 0 9 87 5 55
477 1054 0 9 83 4 43
478 624 3 5 40 3 51
478 636 1 1 43 5 45
479 864 3 3 73 3 34
479 868 0 6 8 3 56
479 801 3 8 8 4 46
479 171 0 6 34 5 48
480 832 1 5 63 3 52
480 748 4 7 26 3 37
481 1039 4 2 90 5 44
481 1030 2 7 18 3 46
485 1055 3 8 17 4 43
485 1118 0 6 1 3 37
485 194 1 2 97 4 45
487 1145 0 9 31 3 38
488 1082 4 0 5 4 41
488 605 4 0 56 4 30
488 1007 3 9 23 3 43
489 803 0 3 98 4 58
489 287 4 3 22 3 57
490 678 2 6 89 3 42
492 516 4 9 2 3 50
493 800 1 8 74 5 59
493 584 4 0 76 5 59
493 740 3 7 100 4 41
494 454 4 1 23 4 54
494 566 2 3 55 3 37
495 748 4 9 11 4 53
495 132 0 8 90 5 53
496 1050 3 7 33 4 35
496 493 1 5 33 3 43
498 1133 0 6 11 3 32
499 466 1 6 12 5 35
503 854 4 4 25 4 37
503 443 1 0 14 3 34
503 161 0 2 7 4 52
504 463 2 7 80 4 57
504 381 1 5 81 4 34
504 328 4 6 72 5 47
504 960 2 7 84 4 51
505 1179 4 1 88 3 50
505 415 3 8 64 5 37
505 479 0 3 38 3 53
506 701 3 3 85 3 33
506 742 3 7 80 3 53
507 10 0 7 39 5 35
508 163 3 1 68 5 60
510 39 2 8 96 5 54
511 856 4 2 59 3 57
511 1124 2 1 96 5 36
512 1094 2 8 47 4 34
513 615 2 9 38 3 58
513 830 4 0 84 3 43
513 534 2 8 74 5 37
513 305 4 3 4 5 39
514 1111 1 2 56 4 45
514 676 3 1 60 3 46
514 1156 0 9 23 5 48
516 809 3 9 1 4 42
516 201 1 3 36 4 60
516 1082 2 9 6 3 39
517 1015 0 6 1 5 54
517 118 0 3 78 5 32
518 341 2 2 36 4 40
518 185 3 5 95 5 58
519 491 3 7 100 5 53
519 216 3 4 54 5 57
519 1013 2 2 15 3 48
519 615 1 5 75 4 59
520 1127 1 0 73 5 49
522 606 0 6 93 5 54
522 1052 4 3 99 5 48
522 659 1 2 83 4 30
523 468 0 9 83 5 60
524 785 1 5 16 3 54
524 944 1 1 93 5 41
525 960 2 7 46 5 30
525 1151 0 4 85 4 48
526 921 3 3 54 3 39
526 860 1 7 61 4 36
528 297 0 5 11 5 42
528 61 1 7 22 5 57
529 472 4 6 35 3 50
529 775 4 0 9 5 53
530 956 4 1 84 4 42
531 1018 3 4 55 4 39
532 33 4 3 12 4 52
533 46 3 6 45 5 38
533 80 2 4 52 4 44
533 560 4 7 19 4 51
534 803 2 5 15 5 55
534 89 0 1 22 3 52
534 693 2 9 35 5 33
534 109 0 1 12 5 37
534 298 4 4 28 5 42
534 223 1 8 41 4 42
535 1128 4 6 24 3 34
536 1163 1 3 93 5 56
537 1022 3 0 44 4 57
537 936 4 8 44 4 33
537 194 0 2 48 5 49
538 180 1 9 23 3 40
540 747 1 1 73 5 49
540 285 1 3 39 4 52
541 1 0 0 72 4 35
541 779 4 2 51 4 48
542 102 3 8 94 3 48
542 892 1 0 15 4 58
542 194 1 6 87 4 37
543 133 1 3 3 3 33
544 558 3 1 1 5 51
546 847 1 9 48 5 59
547 69 2 1 88 5 42
547 687 1 9 74 4 45
547 740 4 2 91 5 39
548 1177 4 7 17 5 52
548 685 3 7 57 5 44
548 535 4 4 65 3 43
549 10 4 6 86 3 58
549 506 2 8 6 5 41
550 810 2 1 65 5 50
551 758 4 7 50 3 37
551 593 0 3 52 5 45
552 1094 0 2 97 3 38
552 64 0 1 81 5 47
553 141 3 7 8 3 30
553 255 1 9 74 4 57
554 455 3 9 34 3 44
555 379 3 3 33 4 49
555 807 4 7 53 5 33
556 724 2 0 91 3 57
557 727 1 4 88 3 36
558 372 0 0 34 3 52
559 764 1 2 55 4 30
559 336 4 3 79 3 35
559 566 3 3 61 4 39
559 780 4 6 99 3 39
559 500 3 2 32 3 56
561 423 2 8 16 4 46
561 440 0 1 91 3 40
561 964 3 6 29 5 30
562 558 1 1 88 5 36
562 39 1 0 53 4 52
562 149 2 9 6 5 58
563 470 1 9 83 5 49
564 131 3 2 8 3 42
564 947 0 6 82 5 45
564 997 2 7 89 4 42
565 422 2 4 40 3 38
566 470 1 7 76 5 44
567 469 2 2 12 5 39
568 709 2 0 60 3 39
569 326 1 9 24 5 32
569 887 2 2 3 3 41
569 918 4 6 29 5 57
570 280 0 4 4 5 54
570 548 0 0 6 4 49
570 265 4 6 72 5 42
571 108 3 1 84 3 46
572 850 4 4 81 3 48
572 13 2 0 55 4 59
573 1024 0 3 70 5 46
575 404 2 3 34 4 30
575 1027 0 7 19 4 40
575 1183 2 5 58 4 39
575 454 3 5 6 3 39
577 1185 1 7 46 4 30
577 711 0 6 95 3 36
577 1165 0 7 79 4 43
578 282 1 4 83 5 30
578 102 4 4 35 5 51
579 199 2 3 6 4 54
579 361 1 1 80 4 38
579 337 0 6 45 3 58
582 230 1 3 29 3 46
582 479 3 1 86 4 50
583 276 2 0 79 3 49
583 820 2 1 78 5 41
583 175 4 6 63 5 41
584 885 2 8 56 4 60
585 379 0 5 10 3 59
585 49 0 1 87 5 55
586 1076 1 5 83 4 56
586 543 2 8 68 5 43
586 327 3 9 6 5 31
587 874 4 0 56 3 31
587 295 3 0 34 5 57
587 1018 0 2 27 5 52
587 375 2 8 52 4 35
587 476 2 5 16 4 41
587 751 3 5 36 4 37
587 13 3 4 37 4 52
587 247 0 3 38 4 35
588 585 2 8 85 4 46
588 461 3 2 99 4 32
588 182 2 5 64 3 50
590 195 1 4 88 3 52
590 448 0 5 58 3 59
590 193 2 5 9 3 41
591 466 1 4 80 3 34
591 1018 0 8 4 3 57
592 337 3 2 40 3 58
592 215 3 6 72 3 35
592 1033 1 9 77 4 53
594 348 1 4 12 3 30
594 287 0 9 27 3 47
594 297 0 3 32 3 56
595 212 3 6 48 3 57
595 1077 2 9 46 4 50
597 101 0 3 87 5 51
598 815 3 8 54 3 41
598 396 2 4 40 3 52
601 857 0 8 41 3 58
601 590 1 7 40 3 34
602 650 4 2 14 5 39
603 25 4 6 94 3 37
603 363 0 6 34 4 32
603 1101 4 9 62 5 30
604 770 1 1 23 3 36
604 245 0 0 68 4 37
604 975 4 4 57 4 51
605 1163 3 0 99 3 59
605 217 4 7 38 3 48
605 463 2 4 27 5 35
607 151 4 1 36 3 33
607 218 0 6 35 4 37
608 623 0 9 55 5 51
609 88 0 3 58 5 34
609 950 3 1 70 3 54
609 798 1 2 93 4 45
611 197 2 1 68 3 52
611 300 3 3 64 3 50
611 963 4 8 98 5 46
612 748 4 3 23 3 32
614 387 1 8 95 3 45
614 311 2 1 9 3 52
614 359 4 0 84 4 41
616 48 4 4 3 4 42
616 817 2 4 43 4 50
616 381 1 6 95 4 55
617 735 4 9 36 4 32
617 844 1 8 100 5 59
618 505 0 6 78 4 60
618 535 2 9 2 3 52
619 1185 0 3 28 4 39
620 105 2 6 23 3 31
621 546 2 7 9 3 49
621 1156 2 9 35 5 51
623 324 4 8 8 3 36
624 1023 4 5 56 5 31
625 46 1 4 18 4 51
625 894 3 8 56 3 50
625 159 2 8 75 3 42
625 646 0 5 68 5 55
625 520 1 6 31 4 58
626 669 2 9 61 3 43
626 1064 0 0 3 3 42
626 341 0 9 24 4 34
626 111 0 5 93 5 45
628 86 3 1 75 3 44
630 55 2 2 29 5 41
630 288 0 6 91 4 52
631 899 1 4 5 4 37
631 700 3 1 100 3 33
632 773 1 5 12 3 33
632 1051 2 1 15 4 40
633 507 2 3 82 3 55
633 1031 3 8 14 4 33
633 83 1 4 80 3 35
634 815 1 1 76 3 47
635 1020 3 3 26 4 30
635 743 4 9 26 4 46
639 1199 0 3 58 4 60
639 910 4 2 42 4 51
639 1061 2 2 36 3 52
640 428 4 4 35 5 51
641 636 1 6 64 3 53
641 1028 3 3 22 4 56
641 839 2 2 47 3 49
642 196 3 9 32 3 47
642 430 4 1 60 4 44
643 468 0 4 65 5 41
644 1119 4 7 53 4 36
645 653 4 6 4 4 38
645 987 4 3 35 5 46
645 955 0 3 99 4 57
646 1139 0 5 96 3 38
647 927 4 2 94 5 60
647 1101 2 9 90 5 30
647 1137 3 6 86 4 45
648 200 2 2 17 4 45
648 105 1 0 92 4 58
649 1149 3 5 87 4 47
649 431 2 6 60 5 59
649 689 3 8 65 3 58
651 466 0 3 31 5 50
651 478 4 1 55 3 42
651 813 3 4 19 5 51
651 962 1 9 31 3 46
652 673 1 7 52 5 38
652 796 4 2 38 4 50
652 28 1 8 25 5 51
653 919 4 3 98 4 43
653 1190 1 8 32 4 46
653 377 3 5 69 4 38
654 803 3 1 49 3 59
654 762 4 4 85 3 50
654 316 0 7 42 3 32
654 409 3 0 36 5 50
655 1133 3 7 31 4 30
657 903 4 2 61 5 49
657 180 4 9 67 5 37
658 945 4 4 70 3 56
658 110 4 0 14 4 48
658 238 4 7 84 4 57
659 298 3 6 75 4 46
659 804 1 5 65 3 49
660 314 1 9 6 4 39
660 541 1 6 3 5 44
661 485 2 4 64 4 58
661 656 3 7 67 5 38
662 41 4 2 37 5 60
663 117 2 2 11 3 38
664 579 0 0 65 5 40
664 491 1 0 37 5 46
664 429 1 7 21 3 32
665 558 3 5 100 3 55
665 637 1 5 4 3 57
666 638 4 5 47 5 35
667 311 2 9 89 4 31
667 272 4 9 30 3 34
668 982 3 4 60 5 48
668 0 1 0 40 3 38
669 1063 1 6 34 4 32
670 614 3 6 81 5 39
670 894 0 9 20 5 41
670 130 3 1 80 3 57
670 570 1 0 57 5 30
670 756 3 7 60 5 56
671 345 3 3 93 3 54
671 513 1 1 36 5 37
673 1068 1 6 19 5 54
673 506 0 5 36 3 46
674 320 3 8 68 5 51
676 426 1 2 55 5 57
676 655 3 5 25 4 38
676 104 3 5 47 5 59
678 729 2 9 19 4 60
678 63 3 2 9 3 35
678 139 0 4 56 4 34
678 913 0 6 13 3 49
679 325 4 7 18 5 37
679 15 1 3 48 3 30
680 481 4 8 10 4 51
680 744 1 1 5 4 45
680 669 4 4 16 4 40
681 567 1 2 39 4 32
681 430 0 6 6 5 42
682 635 2 6 13 4 41
683 901 3 2 99 3 31
683 1010 1 7 21 5 36
683 767 2 0 51 5 39
685 56 3 8 79 3 42
685 80 3 1 87 3 59
685 344 3 5 29 4 31
687 845 0 8 8 4 58
688 81 3 0 37 5 57
688 929 3 3 27 3 45
689 888 0 3 42 3 31
691 284 4 5 47 4 40
694 520 2 1 41 5 40
694 171 3 9 20 4 48
694 844 0 9 24 4 49
694 533 0 8 62 5 52
696 818 4 7 71 3 32
696 342 0 9 78 3 40
697 972 2 5 31 3 53
697 1012 1 6 70 5 41
697 224 4 4 84 3 32
698 861 2 2 88 3 43
699 781 4 1 15 3 52
701 12 4 5 100 5 36
701 502 4 1 94 4 59
702 657 1 8 89 4 56
702 246 1 2 98 4 35
702 215 4 0 69 3 53
704 484 2 4 15 3 46
705 160 4 5 43 5 45
706 108 1 5 12 4 40
707 454 2 2 66 5 44
707 1014 4 9 56 4 34
708 735 1 4 52 5 42
709 1182 4 1 76 3 42
709 672 0 2 92 4 60
709 561 3 7 16 3 58
710 133 1 7 48 4 38
710 270 0 8 13 5 38
710 1072 0 4 31 5 30
710 312 1 7 3 5 32
711 605 3 4 57 5 48
712 72 0 4 90 5 38
713 1026 2 8 22 4 52
715 414 0 1 76 5 49
715 929 0 8 53 5 35
715 214 3 4 69 4 53
715 320 0 2 63 3 37
717 1051 1 1 51 3 60
717 109 1 1 20 4 42
718 2 1 0 66 3 40
720 967 1 9 43 4 42
721 906 1 0 89 5 43
723 447 0 2 68 3 51
723 1005 1 3 87 4 56
725 717 4 3 24 3 49
725 799 2 4 2 4 54
725 1012 3 9 67 4 59
725 18 0 2 43 4 51
726 761 3 9 76 5 33
727 551 1 9 72 4 50
727 315 3 2 68 3 53
728 620 2 3 20 5 56
728 349 3 3 50 5 58
730 395 3 6 91 4 43
731 913 4 1 85 4 46
732 790 4 0 84 4 54
733 43 0 8 15 4 52
733 353 1 5 52 5 59
735 469 1 9 50 4 39
735 3 3 4 9 5 51
736 492 3 3 73 5 53
736 756 1 4 26 4 45
737 447 1 3 73 4 38
737 627 3 4 65 5 37
737 971 0 0 12 3 56
737 422 4 1 63 3 60
740 183 4 3 16 4 38
740 500 1 6 20 5 49
740 709 0 6 100 3 38
741 765 0 1 51 3 37
743 1024 3 5 59 5 43
745 476 4 0 77 5 35
746 878 2 0 37 4 50
746 146 4 9 69 4 45
747 177 1 1 73 5 47
749 701 3 5 35 4 32
750 127 0 5 66 5 36
750 857 4 0 32 5 35
750 467 3 9 80 4 56
751 1049 3 6 10 3 31
752 873 2 3 60 4 56
752 399 1 9 25 5 53
752 968 3 1 26 4 48
753 917 3 4 98 4 40
754 234 2 9 93 4 38
755 1141 4 4 84 3 36
757 453 2 9 62 4 53
757 541 0 9 3 3 58
758 1125 0 9 35 4 31
758 384 1 0 20 5 51
758 981 0 6 28 3 48
758 555 0 8 96 4 48
762 291 4 2 20 4 42
762 788 0 4 7 3 38
763 62 3 8 55 5 44
766 910 1 3 87 4 53
766 714 3 1 11 5 31
766 604 4 3 35 5 37
766 1026 3 3 12 3 46
767 433 0 2 69 5 39
768 760 3 1 32 3 38
768 1041 1 0 34 4 56
768 537 0 7 87 3 32
769 1167 0 2 60 5 48
769 102 4 7 55 3 37
770 377 0 2 70 3 53
770 609 4 1 31 4 42
770 789 2 1 22 3 51
771 260 4 4 5 3 44
771 64 0 5 86 3 44
771 104 4 2 89 5 57
771 262 4 0 8 4 37
771 918 1 2 93 4 49
771 272 3 9 89 3 56
773 254 2 3 23 5 49
773 386 2 3 19 4 49
774 693 0 2 61 3 41
775 585 1 2 75 5 37
776 295 0 5 57 5 33
777 855 2 5 8 4 44
777 831 0 7 1 4 35
777 1068 1 0 14 5 60
777 0 3 2 94 4 58
778 703 1 0 62 3 58
779 718 3 2 92 3 54
780 741 3 5 25 4 60
782 667 3 0 20 3 45
783 1027 1 1 78 4 37
783 872 3 5 36 4 45
784 680 0 7 52 3 56
785 257 0 4 31 5 59
786 1111 2 1 16 4 39
788 667 4 9 63 5 47
788 624 4 5 61 3 39
789 87 2 2 52 3 41
789 1074 0 9 18 3 30
790 571 3 4 63 4 48
790 632 2 3 83 3 53
791 286 1 1 5 5 44
791 741 2 6 50 3 36
792 1163 3 4 65 5 36
793 615 3 2 29 5 45
793 708 1 1 48 5 47
794 722 3 2 89 3 53
794 1000 0 0 86 5 43
796 706 0 0 18 3 39
796 463 2 7 43 5 37
796 804 4 1 48 5 55
797 374 2 9 29 3 43
797 267 3 9 84 4 51
797 92 1 6 77 5 54
797 1073 4 3 20 4 52
797 892 4 2 49 4 59
798 944 1 9 90 4 37
799 602 2 2 87 3 58
800 226 2 2 96 4 53
800 332 3 5 32 4 40
800 928 4 4 75 5 35
800 194 4 3 85 5 45
800 1191 3 1 41 3 32
800 898 2 7 10 3 45
803 357 2 9 52 3 54
804 320 4 7 17 4 40
805 187 1 7 80 4 57
805 500 3 4 25 4 48
805 328 0 8 38 4 37
806 871 3 3 68 3 43
807 922 3 8 60 4 52
807 664 2 1 24 5 33
807 1164 1 3 58 3 31
807 470 4 1 35 4 33
807 227 4 4 96 4 39
808 43 0 9 62 4 57
809 167 3 3 87 4 36
809 914 1 9 71 3 39
809 265 3 1 69 4 58
810 1045 1 7 93 5 36
810 1021 0 2 78 5 38
811 1031 3 6 37 3 41
811 1196 4 4 61 3 51
811 817 3 9 45 5 33
812 944 2 8 22 3 33
812 269 3 9 17 5 48
812 1034 2 0 78 3 60
813 715 4 6 53 3 58
814 902 2 7 88 5 41
814 470 1 8 12 3 59
814 571 3 0 95 5 36
817 388 4 2 72 3 44
817 99 0 7 98 5 33
818 1191 1 0 53 5 58
818 684 1 3 74 4 50
820 381 4 2 43 4 47
821 1126 0 2 81 3 55
821 607 3 6 37 3 54
823 80 2 4 44 3 54
824 1148 3 4 77 5 60
825 462 4 2 29 5 35
829 1141 3 0 59 3 48
829 168 0 3 87 4 48
829 195 1 1 91 4 37
829 398 0 2 30 3 57
830 177 3 0 2 5 47
830 220 0 2 4 5 42
832 176 1 9 13 5 59
833 215 1 0 15 4 53
834 969 3 5 77 4 49
834 313 1 1 95 4 44
835 157 3 4 23 4 33
836 636 3 4 44 5 56
836 283 3 0 1 3 30
836 723 3 6 81 4 38
837 1097 4 4 81 4 50
839 320 4 3 19 3 44
839 640 4 2 88 4 56
839 15 1 3 49 3 32
841 265 0 8 89 5 32
841 652 3 7 21 3 56
845 155 0 1 26 4 37
846 168 3 2 88 5 34
848 723 0 1 42 3 48
850 698 3 4 93 4 37
852 417 0 3 23 5 43
852 930 3 8 27 4 60
853 103 2 6 14 4 34
854 1040 4 6 82 4 53
854 148 3 3 60 4 55
854 937 2 7 88 5 42
855 446 3 9 46 5 45
856 414 3 7 93 5 35
856 34 2 9 26 3 48
857 1079 0 8 4 4 50
857 166 0 7 38 5 53
857 830 3 1 71 3 32
857 208 1 2 46 3 39
858 849 4 6 32 5 56
858 514 4 2 70 3 54
858 612 4 7 6 4 30
858 658 2 9 4 3 48
858 636 4 5 9 3 55
859 802 4 8 42 3 39
860 144 2 1 81 4 41
861 765 2 3 47 4 30
862 567 1 6 9 4 42
862 1126 4 7 49 3 51
863 842 1 6 53 5 42
864 957 1 8 35 4 53
864 764 0 3 54 3 47
865 866 1 1 23 4 42
865 262 3 9 45 3 34
865 1065 1 1 69 5 48
867 963 4 0 11 4 55
867 643 2 3 38 4 59
868 241 1 0 35 4 59
868 125 2 9 40 3 50
868 197 4 2 67 3 58
869 249 2 8 43 5 43
870 531 1 3 64 5 49
870 813 1 5 10 3 37
870 1176 0 5 72 4 40
870 813 2 2 76 3 30
871 436 3 0 18 3 52
872 335 2 7 16 4 31
872 722 1 0 72 4 51
874 33 3 8 27 5 46
874 49 3 0 33 3 36
874 1169 1 4 54 3 42
874 790 1 8 82 3 42
875 444 1 5 96 5 45
876 117 0 1 7 3 38
876 72 0 4 5 5 32
877 71 4 8 39 3 30
877 1007 3 7 22 3 49
877 488 3 3 20 5 39
878 962 1 2 75 3 51
878 594 3 8 82 4 44
878 392 2 9 39 5 31
879 336 0 2 20 4 37
880 306 2 0 66 3 31
880 837 4 7 59 5 49
880 430 1 2 37 3 47
881 1117 0 2 3 5 36
883 86 4 8 40 4 37
883 1071 1 6 9 4 48
884 481 3 3 37 5 41
884 1145 3 0 59 5 46
885 855 3 8 32 3 39
886 790 0 6 98 3 46
887 59 1 2 47 5 49
888 471 2 9 82 3 33
888 214 3 0 85 5 43
891 964 4 2 92 3 36
891 460 2 9 31 5 33
892 139 4 0 25 4 56
892 686 0 7 49 4 58
892 360 0 0 17 3 53
893 254 1 7 66 5 50
893 862 4 1 95 4 33
893 267 0 1 7 5 53
894 394 1 8 100 4 52
894 14 2 4 31 5 52
894 764 0 1 90 5 35
894 742 0 8 47 4 38
895 266 3 8 5 4 40
896 1118 0 8 67 3 49
897 35 4 6 98 4 33
898 452 1 1 34 5 60
898 849 0 0 97 5 48
899 1106 4 7 93 4 55
899 990 1 3 94 3 36
899 868 2 4 26 4 58
899 320 3 5 59 3 42
900 195 4 5 38 3 30
901 1151 2 2 44 5 40
902 1143 2 9 68 3 30
902 377 4 1 46 4 42
902 615 3 0 73 5 42
902 38 4 9 13 4 41
903 1193 0 8 66 3 35
903 93 1 1 81 4 52
904 225 3 1 3 3 42
904 507 2 8 72 3 45
905 1091 2 2 10 4 53
905 808 1 9 79 4 44
906 500 2 8 24 5 51
907 308 3 1 69 4 55
907 833 1 7 75 3 37
908 34 2 9 9 5 57
909 331 0 0 66 5 52
909 510 4 8 5 4 31
909 1189 4 2 83 5 32
910 517 0 1 69 5 36
910 228 2 6 78 3 46
911 992 1 9 16 4 39
911 630 2 5 24 5 48
911 165 1 4 76 3 52
912 81 4 7 43 5 36
916 109 0 6 17 4 51
916 1173 0 2 76 5 51
917 496 1 9 1 5 31
917 1003 2 5 74 5 54
917 668 0 5 76 4 43
917 19 3 4 79 5 32
917 131 1 1 15 3 45
918 293 2 8 28 5 41
919 549 1 1 46 4 38
919 646 0 5 97 5 53
920 792 2 1 94 5 33
921 515 0 5 81 5 38
922 1122 1 9 70 4 43
922 4 3 4 18 5 40
922 651 1 8 98 5 60
925 546 0 5 97 5 43
928 553 1 8 61 4 46
928 1002 2 6 13 5 38
929 410 1 4 99 3 33
931 1070 2 6 60 5 42
932 1161 1 8 41 3 57
932 752 3 3 14 3 38
932 184 2 8 14 5 54
932 817 0 5 26 4 55
933 511 0 0 95 5 43
935 715 0 0 57 4 51
936 1077 1 3 83 3 55
936 289 2 3 28 3 38
937 695 1 7 31 5 55
938 935 1 0 57 5 30
938 141 1 1 39 5 39
938 104 2 5 7 5 37
938 739 0 3 18 5 40
939 239 1 7 78 3 51
940 667 1 0 68 4 55
940 676 3 1 83 3 31
941 1188 3 0 41 4 37
941 562 0 0 37 3 56
941 490 4 1 84 5 48
942 1178 0 8 28 5 60
942 874 1 6 82 5 57
943 1090 0 7 75 5 60
945 69 1 9 67 3 49
947 829 2 0 8 4 45
947 776 0 3 36 5 60
947 933 0 0 31 4 46
949 429 4 1 11 4 40
949 173 1 8 30 4 44
949 221 2 5 8 3 54
950 402 0 3 99 4 57
950 264 1 2 88 4 53
950 1171 0 2 92 3 35
951 162 4 1 54 4 47
952 580 0 1 29 4 39
952 1157 4 4 92 4 42
952 744 3 0 78 4 36
952 767 2 6 52 4 54
953 378 0 8 74 5 51
953 369 4 0 45 3 57
953 42 3 4 44 3 32
954 479 3 5 99 4 60
954 806 1 9 62 4 35
955 644 4 7 57 4 35
955 1121 3 1 90 4 51
956 2 4 0 78 3 33
956 510 0 1 4 3 36
956 296 1 4 24 4 50
957 1041 0 8 22 4 30
957 85 3 9 42 5 52
957 743 4 4 91 4 37
959 467 4 6 78 4 33
959 696 1 0 86 4 37
959 86 0 0 87 3 40
960 165 2 7 36 3 30
960 616 1 7 20 4 34
961 161 2 1 46 4 39
961 1042 2 5 28 4 48
962 979 0 3 59 3 57
962 397 3 6 66 4 60
962 1123 3 6 96 5 42
962 116 4 1 3 5 48
963 296 4 3 89 4 52
964 463 1 1 71 4 52
964 45 1 8 48 5 57
965 693 1 4 31 5 40
965 220 2 8 59 4 32
965 587 3 4 21 5 46
965 672 4 7 28 3 57
965 914 4 1 95 4 52
965 104 0 4 84 3 44
966 179 1 0 63 4 60
966 656 1 3 26 4 36
968 1197 4 9 34 4 54
968 576 3 0 56 3 40
969 891 4 2 56 5 30
969 969 2 1 42 4 45
969 237 4 4 95 5 39
970 840 4 3 92 4 48
971 1009 2 3 82 4 34
972 229 0 6 39 3 44
974 914 0 7 96 5 58
975 226 0 3 91 3 41
975 1168 1 4 72 5 49
976 800 1 6 58 5 39
976 70 1 1 62 5 48
977 233 4 0 24 5 33
977 149 0 8 70 3 50
977 1140 2 0 47 4 32
977 322 0 1 13 4 53
978 216 4 8 59 3 46
979 1116 0 7 97 4 57
980 20 3 1 36 5 38
981 715 4 4 44 4 53
983 1192 4 3 71 4 40
983 183 0 3 74 5 60
984 447 0 1 58 3 49
985 22 4 1 84 4 60
987 729 1 0 71 4 37
987 834 4 6 51 3 36
987 444 2 0 80 3 40
987 236 1 7 15 3 59
990 533 3 7 43 4 55
991 385 2 6 73 5 46
991 181 3 1 57 3 30
992 503 4 4 21 4 37
992 187 2 4 26 4 60
992 123 3 2 17 4 35
993 839 0 0 73 4 48
993 704 1 0 40 5 45
993 862 1 2 41 4 41
993 79 1 4 5 4 58
994 558 1 9 41 4 34
994 84 1 3 68 3 55
994 258 1 2 6 3 42
995 501 1 5 11 4 46
995 724 3 9 61 3 56
995 937 1 5 98 5 31
996 986 2 0 96 5 34
997 793 4 4 19 4 45
997 610 1 8 82 4 45
997 250 0 2 51 5 35
998 626 4 1 6 5 47
998 415 1 5 92 3 46
999 991 3 8 73 4 36
1000 428 0 4 62 4 54
1001 83 1 4 63 3 39
1002 453 2 7 55 5 39
1002 107 0 3 85 4 38
1002 102 3 4 55 5 52
1002 483 4 2 42 4 39
1003 438 0 6 56 5 58
1004 1199 0 2 59 5 57
1005 952 3 0 39 3 58
1007 855 3 8 13 5 30
1008 138 4 4 7 4 60
1008 489 0 1 5 3 42
1009 1078 1 7 32 3 31
1009 1053 0 0 13 3 39
1009 5 3 1 93 5 33
1010 706 0 7 13 5 57
1015 871 1 3 8 3 35
1015 802 1 1 81 5 45
1016 923 0 9 6 3 32
1016 288 0 9 24 3 48
1016 94 2 6 24 3 58
1016 1031 1 7 75 4 59
1017 196 0 8 49 3 42
1017 1150 1 5 52 3 41
1017 291 1 7 36 5 35
1018 1051 2 1 89 4 57
1018 638 2 3 82 5 48
1020 972 4 7 25 5 36
1021 216 0 3 31 3 39
1021 759 4 9 7 4 57
1021 958 4 4 37 3 38
1021 206 0 1 47 3 57
1022 254 3 5 1 5 49
1022 990 2 4 11 3 57
1022 225 0 1 34 5 35
1023 44 1 5 7 3 39
1023 777 1 1 19 4 46
1024 132 4 7 25 3 37
1024 1142 3 6 42 4 35
1024 719 4 6 12 4 45
1027 390 0 4 60 5 37
1028 178 2 6 78 4 45
1028 401 3 7 17 3 32
1029 154 0 7 84 5 41
1030 887 3 3 47 3 58
1030 202 3 7 75 5 40
1030 1190 1 7 24 4 41
1031 1057 0 0 37 5 54
1032 583 2 1 75 5 59
1032 54 2 7 12 4 43
1032 72 0 1 3 5 47
1033 26 1 3 35 5 59
1034 934 2 0 79 5 52
1034 883 1 0 68 5 51
1034 755 3 6 4 3 38
1034 1057 0 5 33 3 53
1035 639 1 6 29 3 52
1035 177 4 2 53 5 51
1035 997 4 9 99 5 45
1035 186 2 4 46 4 36
1036 633 0 6 24 4 55
1037 513 4 5 25 4 41
1038 767 1 2 73 4 37
1039 526 2 7 80 3 53
1040 388 1 9 15 5 37
1044 1006 0 5 91 3 34
1045 233 3 5 64 5 57
1045 785 0 3 83 3 33
1045 545 3 0 29 5 50
1046 904 2 5 40 4 58
1046 272 2 8 44 4 49
1046 486 3 2 96 3 56
1048 1050 2 5 76 5 48
1048 76 0 1 71 3 32
1049 69 4 6 22 3 54
1049 573 1 4 31 5 38
1049 1198 3 1 64 3 58
1050 504 0 4 68 5 40
1050 699 2 3 59 4 38
1053 550 4 1 79 3 35
1053 86 2 3 44 3 30
1053 364 3 1 41 3 51
1053 486 0 5 61 5 37
1055 874 2 8 72 3 39
1055 677 0 2 80 5 57
1055 612 3 0 56 5 51
1055 51 4 5 39 5 50
1056 895 0 6 80 5 51
1056 709 2 6 49 5 47
1056 446 3 0 38 5 49
1057 458 2 2 77 4 57
1058 964 1 3 13 3 43
1058 285 4 2 37 4 34
1059 992 1 5 62 5 41
1060 878 1 1 47 3 52
1061 913 1 2 22 5 44
1062 219 2 9 74 5 52
1062 405 0 4 73 5 53
1063 1081 4 5 63 3 52
1063 275 1 2 97 4 48
1065 978 0 1 32 5 35
1065 481 0 7 75 5 46
1065 565 1 0 29 3 53
1066 125 2 5 99 4 32
1069 728 4 4 65 5 52
1070 367 3 4 55 3 57
1070 1105 0 9 53 3 58
1070 64 4 5 17 3 40
1070 776 1 5 12 4 30
1071 397 2 9 35 4 48
1071 200 0 1 64 4 42
1071 187 2 5 43 3 46
1072 378 4 2 96 3 52
1072 308 3 4 18 3 53
1072 675 2 9 17 3 50
1072 931 0 1 33 4 43
1072 429 0 0 73 4 45
1072 1112 2 1 99 5 48
1072 973 2 7 23 5 40
1073 923 0 8 20 5 41
1074 259 4 7 40 5 36
1075 532 0 4 69 5 44
1075 1079 2 6 11 5 51
1076 1196 4 8 41 4 53
1077 554 2 1 25 5 33
1078 796 0 7 59 3 43
1079 1038 3 5 84 3 31
1080 348 2 1 5 4 42
1082 683 2 9 100 3 42
1082 153 4 9 37 5 44
1083 1098 1 7 8 3 35
1084 82 1 5 29 4 50
1085 968 3 6 16 5 47
1085 873 2 4 30 3 45
1085 675 2 5 54 5 38
1086 520 2 9 44 4 53
1086 491 4 2 20 5 32
1088 24 1 3 81 5 38
1088 165 1 6 13 4 47
1089 313 4 0 16 3 54
1091 453 2 6 99 3 49
1091 469 1 9 48 5 44
1092 444 1 9 29 5 39
1093 127 0 4 97 4 41
1093 100 2 1 13 5 45
1098 140 3 0 22 3 44
1098 659 2 1 86 5 31
1100 134 0 4 16 4 36
1101 57 1 2 34 3 39
1101 334 3 4 89 3 45
1101 808 2 0 39 3 57
1103 669 3 2 90 4 44
1104 807 1 3 67 3 49
1105 173 3 1 59 5 36
1106 1155 0 1 61 5 34
1106 766 1 7 26 4 57
1106 192 1 9 66 3 58
1106 1197 0 3 65 5 40
1107 326 0 9 35 5 37
1108 311 4 4 88 5 40
1109 385 4 6 37 5 57
1109 610 3 5 12 4 54
1111 883 0 6 43 4 49
1113 210 0 5 89 5 35
1114 422 3 0 80 3 32
1114 398 2 9 98 5 54
1115 98 0 3 73 3 50
1115 313 2 7 79 4 40
1115 157 0 3 50 5 36
1115 803 0 9 17 3 31
1116 128 1 1 95 5 57
1116 853 2 1 40 4 51
1117 419 1 6 58 5 51
1119 876 2 7 42 4 34
1121 130 0 5 25 3 44
1122 471 3 2 32 4 43
1122 113 2 0 52 5 48
1123 93 4 1 11 5 46
1124 1084 3 7 86 3 33
1124 277 2 4 26 5 37
1125 534 4 3 21 4 50
1126 1161 4 3 69 4 42
1126 241 2 0 30 3 38
1127 158 1 5 53 4 34
1127 821 2 4 77 4 51
1127 669 1 3 66 4 32
1127 594 2 4 67 5 55
1127 946 3 1 95 3 38
1128 626 2 1 49 5 47
1128 1192 0 3 59 5 42
1128 1007 0 0 47 5 59
1129 236 2 8 95 3 59
1129 523 1 7 66 3 46
1130 918 4 1 18 4 57
1130 671 4 6 33 4 50
1130 676 4 0 59 3 56
1131 261 4 8 77 3 51
1131 316 3 6 86 5 52
1134 1015 2 6 12 3 51
1135 528 4 2 85 5 39
1135 281 3 9 35 3 38
1136 1103 2 3 78 5 50
1136 875 2 1 78 5 58
1137 7 3 3 77 5 42
1137 585 3 7 7 4 53
1137 476 1 9 7 4 51
1138 924 3 5 17 3 44
1138 486 4 2 88 5 45
1140 312 0 0 100 4 34
1140 501 3 0 25 3 31
1140 82 2 4 17 4 52
1141 1198 3 8 35 3 40
1143 468 0 1 17 4 32
1143 957 1 8 62 4 57
1145 992 3 4 47 3 58
1147 344 2 9 25 4 53
1147 838 3 7 77 4 33
1148 963 3 9 73 5 55
1149 390 0 1 96 5 58
1149 420 0 4 97 5 43
1150 193 1 0 22 3 58
1150 284 2 3 45 5 48
1150 583 0 6 62 4 45
1150 659 0 8 38 4 31
1151 49 1 9 20 4 41
1151 73 3 7 65 3 60
1151 612 2 7 7 3 36
1151 846 4 1 34 4 32
1151 322 0 5 26 4 40
1151 1105 4 9 73 5 59
1152 488 0 2 66 5 36
1153 1087 4 1 97 3 32
1153 696 0 0 15 4 30
1155 371 1 6 79 4 39
1155 197 4 5 69 5 33
1156 583 4 6 9 3 55
1156 260 3 4 32 5 52
1157 661 0 7 2 5 44
1157 660 1 3 22 5 40
1158 1043 4 9 62 5 45
1159 436 3 3 69 4 45
1160 860 1 0 5 4 35
1161 517 0 6 80 3 41
1162 1192 2 5 20 4 42
1165 316 3 4 90 4 33
1166 1167 2 5 1 4 50
1167 790 0 5 59 3 36
1168 1103 1 2 92 4 59
1168 1108 1 3 69 5 39
1169 93 4 0 30 3 33
1169 20 1 4 28 3 48
1169 1144 4 4 62 4 31
1169 341 3 7 75 4 31
1169 363 4 8 62 3 32
1170 146 4 9 24 5 36
1171 936 4 3 99 3 59
1172 431 1 4 84 3 32
1173 1196 4 4 53 4 37
1173 301 1 9 46 3 40
1173 374 3 9 90 3 44
1174 371 3 5 8 5 37
1174 43 0 8 65 4 37
1177 1083 3 1 91 3 47
1177 825 2 3 94 3 48
1177 389 2 2 34 3 36
1179 935 0 6 72 5 38
1180 725 4 9 3 5 34
1180 1196 1 3 91 3 30
1180 893 3 8 47 3 60
1181 565 1 7 4 5 58
1181 476 2 4 58 5 33
1181 696 0 7 10 4 45
1181 469 1 1 97 5 53
1181 11 3 9 92 5 31
1182 1186 4 5 53 5 60
1184 490 4 8 42 4 60
1185 261 3 7 36 3 37
1185 818 3 0 38 3 60
1185 1040 1 2 51 5 43
1185 334 2 9 30 3 46
1186 264 0 0 64 4 47
1186 165 1 1 76 3 51
1188 608 4 5 85 4 35
1190 753 1 4 19 5 53
1190 32 4 9 33 3 49
1191 479 0 1 34 4 33
1191 367 3 1 77 5 46
1192 736 2 2 54 5 30
1192 188 0 5 9 4 40
1192 230 1 3 87 5 37
1192 149 1 1 69 4 39
1193 412 3 4 51 3 58
1193 922 2 0 50 5 53
1193 496 4 7 39 3 53
1193 972 1 2 84 3 51
1193 217 0 8 44 4 60
1193 526 0 3 27 3 36
1195 164 4 5 82 4 49
1195 365 1 4 88 3 52
1195 1149 0 8 83 4 46
1195 629 4 8 41 3 40
1196 154 1 8 63 4 57
1196 674 1 4 86 3 53
1197 844 0 0 12 4 58
1197 615 4 8 75 3 59
1198 622 3 5 61 3 47
1198 904 4 7 41 3 45
1198 891 0 5 35 4 54
1198 421 0 6 48 4 38
1199 152 2 1 37 5 45

