10

5
0 20 20 20 20 20 20 20 20 20 20
1 20 20 20 20 20 20 20 20 20 20
2 20 20 20 20 20 20 20 20 20 20
3 20 20 20 20 20 20 20 20 20 20
4 20 20 20 20 20 20 20 20 20 20

25
300 1200 985 6 4
0 126 7 2
1 106 3 6
2 130 10 8
4 126 4 4
5 120 6 6
9 127 2 9
1200 900 925 6 1
0 144 5 5
1 144 5 3
3 139 2 1
4 117 4 4
6 136 4 1
9 100 10 5
1200 0 871 6 1
2 127 3 3
4 125 2 3
5 149 10 7
7 122 4 2
8 138 1 9
9 112 7 3
900 300 844 6 2
0 133 1 3
1 107 8 9
4 121 1 2
5 136 2 2
6 121 5 2
7 142 5 1
900 1200 806 6 2
0 117 2 7
2 106 4 4
3 112 4 2
4 119 3 9
6 124 3 2
8 128 8 1
1200 600 845 6 2
1 119 3 2
3 100 5 1
4 124 6 5
5 125 8 2
6 104 10 8
9 113 1 9
0 1200 817 6 0
0 118 10 2
2 100 1 4
4 147 4 10
5 125 10 2
8 137 6 5
9 128 1 3
1200 300 959 6 0
0 137 8 6
1 114 4 5
4 128 6 7
6 113 10 1
7 122 3 2
8 147 6 1
1200 1200 994 6 3
1 149 1 3
2 143 6 6
3 133 3 1
4 114 7 9
7 128 4 7
8 124 9 5
0 300 929 6 0
1 129 4 8
2 108 6 6
4 140 9 3
5 140 9 2
7 147 5 1
9 133 4 6
0 900 900 6 2
0 136 2 3
2 121 5 4
3 149 6 2
4 109 5 5
7 106 3 5
8 104 8 1
900 0 929 6 0
0 145 5 9
1 135 7 3
2 129 8 9
6 130 3 3
7 112 4 5
8 107 4 8
900 600 902 6 3
1 130 2 6
3 133 4 3
4 135 10 6
6 118 3 1
7 121 7 3
8 118 9 3
300 300 930 6 1
0 126 10 2
1 134 4 10
2 143 8 8
4 126 1 3
8 111 2 8
9 145 10 10
600 900 991 6 4
1 128 7 6
2 150 4 9
3 146 3 9
4 103 8 2
8 132 1 5
9 101 5 6
600 300 867 6 4
0 103 10 3
1 110 4 2
4 146 8 7
5 102 1 10
6 148 4 7
8 134 9 8
600 0 823 6 3
1 109 10 2
3 147 1 6
4 111 4 3
5 114 5 1
7 107 1 4
8 127 9 10
300 600 896 6 2
0 100 2 9
2 132 9 8
4 111 3 4
5 135 6 3
8 109 5 2
9 110 9 5
0 0 919 6 4
0 148 6 5
1 123 1 5
2 145 1 8
3 100 6 5
8 144 8 8
9 150 5 1
300 0 806 6 1
0 139 5 2
1 141 7 2
4 101 7 1
6 116 1 9
7 137 2 1
8 120 2 8
300 900 910 6 3
0 128 4 6
1 123 9 2
3 145 9 2
5 145 2 4
8 116 10 8
9 129 8 1
600 1200 810 6 4
1 135 10 10
2 136 4 4
3 115 5 1
7 108 6 10
8 147 10 8
9 146 6 8
900 900 926 6 1
0 118 3 10
1 137 10 9
3 111 1 4
4 116 3 9
5 102 9 1
9 140 2 4
600 600 827 6 3
0 115 5 6
3 119 4 6
4 131 7 2
6 113 4 4
7 146 8 8
8 141 6 3
0 600 916 6 0
0 113 10 10
1 147 9 1
2 130 5 1
6 106 9 8
7 102 4 2
8 142 1 3

1500
0 58 2 7 17 3 45
0 205 2 0 68 3 41
2 570 0 8 61 3 50
3 1137 4 1 80 3 57
4 900 3 0 72 5 32
5 338 4 6 26 3 54
5 45 0 8 76 4 49
5 701 3 0 25 3 30
6 654 4 6 71 3 55
8 975 3 2 85 3 43
9 601 2 4 10 4 41
9 679 0 2 1 5 34
9 0 3 2 95 5 38
9 904 2 0 61 3 57
10 1145 4 0 72 3 45
10 79 0 5 1 3 36
10 980 2 6 17 4 57
12 916 0 5 57 4 32
13 108 1 7 68 5 48
13 953 3 9 9 3 50
14 1181 1 9 75 3 31
14 1151 3 3 35 5 30
14 243 4 0 48 4 39
16 916 4 6 84 5 40
16 598 4 9 87 3 53
18 442 4 0 75 3 42
19 965 0 2 17 4 36
19 9 0 5 22 5 53
19 713 1 4 95 5 31
20 203 2 0 15 4 37
21 257 1 0 49 3 45
21 932 2 3 82 4 58
21 547 0 4 98 4 34
22 196 2 1 75 5 51
24 64 3 2 42 3 38
25 90 0 0 85 5 57
25 912 3 9 40 3 31
26 682 1 8 37 4 34
28 969 2 6 96 3 57
28 1071 2 8 51 4 33
29 270 3 6 56 5 43
30 605 3 1 65 4 45
32 1018 4 6 31 4 55
33 705 4 8 37 3 46
33 50 3 8 88 5 60
34 839 4 3 38 4 56
34 485 2 2 39 5 60
34 711 1 5 83 3 49
35 525 0 9 44 3 59
36 159 4 7 5 5 53
38 1035 4 6 59 3 36
39 829 0 9 29 5 42
41 22 2 0 34 3 58
41 473 1 3 17 4 48
44 1083 0 6 2 4 31
45 1049 0 9 76 5 46
46 505 2 2 66 5 48
46 797 3 8 31 4 57
46 217 3 1 41 4 47
46 1053 3 9 12 5 34
48 299 4 3 41 3 42
48 603 2 3 83 3 44
48 925 3 9 97 4 58
49 450 1 5 87 3 41
49 651 2 8 67 5 37
49 463 0 9 58 5 52
50 645 3 1 26 5 52
51 207 1 1 46 3 40
53 316 1 6 98 3 55
53 809 3 9 8 3 44
53 771 3 4 8 5 37
54 555 2 6 44 3 30
55 176 0 4 56 3 42
55 1157 3 7 51 4 55
55 595 2 7 82 5 50
55 928 1 1 6 3 49
56 1193 4 6 31 3 39
56 397 4 6 22 5 41
56 409 0 1 66 4 50
57 752 2 1 67 3 48
58 215 1 6 97 4 55
58 192 0 2 58 4 30
58 398 0 0 59 3 39
59 465 3 2 86 5 47
61 1086 0 7 93 3 49
61 641 3 2 57 5 57
62 864 4 6 1 3 45
62 994 4 3 55 5 52
63 350 0 0 88 3 31
63 23 3 1 83 3 38
63 880 0 9 57 3 58
64 405 1 4 28 3 36
65 104 0 1 4 4 34
68 144 1 7 2 3 54
70 604 4 0 34 5 46
70 372 4 0 94 3 40
71 225 2 4 69 3 40
71 1113 1 1 80 3 37
71 525 2 3 2 4 32
72 997 4 6 50 3 59
75 949 2 3 15 4 43
76 373 3 6 58 3 49
78 212 3 8 47 4 59
79 255 4 7 81 3 49
79 826 2 2 19 3 56
80 415 2 5 35 3 60
81 765 1 2 25 5 52
81 50 3 4 89 5 38
82 38 2 3 83 4 42
82 501 0 0 5 3 50
84 699 0 7 92 4 51
84 945 0 5 98 4 42
85 223 4 5 20 4 59
86 223 0 6 98 5 49
86 778 3 0 58 4 59
88 149 1 2 84 4 57
88 1121 2 7 25 4 46
90 840 3 6 93 5 37
90 310 0 4 69 4 43
91 411 4 6 34 3 40
91 195 3 6 48 4 38
91 759 3 8 7 4 38
91 656 1 2 61 3 58
92 115 0 0 68 3 40
92 965 1 3 23 4 55
93 781 1 5 73 4 40
94 822 4 6 68 5 48
94 882 1 6 64 5 42
94 279 1 5 61 5 47
96 111 2 7 52 4 32
98 630 3 7 45 4 47
99 10 0 0 33 5 45
99 1038 3 5 80 4 37
99 560 1 5 11 4 53
100 1158 4 9 64 3 35
100 515 1 2 85 4 55
102 224 0 1 92 4 53
102 144 4 6 100 4 59
102 1000 1 9 53 4 31
102 704 4 5 52 4 44
103 690 3 3 30 5 32
103 311 4 6 49 4 33
103 178 1 6 93 4 30
104 870 2 8 45 3 36
105 904 2 9 44 3 49
105 177 3 3 59 3 55
106 279 4 5 41 5 47
107 110 4 3 16 3 43
107 834 4 0 75 5 41
108 416 4 1 81 5 44
108 891 0 5 59 5 53
110 163 4 5 8 4 55
111 245 4 1 32 5 51
112 470 4 4 87 3 50
112 83 4 9 94 5 57
113 458 0 6 40 3 53
114 143 4 4 71 4 51
115 1155 2 6 14 3 30
115 76 4 5 13 4 50
115 835 2 1 16 3 55
116 731 0 7 28 5 53
116 791 0 9 77 5 39
117 735 4 8 63 3 32
117 582 1 1 49 4 42
117 799 1 2 76 5 35
117 267 0 4 73 3 49
118 118 0 1 54 4 53
119 430 4 1 83 4 36
120 678 0 5 49 3 45
122 920 4 6 30 3 60
125 439 1 5 82 3 57
125 589 0 5 51 3 58
125 637 3 9 66 4 54
126 1111 1 9 24 4 59
129 38 1 3 60 5 45
130 430 0 5 13 5 51
132 792 0 1 59 4 30
133 172 0 9 28 5 51
135 499 3 8 45 4 53
136 217 3 4 31 4 45
136 13 0 6 60 5 39
136 999 1 5 60 5 53
138 906 1 0 58 4 47
140 60 1 9 89 5 36
140 30 2 7 77 5 57
140 341 3 5 9 4 51
143 1110 0 0 16 5 52
144 995 2 4 51 4 32
144 550 4 1 27 3 42
144 186 1 2 60 4 44
145 1131 3 0 64 4 42
146 27 3 5 96 4 38
150 351 4 9 63 4 54
150 539 1 3 57 4 49
151 322 1 8 69 3 33
151 576 0 2 63 3 52
152 962 0 1 79 4 60
152 123 4 1 35 5 48
152 987 2 4 73 3 50
153 125 0 3 69 3 30
154 354 2 8 22 4 45
155 891 1 6 49 5 33
158 693 0 5 35 3 45
158 579 1 7 3 5 57
158 472 2 8 91 5 32
160 136 0 1 94 5 40
160 366 0 6 7 4 47
161 817 1 3 89 4 59
161 109 0 6 2 5 54
162 131 1 8 14 5 31
162 636 4 5 31 5 45
162 352 4 7 50 4 58
163 1175 3 8 63 5 36
164 184 4 4 9 3 36
164 609 1 8 9 5 41
164 1129 4 1 7 3 31
165 283 1 6 15 5 52
166 1132 0 6 47 4 47
167 730 1 5 88 5 53
167 423 0 0 95 5 30
167 500 2 5 16 3 60
169 637 0 0 21 5 32
170 983 3 9 26 3 59
170 270 2 8 21 5 50
171 1110 3 7 59 4 43
171 27 3 9 23 3 39
171 612 3 6 70 4 35
171 705 3 8 86 4 44
172 208 2 7 4 3 55
172 218 3 2 66 4 53
173 407 2 1 18 4 46
175 489 0 4 48 5 32
177 637 2 3 68 3 39
177 757 0 6 45 3 41
180 387 0 3 97 4 47
180 289 1 6 80 4 60
181 283 2 6 81 5 30
183 1007 4 7 53 4 48
183 82 4 6 21 3 41
185 619 3 8 36 4 34
186 532 1 8 28 4 52
187 794 0 9 77 4 59
187 710 1 6 34 5 32
188 821 2 4 33 3 43
188 536 4 3 16 3 44
189 703 3 4 26 5 39
189 1109 4 3 2 4 45
189 437 0 2 79 4 51
190 721 1 3 62 3 35
193 370 2 7 32 4 56
195 419 0 8 94 3 56
195 334 3 9 76 4 46
196 866 3 3 63 4 40
197 21 0 0 73 3 43
200 41 2 8 41 4 44
200 233 2 4 76 3 45
200 969 4 9 32 4 40
201 842 2 4 89 5 40
202 348 4 1 54 5 32
203 176 2 7 17 4 60
204 1140 1 9 91 4 57
205 423 1 9 75 4 49
206 143 0 4 95 5 48
207 334 2 1 32 5 53
207 75 1 5 100 3 47
208 1171 0 3 18 4 37
209 565 2 7 88 5 56
209 1073 4 0 74 3 37
209 18 4 7 42 3 50
212 106 4 8 53 5 55
213 460 2 1 58 3 38
214 336 2 4 43 5 37
214 317 1 5 29 5 57
215 203 2 0 57 4 58
215 556 4 0 32 5 48
215 49 4 1 22 5 60
217 488 4 8 13 3 40
217 916 1 0 3 5 36
219 743 2 0 50 4 39
220 1198 4 4 22 3 57
220 178 4 1 11 3 55
221 722 4 8 78 5 58
221 779 3 6 97 3 45
221 15 0 6 52 4 33
222 1135 0 5 16 5 59
223 618 4 0 89 5 31
223 786 2 5 100 5 35
223 1007 4 4 78 4 44
223 1087 4 5 52 3 55
224 1080 2 1 61 4 58
226 427 2 2 4 5 32
226 598 1 9 7 3 36
226 442 1 5 70 5 43
227 1087 0 7 96 5 40
227 1192 1 2 8 3 60
227 503 4 6 13 3 31
228 769 2 7 43 3 50
228 1175 1 8 20 4 38
229 423 3 0 25 4 60
231 579 2 9 18 5 39
232 694 3 4 76 4 48
232 687 1 5 21 4 47
233 948 1 9 15 3 45
233 176 3 8 53 4 37
234 216 2 8 41 5 49
235 325 0 6 94 5 48
235 850 1 7 96 5 55
236 54 0 7 58 3 43
236 182 2 8 77 5 34
236 451 1 5 9 5 39
236 1156 0 2 20 3 32
237 1009 0 0 81 5 42
238 698 0 8 35 5 41
238 853 4 4 36 3 40
238 75 0 4 30 5 50
239 136 0 4 92 5 41
239 8 1 0 36 4 44
240 1106 1 7 26 3 46
241 581 4 4 43 3 40
241 991 3 9 95 3 45
242 1117 3 2 4 5 40
242 141 4 8 32 5 38
242 58 2 8 24 4 44
242 451 0 8 7 3 48
243 208 3 5 3 5 32
244 240 0 7 26 5 38
244 705 1 4 59 3 42
244 374 1 8 68 4 48
245 184 3 4 73 3 58
245 640 1 9 31 4 53
247 594 2 1 36 5 30
247 122 3 5 12 4 51
248 227 0 9 33 4 33
251 345 2 7 54 3 45
251 778 0 5 45 5 53
252 134 2 2 70 4 60
252 633 0 3 11 5 42
254 901 0 2 82 3 30
254 94 1 7 87 4 56
256 915 4 7 3 5 36
257 472 0 8 59 4 45
258 478 1 8 56 4 56
258 596 2 6 9 5 34
259 279 3 0 25 5 50
260 1030 3 3 33 4 45
261 974 0 9 89 3 58
262 761 3 3 92 5 32
263 197 3 8 71 4 34
264 1061 0 3 2 4 40
267 786 2 2 11 5 32
267 348 3 9 63 3 38
267 669 3 1 61 4 59
268 817 3 1 20 5 45
269 852 2 6 13 3 45
270 155 2 1 85 4 39
270 875 2 2 12 4 42
271 666 1 2 77 5 40
271 552 4 6 41 4 48
272 399 1 8 74 4 37
273 578 1 2 4 3 51
274 1130 4 3 37 4 38
275 746 4 0 44 5 44
276 793 1 3 43 4 37
276 372 3 1 65 5 49
276 958 1 7 81 4 37
279 332 0 1 68 4 59
279 1148 0 8 44 3 56
279 499 0 5 85 3 44
280 1037 2 3 72 5 40
280 1096 2 3 23 3 41
280 1076 2 7 16 4 54
281 468 4 5 83 5 38
282 434 3 6 70 5 34
283 235 3 6 35 4 54
283 915 2 8 100 4 40
284 612 4 8 75 3 58
285 84 0 7 6 3 40
286 636 4 5 45 4 50
286 26 3 9 54 4 54
286 1198 1 4 82 4 35
286 799 3 6 2 5 54
287 108 3 9 44 5 54
287 736 1 8 84 5 38
289 1133 4 1 6 4 40
290 1087 2 4 15 5 30
290 264 4 6 18 5 53
291 782 4 9 48 3 31
293 629 4 9 46 4 56
294 430 3 4 37 4 56
294 584 3 2 98 3 43
295 774 0 6 23 4 59
295 172 0 9 95 3 33
296 470 0 4 27 3 55
296 1072 4 6 98 4 39
297 815 0 2 40 5 33
298 828 3 7 94 3 38
299 1198 0 9 93 4 36
299 763 0 0 31 5 49
300 97 0 1 80 3 44
301 855 1 2 95 3 56
301 137 0 2 63 5 52
301 188 1 6 52 4 31
301 1174 0 0 29 5 35
301 882 0 7 37 3 40
302 473 0 7 95 3 42
303 43 4 5 43 4 40
303 1152 1 1 59 5 38
304 1145 2 9 60 5 40
305 948 0 4 41 4 38
306 282 0 1 35 5 31
307 16 2 3 66 3 30
307 405 2 4 94 5 43
309 182 0 2 31 3 43
309 680 0 2 39 3 36
310 545 0 9 74 3 45
310 1100 4 5 60 5 48
310 478 2 3 71 4 34
312 1198 4 4 93 5 60
312 1068 0 8 6 3 54
313 1025 3 8 70 4 60
314 653 2 9 10 4 38
315 497 4 8 7 5 33
315 382 0 5 79 3 47
315 264 0 9 49 3 47
317 415 4 2 76 5 42
318 786 3 4 53 5 34
318 1155 1 2 37 3 39
319 889 4 6 73 3 32
321 873 3 4 61 5 35
321 58 0 1 54 4 42
322 877 0 5 86 5 37
322 1063 0 1 8 5 34
322 404 1 1 65 4 50
323 1195 1 5 96 3 47
323 1192 1 1 86 5 36
323 811 4 3 35 4 59
324 1008 1 2 38 5 52
326 319 3 3 40 5 50
327 872 0 4 58 5 53
328 186 4 9 94 4 38
328 1058 0 8 37 4 42
328 949 0 9 63 3 53
330 354 0 2 56 5 32
332 1047 3 3 77 5 58
332 348 3 8 15 3 39
333 607 4 6 79 3 35
334 7 1 1 20 4 43
335 549 0 0 94 4 40
336 1143 1 5 36 5 48
338 647 1 8 7 5 31
338 983 1 8 33 3 42
338 802 3 9 58 3 37
338 931 1 4 28 5 58
338 747 4 1 79 3 58
339 552 4 2 9 5 41
340 1141 3 8 42 3 38
341 318 3 6 32 3 44
342 127 0 8 43 4 48
342 821 1 8 23 4 52
344 467 0 4 73 4 53
344 346 2 6 66 4 53
344 730 0 6 92 3 50
344 842 2 2 81 3 32
345 266 4 9 45 3 37
345 698 2 2 62 5 58
346 259 2 9 38 3 47
347 294 2 2 61 4 34
347 777 2 8 69 4 45
348 126 1 2 61 5 49
348 15 3 1 90 3 58
349 686 1 3 93 3 59
349 593 4 4 17 3 52
351 240 3 7 72 5 45
353 201 3 1 85 3 43
353 767 4 7 33 3 58
353 260 1 9 73 4 57
356 293 2 4 74 4 31
357 523 4 6 18 3 60
357 941 1 7 47 5 55
358 337 3 4 88 5 43
359 470 0 5 87 5 58
359 591 2 3 30 4 59
359 506 2 2 72 5 39
360 1109 3 8 48 5 43
362 864 1 2 70 4 40
364 1172 3 0 68 3 58
365 138 2 4 57 5 42
365 166 2 6 70 4 32
366 825 0 6 97 4 41
367 285 2 9 97 5 51
367 290 3 3 32 5 32
368 384 3 1 69 3 53
368 948 1 4 7 3 46
369 490 1 3 19 4 50
369 618 0 0 15 4 47
369 298 4 7 30 3 49
370 1137 0 1 62 3 55
370 71 2 6 47 4 58
370 198 4 7 34 5 42
374 970 4 1 23 4 41
376 1113 1 0 31 4 37
377 236 2 1 42 4 47
377 475 1 0 20 4 33
378 312 3 3 82 3 44
379 496 3 1 73 3 38
379 616 2 2 14 3 40
379 1082 0 1 35 5 45
379 320 3 2 8 4 53
380 1198 0 8 19 4 50
381 626 1 6 72 4 60
383 5 4 3 23 5 60
383 986 1 1 42 3 38
384 416 0 4 28 5 46
384 923 1 2 26 5 53
385 18 2 1 2 4 53
386 750 4 3 90 5 54
386 856 0 4 94 4 38
386 169 0 2 36 3 37
387 315 3 7 32 3 44
387 909 1 2 67 3 49
388 747 2 0 44 3 52
390 82 1 4 86 5 31
391 1063 4 6 52 3 43
391 654 3 9 85 3 44
393 973 1 5 89 3 46
393 434 1 9 94 4 40
394 824 0 0 94 5 40
395 832 3 2 81 3 31
395 156 0 4 82 5 58
396 1172 0 8 23 4 51
396 234 1 3 38 3 43
399 1197 1 2 59 4 46
399 0 2 4 10 4 49
401 63 0 5 5 3 36
402 1157 1 4 39 3 41
403 464 1 3 51 3 34
404 46 2 6 4 4 51
410 614 4 8 22 5 56
412 845 0 9 63 3 47
414 97 0 8 88 4 48
414 522 1 6 67 4 55
415 905 0 9 73 3 30
415 741 4 4 13 5 41
416 1133 1 3 94 5 36
416 299 3 3 38 3 55
419 117 3 6 4 4 56
420 673 2 7 78 5 42
425 1098 3 1 14 4 47
428 297 1 9 95 3 56
428 860 1 3 74 3 31
428 805 1 7 31 5 41
428 1163 4 0 13 5 40
428 144 2 9 18 4 33
429 219 3 3 57 5 33
430 820 3 9 82 5 37
430 421 3 2 35 5 36
431 49 3 3 78 5 55
431 863 0 5 23 4 50
432 438 1 4 32 3 42
432 383 2 1 7 5 60
433 413 4 6 48 5 54
433 54 1 9 32 5 50
434 768 4 4 26 3 39
434 123 2 3 30 4 53
434 806 4 4 79 4 32
435 347 2 2 44 3 36
436 736 4 5 44 3 51
437 289 4 9 28 4 32
439 97 0 4 24 3 34
440 125 0 5 53 4 46
441 95 1 1 93 5 47
441 202 0 9 91 5 46
442 1143 1 7 75 3 31
443 744 4 3 98 3 39
443 241 0 2 35 4 35
444 202 0 3 24 4 35
444 1133 1 8 40 5 31
445 248 4 2 97 4 33
445 41 2 9 22 3 48
445 1129 4 2 64 5 40
446 805 2 7 2 3 36
446 451 4 9 27 5 58
447 743 1 3 59 3 51
447 349 4 4 86 5 32
448 1102 2 7 92 5 33
448 591 2 5 90 5 45
448 1141 2 6 12 4 32
449 721 3 6 24 4 38
450 1050 4 9 82 3 33
451 374 2 4 34 3 31
452 563 4 3 36 4 38
452 944 0 6 83 5 57
453 99 4 3 49 3 40
453 1110 1 0 54 5 54
454 314 0 9 32 5 59
455 13 2 0 28 3 35
457 959 2 4 24 4 60
457 61 1 4 60 4 58
458 67 4 6 86 4 32
458 947 0 1 77 3 31
459 373 1 9 80 4 40
460 1031 4 3 8 5 32
462 880 2 4 36 5 46
464 190 4 7 20 3 33
464 408 2 9 93 3 48
464 67 3 6 16 5 31
464 894 1 6 62 3 57
464 1119 1 7 65 3 45
465 801 4 2 91 4 44
466 733 2 9 95 3 44
466 625 3 6 37 3 53
467 93 3 4 65 5 33
467 713 2 2 15 3 54
468 848 3 6 45 5 35
468 659 3 0 25 5 45
469 422 4 4 7 4 42
469 308 0 3 59 3 57
469 68 0 9 6 5 44
471 642 3 9 53 3 48
472 772 4 8 82 4 46
473 349 1 4 56 3 33
473 549 3 6 99 3 42
473 1015 4 7 91 3 50
475 143 2 5 5 3 40
475 1053 4 0 42 4 50
477 739 3 9 54 3 40
477 756 1 0 26 4 50
477 1123 3 5 78 5 52
478 477 0 9 11 5 45
478 136 3 3 54 4 41
479 1051 1 2 34 4 42
479 298 2 7 65 3 34
480 510 4 2 87 4 35
480 952 2 1 13 3 47
485 1079 4 0 53 4 41
485 202 2 1 91 5 54
488 1143 3 4 93 5 40
489 384 0 0 74 3 48
489 140 2 9 73 4 30
490 1083 3 7 51 5 48
492 177 4 2 89 5 51
493 533 2 0 20 3 42
493 482 0 5 14 5 39
493 711 4 4 48 5 33
494 521 3 7 68 4 51
494 254 3 4 82 4 34
495 1136 4 1 65 4 55
495 626 4 2 69 5 39
496 602 4 9 96 3 34
498 220 2 5 89 3 46
499 800 1 9 45 3 49
503 396 0 0 50 4 45
503 1122 0 9 29 5 35
503 965 0 0 44 4 55
504 644 3 5 51 5 31
504 237 2 4 76 3 50
504 977 2 0 99 5 36
505 770 4 6 3 3 51
505 224 1 3 25 3 56
506 89 3 2 31 3 60
506 219 3 9 52 4 58
507 308 2 3 89 5 53
508 112 4 7 29 4 46
510 250 0 8 28 5 32
511 166 0 6 85 4 40
513 456 2 0 8 4 40
513 590 1 2 59 4 48
513 218 4 7 10 5 51
513 27 1 0 50 5 47
514 279 3 8 18 5 31
514 203 4 9 45 4 53
516 1150 0 0 99 3 50
516 71 2 2 83 5 46
517 600 2 4 3 5 57
517 681 1 9 30 4 37
518 758 4 1 34 3 51
518 368 3 5 74 3 53
519 175 4 3 34 3 43
519 1079 3 5 28 4 41
519 363 4 2 83 3 57
519 1083 1 3 38 4 43
522 1077 1 1 53 3 53
522 1121 4 6 91 5 41
523 705 2 1 34 4 35
524 1100 1 5 46 4 60
526 278 0 4 32 4 40
526 1017 1 8 75 5 39
528 321 3 5 32 5 38
528 961 2 6 82 5 38
529 380 4 9 39 5 43
529 293 0 6 66 3 45
530 1083 0 3 91 5 59
532 17 0 8 48 5 37
533 507 0 3 50 3 44
533 1062 2 4 9 4 43
533 796 3 5 50 4 53
534 1046 0 8 42 5 58
534 575 2 0 75 4 33
534 512 4 9 8 4 50
535 702 3 5 53 4 60
536 1044 2 7 15 4 57
537 60 4 2 94 5 31
537 583 3 8 68 3 42
540 1078 4 7 97 4 31
541 1196 1 7 9 3 57
541 949 0 6 64 5 52
542 1066 2 4 58 4 30
542 186 3 4 97 5 47
542 1041 0 3 10 5 60
543 241 2 6 58 5 49
546 475 1 5 75 4 37
547 974 3 4 73 4 34
548 1044 2 9 31 4 58
548 651 1 8 94 3 53
548 165 2 7 66 5 46
549 126 0 3 19 4 51
550 51 3 4 74 3 55
551 1069 0 9 26 4 30
552 198 3 7 68 4 42
553 1110 2 8 25 3 33
554 695 3 0 23 3 51
555 479 0 4 23 5 53
556 299 3 0 33 3 60
557 337 4 1 42 3 51
558 238 1 7 44 3 47
559 828 3 5 25 5 54
559 289 2 2 65 3 55
559 840 1 2 89 3 48
559 909 0 8 24 5 44
559 733 0 0 89 5 30
561 1189 1 7 7 4 52
561 694 3 9 90 3 47
561 617 3 5 88 3 48
562 38 3 1 85 4 43
562 242 2 0 95 5 60
562 957 2 0 91 3 35
563 1109 2 4 64 4 32
564 124 3 2 73 3 59
564 1045 4 5 53 3 30
565 640 4 7 89 3 49
566 689 2 8 41 5 60
568 888 1 7 47 5 49
569 859 2 3 13 3 60
569 1029 1 8 9 3 35
569 800 2 7 9 5 52
570 5 0 2 70 3 43
570 707 0 0 12 3 50
571 428 1 9 12 3 51
572 756 1 8 84 5 41
572 182 4 5 83 4 56
575 828 2 4 11 4 41
575 185 2 8 17 5 47
575 1126 3 8 27 5 45
575 456 0 7 66 5 49
577 86 0 0 32 5 51
577 168 0 4 99 3 36
577 859 2 6 29 4 57
578 779 4 6 25 4 52
578 1097 0 3 83 4 48
579 1009 1 9 66 5 49
579 173 0 2 17 3 31
579 336 2 9 54 4 42
582 321 2 9 66 5 53
582 417 3 1 1 4 39
583 1010 3 0 98 5 51
583 153 3 4 55 3 50
583 226 4 8 4 5 48
585 422 1 5 80 3 42
586 237 0 1 46 5 55
586 464 1 1 81 4 40
586 683 3 2 5 3 55
587 719 1 5 62 3 38
587 311 3 4 95 3 60
587 197 0 3 91 4 37
587 575 4 0 18 5 34
587 981 3 0 56 5 46
587 424 1 6 49 3 33
587 929 2 7 43 4 55
588 272 4 9 77 3 43
588 263 2 1 25 3 58
590 999 3 8 5 3 35
590 172 3 2 95 4 59
591 242 1 9 6 3 46
591 1181 4 1 49 3 35
592 649 1 6 49 3 47
594 922 3 0 51 5 55
594 242 3 3 43 3 35
595 726 2 5 19 3 51
597 1089 4 9 58 5 49
601 307 3 9 75 4 36
602 935 3 8 99 3 52
603 1000 1 0 8 5 34
604 535 3 9 93 5 48
604 658 4 4 14 5 47
605 362 0 9 14 4 41
605 994 3 9 2 5 43
607 145 4 2 69 3 60
607 135 4 9 6 4 32
608 207 1 0 32 5 39
609 1066 1 6 87 4 40
609 826 1 8 51 5 55
609 325 1 6 47 3 45
611 545 2 2 87 5 45
611 481 4 5 96 5 34
611 864 0 3 61 3 36
612 239 0 3 63 4 53
614 570 2 7 3 5 38
614 133 0 1 82 4 40
614 975 0 8 12 3 57
616 511 1 7 65 5 33
616 528 2 4 48 5 35
617 322 4 1 45 3 50
617 1140 0 7 79 4 49
618 621 2 4 72 4 40
618 1119 4 9 79 4 44
619 320 1 0 74 5 57
620 1101 0 2 64 3 49
621 41 3 2 65 3 34
621 784 4 7 99 4 36
623 941 3 7 12 4 32
624 1046 2 2 22 5 59
625 82 2 3 74 5 44
625 257 3 6 42 3 31
625 46 1 2 1 5 54
625 443 4 8 30 5 52
625 902 4 7 68 5 38
626 638 0 3 1 4 54
626 1139 1 6 19 5 44
626 242 3 1 77 5 42
626 476 4 5 57 4 32
630 765 4 9 12 5 31
630 661 0 8 95 3 54
631 472 2 3 39 3 53
632 202 0 5 29 5 43
632 365 4 8 36 5 58
633 431 0 5 20 3 32
633 835 2 4 15 3 55
635 1 4 1 94 3 31
635 189 3 0 73 5 36
639 33 4 2 43 3 30
639 1128 1 5 38 5 37
639 151 0 8 1 4 56
641 62 1 0 48 5 48
641 1139 0 9 99 5 32
642 1037 4 5 87 4 49
642 108 0 8 56 5 49
644 1194 2 0 92 3 57
645 175 0 3 9 4 42
645 1059 3 3 37 4 47
646 729 3 9 83 5 45
647 638 0 3 35 4 37
647 266 2 9 2 5 30
648 339 2 4 76 4 33
649 492 0 0 66 3 32
649 727 3 9 16 5 59
649 96 4 7 16 3 36
651 932 4 0 15 5 37
651 443 4 8 16 3 51
652 1175 2 0 22 5 47
652 785 0 1 66 3 49
652 1018 3 9 58 5 31
653 1069 2 0 56 4 56
653 378 0 4 61 5 58
653 820 0 8 86 3 60
654 104 3 1 31 4 55
654 1191 2 6 31 4 38
655 579 3 5 79 5 52
657 310 0 9 87 4 44
657 799 1 3 68 4 33
658 758 2 3 63 3 60
658 562 1 1 86 5 48
658 690 3 1 33 3 42
659 1154 4 4 16 5 55
660 143 4 4 99 4 47
660 24 3 3 77 3 43
661 953 0 0 51 3 47
663 1132 3 5 49 3 50
664 27 4 6 37 3 32
664 416 0 8 33 4 52
665 62 1 2 100 4 57
666 694 0 2 77 5 59
668 472 1 1 86 4 60
670 390 4 9 33 3 40
670 929 0 6 15 3 35
670 164 1 2 61 5 54
670 1076 2 5 52 5 34
670 535 0 5 50 5 34
671 721 3 8 12 5 48
671 888 4 6 66 5 32
673 961 3 9 90 3 59
673 824 2 1 71 4 38
674 804 2 3 67 5 36
676 1062 2 5 56 4 60
676 1162 1 6 26 5 33
676 1069 3 6 52 5 34
678 425 0 0 63 5 54
678 69 0 4 74 3 37
678 149 2 5 4 3 56
679 1031 3 3 100 4 59
680 69 3 7 40 5 56
680 1053 0 1 29 4 37
681 1037 4 0 39 5 34
681 1121 1 1 62 3 30
683 935 4 4 85 4 39
685 1040 0 3 51 4 35
685 179 3 6 5 3 52
687 197 4 6 42 5 43
688 764 3 0 64 4 48
689 262 1 3 15 5 44
691 323 1 8 64 3 35
694 148 3 1 97 3 33
694 369 1 9 70 3 40
694 144 1 8 40 5 43
694 1145 3 6 50 4 56
696 155 2 8 78 5 33
696 384 1 6 3 4 46
697 849 4 7 92 5 50
699 117 4 3 31 3 54
702 177 3 9 31 4 60
702 700 4 8 23 3 43
702 69 4 6 34 4 33
704 964 1 3 87 4 36
706 970 0 4 81 5 36
707 57 2 3 71 3 57
707 970 2 7 8 3 60
708 621 0 9 15 3 53
709 76 4 5 51 3 51
709 1179 1 7 77 5 47
709 57 3 1 81 4 34
710 338 3 1 8 4 56
710 691 3 7 44 3 45
710 363 2 2 94 5 52
715 947 1 5 56 4 59
715 1195 0 3 24 3 31
715 506 0 6 99 4 34
715 821 4 8 37 5 55
717 941 3 3 41 5 53
717 1059 4 0 87 4 50
718 460 1 1 7 3 39
721 345 0 9 87 5 55
723 1054 0 9 83 4 43
723 624 3 5 40 3 51
725 636 1 1 43 5 45
725 864 3 3 73 3 34
725 868 0 6 8 3 56
725 801 3 8 8 4 46
726 171 0 6 34 5 48
727 832 1 5 63 3 52
727 748 4 7 26 3 37
728 1039 4 2 90 5 44
728 1030 2 7 18 3 46
731 1055 3 8 17 4 43
732 1118 0 6 1 3 37
733 194 1 2 97 4 45
733 1145 0 9 31 3 38
735 1082 4 0 5 4 41
735 605 4 0 56 4 30
736 1007 3 9 23 3 43
737 803 0 3 98 4 58
737 287 4 3 22 3 57
737 678 2 6 89 3 42
740 516 4 9 2 3 50
740 800 1 8 74 5 59
740 584 4 0 76 5 59
741 740 3 7 100 4 41
743 454 4 1 23 4 54
745 566 2 3 55 3 37
746 748 4 9 11 4 53
747 132 0 8 90 5 53
749 1050 3 7 33 4 35
750 493 1 5 33 3 43
750 1133 0 6 11 3 32
750 466 1 6 12 5 35
751 854 4 4 25 4 37
752 443 1 0 14 3 34
752 161 0 2 7 4 52
754 463 2 7 80 4 57
755 381 1 5 81 4 34
757 328 4 6 72 5 47
757 960 2 7 84 4 51
758 1179 4 1 88 3 50
758 415 3 8 64 5 37
758 479 0 3 38 3 53
762 701 3 3 85 3 33
762 742 3 7 80 3 53
766 10 0 7 39 5 35
766 163 3 1 68 5 60
766 39 2 8 96 5 54
767 856 4 2 59 3 57
768 1124 2 1 96 5 36
768 1094 2 8 47 4 34
769 615 2 9 38 3 58
770 830 4 0 84 3 43
770 534 2 8 74 5 37
771 305 4 3 4 5 39
771 1111 1 2 56 4 45
773 676 3 1 60 3 46
774 1156 0 9 23 5 48
775 809 3 9 1 4 42
776 201 1 3 36 4 60
777 1082 2 9 6 3 39
777 1015 0 6 1 5 54
778 118 0 3 78 5 32
779 341 2 2 36 4 40
780 185 3 5 95 5 58
782 491 3 7 100 5 53
783 216 3 4 54 5 57
784 1013 2 2 15 3 48
785 615 1 5 75 4 59
786 1127 1 0 73 5 49
788 606 0 6 93 5 54
789 1052 4 3 99 5 48
790 659 1 2 83 4 30
791 468 0 9 83 5 60
791 785 1 5 16 3 54
792 944 1 1 93 5 41
793 960 2 7 46 5 30
793 1151 0 4 85 4 48
794 921 3 3 54 3 39
794 860 1 7 61 4 36
796 297 0 5 11 5 42
796 61 1 7 22 5 57
796 472 4 6 35 3 50
797 775 4 0 9 5 53
797 956 4 1 84 4 42
797 1018 3 4 55 4 39
798 33 4 3 12 4 52
799 46 3 6 45 5 38
800 80 2 4 52 4 44
800 560 4 7 19 4 51
800 803 2 5 15 5 55
800 89 0 1 22 3 52
804 693 2 9 35 5 33
805 109 0 1 12 5 37
805 298 4 4 28 5 42
806 223 1 8 41 4 42
807 1128 4 6 24 3 34
807 1163 1 3 93 5 56
807 1022 3 0 44 4 57
807 936 4 8 44 4 33
808 194 0 2 48 5 49
809 180 1 9 23 3 40
810 747 1 1 73 5 49
811 285 1 3 39 4 52
811 1 0 0 72 4 35
811 779 4 2 51 4 48
812 102 3 8 94 3 48
812 892 1 0 15 4 58
813 194 1 6 87 4 37
814 133 1 3 3 3 33
814 558 3 1 1 5 51
817 847 1 9 48 5 59
817 69 2 1 88 5 42
818 687 1 9 74 4 45
818 740 4 2 91 5 39
821 1177 4 7 17 5 52
823 685 3 7 57 5 44
824 535 4 4 65 3 43
825 10 4 6 86 3 58
829 506 2 8 6 5 41
832 810 2 1 65 5 50
834 758 4 7 50 3 37
834 593 0 3 52 5 45
835 1094 0 2 97 3 38
836 64 0 1 81 5 47
836 141 3 7 8 3 30
837 255 1 9 74 4 57
839 455 3 9 34 3 44
839 379 3 3 33 4 49
841 807 4 7 53 5 33
845 724 2 0 91 3 57
846 727 1 4 88 3 36
848 372 0 0 34 3 52
852 764 1 2 55 4 30
852 336 4 3 79 3 35
853 566 3 3 61 4 39
854 780 4 6 99 3 39
854 500 3 2 32 3 56
855 423 2 8 16 4 46
856 440 0 1 91 3 40
856 964 3 6 29 5 30
857 558 1 1 88 5 36
857 39 1 0 53 4 52
857 149 2 9 6 5 58
857 470 1 9 83 5 49
858 131 3 2 8 3 42
858 947 0 6 82 5 45
858 997 2 7 89 4 42
858 422 2 4 40 3 38
858 470 1 7 76 5 44
859 469 2 2 12 5 39
860 709 2 0 60 3 39
861 326 1 9 24 5 32
862 887 2 2 3 3 41
862 918 4 6 29 5 57
863 280 0 4 4 5 54
864 548 0 0 6 4 49
865 265 4 6 72 5 42
865 108 3 1 84 3 46
867 850 4 4 81 3 48
868 13 2 0 55 4 59
868 1024 0 3 70 5 46
868 404 2 3 34 4 30
869 1027 0 7 19 4 40
870 1183 2 5 58 4 39
870 454 3 5 6 3 39
870 1185 1 7 46 4 30
870 711 0 6 95 3 36
871 1165 0 7 79 4 43
872 282 1 4 83 5 30
874 102 4 4 35 5 51
874 199 2 3 6 4 54
874 361 1 1 80 4 38
875 337 0 6 45 3 58
876 230 1 3 29 3 46
876 479 3 1 86 4 50
877 276 2 0 79 3 49
878 820 2 1 78 5 41
878 175 4 6 63 5 41
878 885 2 8 56 4 60
879 379 0 5 10 3 59
880 49 0 1 87 5 55
880 1076 1 5 83 4 56
883 543 2 8 68 5 43
883 327 3 9 6 5 31
884 874 4 0 56 3 31
884 295 3 0 34 5 57
885 1018 0 2 27 5 52
888 375 2 8 52 4 35
888 476 2 5 16 4 41
891 751 3 5 36 4 37
892 13 3 4 37 4 52
892 247 0 3 38 4 35
892 585 2 8 85 4 46
893 461 3 2 99 4 32
894 182 2 5 64 3 50
894 195 1 4 88 3 52
895 448 0 5 58 3 59
896 193 2 5 9 3 41
898 466 1 4 80 3 34
898 1018 0 8 4 3 57
899 337 3 2 40 3 58
899 215 3 6 72 3 35
899 1033 1 9 77 4 53
899 348 1 4 12 3 30
902 287 0 9 27 3 47
902 297 0 3 32 3 56
902 212 3 6 48 3 57
903 1077 2 9 46 4 50
903 101 0 3 87 5 51
904 815 3 8 54 3 41
905 396 2 4 40 3 52
905 857 0 8 41 3 58
906 590 1 7 40 3 34
907 650 4 2 14 5 39
907 25 4 6 94 3 37
908 363 0 6 34 4 32
909 1101 4 9 62 5 30
909 770 1 1 23 3 36
910 245 0 0 68 4 37
910 975 4 4 57 4 51
911 1163 3 0 99 3 59
911 217 4 7 38 3 48
917 463 2 4 27 5 35
917 151 4 1 36 3 33
917 218 0 6 35 4 37
918 623 0 9 55 5 51
919 88 0 3 58 5 34
919 950 3 1 70 3 54
920 798 1 2 93 4 45
921 197 2 1 68 3 52
922 300 3 3 64 3 50
922 963 4 8 98 5 46
928 748 4 3 23 3 32
929 387 1 8 95 3 45
932 311 2 1 9 3 52
932 359 4 0 84 4 41
932 48 4 4 3 4 42
933 817 2 4 43 4 50
935 381 1 6 95 4 55
936 735 4 9 36 4 32
936 844 1 8 100 5 59
937 505 0 6 78 4 60
938 535 2 9 2 3 52
938 1185 0 3 28 4 39
938 105 2 6 23 3 31
939 546 2 7 9 3 49
940 1156 2 9 35 5 51
941 324 4 8 8 3 36
941 1023 4 5 56 5 31
941 46 1 4 18 4 51
942 894 3 8 56 3 50
942 159 2 8 75 3 42
943 646 0 5 68 5 55
947 520 1 6 31 4 58
949 669 2 9 61 3 43
949 1064 0 0 3 3 42
950 341 0 9 24 4 34
950 111 0 5 93 5 45
952 86 3 1 75 3 44
952 55 2 2 29 5 41
953 288 0 6 91 4 52
953 899 1 4 5 4 37
954 700 3 1 100 3 33
955 773 1 5 12 3 33
955 1051 2 1 15 4 40
956 507 2 3 82 3 55
956 1031 3 8 14 4 33
956 83 1 4 80 3 35
957 815 1 1 76 3 47
957 1020 3 3 26 4 30
957 743 4 9 26 4 46
959 1199 0 3 58 4 60
959 910 4 2 42 4 51
959 1061 2 2 36 3 52
960 428 4 4 35 5 51
961 636 1 6 64 3 53
961 1028 3 3 22 4 56
962 839 2 2 47 3 49
962 196 3 9 32 3 47
962 430 4 1 60 4 44
962 468 0 4 65 5 41
963 1119 4 7 53 4 36
964 653 4 6 4 4 38
964 987 4 3 35 5 46
965 955 0 3 99 4 57
965 1139 0 5 96 3 38
965 927 4 2 94 5 60
965 1101 2 9 90 5 30
966 1137 3 6 86 4 45
968 200 2 2 17 4 45
968 105 1 0 92 4 58
969 1149 3 5 87 4 47
969 431 2 6 60 5 59
971 689 3 8 65 3 58
972 466 0 3 31 5 50
974 478 4 1 55 3 42
976 813 3 4 19 5 51
976 962 1 9 31 3 46
977 673 1 7 52 5 38
977 796 4 2 38 4 50
977 28 1 8 25 5 51
978 919 4 3 98 4 43
979 1190 1 8 32 4 46
981 377 3 5 69 4 38
984 803 3 1 49 3 59
987 762 4 4 85 3 50
987 316 0 7 42 3 32
987 409 3 0 36 5 50
987 1133 3 7 31 4 30
990 903 4 2 61 5 49
991 180 4 9 67 5 37
991 945 4 4 70 3 56
992 110 4 0 14 4 48
992 238 4 7 84 4 57
992 298 3 6 75 4 46
993 804 1 5 65 3 49
993 314 1 9 6 4 39
994 541 1 6 3 5 44
994 485 2 4 64 4 58
995 656 3 7 67 5 38
996 41 4 2 37 5 60
997 117 2 2 11 3 38
997 579 0 0 65 5 40
998 491 1 0 37 5 46
998 429 1 7 21 3 32
999 558 3 5 100 3 55
1000 637 1 5 4 3 57
1001 638 4 5 47 5 35
1002 311 2 9 89 4 31
1002 272 4 9 30 3 34
1002 982 3 4 60 5 48
1003 0 1 0 40 3 38
1004 1063 1 6 34 4 32
1005 614 3 6 81 5 39
1007 894 0 9 20 5 41
1008 130 3 1 80 3 57
1008 570 1 0 57 5 30
1009 756 3 7 60 5 56
1009 345 3 3 93 3 54
1009 513 1 1 36 5 37
1010 1068 1 6 19 5 54
1015 506 0 5 36 3 46
1015 320 3 8 68 5 51
1016 426 1 2 55 5 57
1016 655 3 5 25 4 38
1016 104 3 5 47 5 59
1016 729 2 9 19 4 60
1017 63 3 2 9 3 35
1020 139 0 4 56 4 34
1021 913 0 6 13 3 49
1021 325 4 7 18 5 37
1021 15 1 3 48 3 30
1022 481 4 8 10 4 51
1022 744 1 1 5 4 45
1022 669 4 4 16 4 40
1023 567 1 2 39 4 32
1023 430 0 6 6 5 42
1024 635 2 6 13 4 41
1024 901 3 2 99 3 31
1024 1010 1 7 21 5 36
1028 767 2 0 51 5 39
1028 56 3 8 79 3 42
1029 80 3 1 87 3 59
1030 344 3 5 29 4 31
1030 845 0 8 8 4 58
1030 81 3 0 37 5 57
1031 929 3 3 27 3 45
1032 888 0 3 42 3 31
1032 284 4 5 47 4 40
1032 520 2 1 41 5 40
1034 171 3 9 20 4 48
1034 844 0 9 24 4 49
1034 533 0 8 62 5 52
1034 818 4 7 71 3 32
1035 342 0 9 78 3 40
1035 972 2 5 31 3 53
1035 1012 1 6 70 5 41
1036 224 4 4 84 3 32
1037 861 2 2 88 3 43
1039 781 4 1 15 3 52
1040 12 4 5 100 5 36
1045 502 4 1 94 4 59
1045 657 1 8 89 4 56
1046 246 1 2 98 4 35
1046 215 4 0 69 3 53
1046 484 2 4 15 3 46
1048 160 4 5 43 5 45
1048 108 1 5 12 4 40
1049 454 2 2 66 5 44
1049 1014 4 9 56 4 34
1050 735 1 4 52 5 42
1053 1182 4 1 76 3 42
1053 672 0 2 92 4 60
1055 561 3 7 16 3 58
1055 133 1 7 48 4 38
1055 270 0 8 13 5 38
1056 1072 0 4 31 5 30
1056 312 1 7 3 5 32
1058 605 3 4 57 5 48
1058 72 0 4 90 5 38
1061 1026 2 8 22 4 52
1062 414 0 1 76 5 49
1063 929 0 8 53 5 35
1063 214 3 4 69 4 53
1065 320 0 2 63 3 37
1065 1051 1 1 51 3 60
1066 109 1 1 20 4 42
1070 2 1 0 66 3 40
1070 967 1 9 43 4 42
1070 906 1 0 89 5 43
1070 447 0 2 68 3 51
1071 1005 1 3 87 4 56
1072 717 4 3 24 3 49
1072 799 2 4 2 4 54
1072 1012 3 9 67 4 59
1072 18 0 2 43 4 51
1072 761 3 9 76 5 33
1072 551 1 9 72 4 50
1072 315 3 2 68 3 53
1073 620 2 3 20 5 56
1075 349 3 3 50 5 58
1075 395 3 6 91 4 43
1077 913 4 1 85 4 46
1078 790 4 0 84 4 54
1079 43 0 8 15 4 52
1084 353 1 5 52 5 59
1085 469 1 9 50 4 39
1085 3 3 4 9 5 51
1086 492 3 3 73 5 53
1088 756 1 4 26 4 45
1088 447 1 3 73 4 38
1089 627 3 4 65 5 37
1091 971 0 0 12 3 56
1091 422 4 1 63 3 60
1092 183 4 3 16 4 38
1093 500 1 6 20 5 49
1093 709 0 6 100 3 38
1100 765 0 1 51 3 37
1101 1024 3 5 59 5 43
1101 476 4 0 77 5 35
1103 878 2 0 37 4 50
1105 146 4 9 69 4 45
1106 177 1 1 73 5 47
1106 701 3 5 35 4 32
1106 127 0 5 66 5 36
1106 857 4 0 32 5 35
1107 467 3 9 80 4 56
1109 1049 3 6 10 3 31
1109 873 2 3 60 4 56
1114 399 1 9 25 5 53
1114 968 3 1 26 4 48
1115 917 3 4 98 4 40
1115 234 2 9 93 4 38
1115 1141 4 4 84 3 36
1115 453 2 9 62 4 53
1116 541 0 9 3 3 58
1117 1125 0 9 35 4 31
1121 384 1 0 20 5 51
1122 981 0 6 28 3 48
1124 555 0 8 96 4 48
1124 291 4 2 20 4 42
1125 788 0 4 7 3 38
1126 62 3 8 55 5 44
1127 910 1 3 87 4 53
1127 714 3 1 11 5 31
1127 604 4 3 35 5 37
1128 1026 3 3 12 3 46
1128 433 0 2 69 5 39
1128 760 3 1 32 3 38
1129 1041 1 0 34 4 56
1129 537 0 7 87 3 32
1130 1167 0 2 60 5 48
1130 102 4 7 55 3 37
1130 377 0 2 70 3 53
1131 609 4 1 31 4 42
1134 789 2 1 22 3 51
1135 260 4 4 5 3 44
1135 64 0 5 86 3 44
1137 104 4 2 89 5 57
1137 262 4 0 8 4 37
1138 918 1 2 93 4 49
1140 272 3 9 89 3 56
1140 254 2 3 23 5 49
1140 386 2 3 19 4 49
1143 693 0 2 61 3 41
1143 585 1 2 75 5 37
1147 295 0 5 57 5 33
1147 855 2 5 8 4 44
1148 831 0 7 1 4 35
1149 1068 1 0 14 5 60
1149 0 3 2 94 4 58
1150 703 1 0 62 3 58
1150 718 3 2 92 3 54
1150 741 3 5 25 4 60
1150 667 3 0 20 3 45
1151 1027 1 1 78 4 37
1151 872 3 5 36 4 45
1151 680 0 7 52 3 56
1151 257 0 4 31 5 59
1152 1111 2 1 16 4 39
1153 667 4 9 63 5 47
1155 624 4 5 61 3 39
1156 87 2 2 52 3 41
1160 1074 0 9 18 3 30
1161 571 3 4 63 4 48
1162 632 2 3 83 3 53
1165 286 1 1 5 5 44
1166 741 2 6 50 3 36
1167 1163 3 4 65 5 36
1168 615 3 2 29 5 45
1168 708 1 1 48 5 47
1169 722 3 2 89 3 53
1169 1000 0 0 86 5 43
1169 706 0 0 18 3 39
1169 463 2 7 43 5 37
1169 804 4 1 48 5 55
1170 374 2 9 29 3 43
1171 267 3 9 84 4 51
1172 92 1 6 77 5 54
1173 1073 4 3 20 4 52
1173 892 4 2 49 4 59
1173 944 1 9 90 4 37
1174 602 2 2 87 3 58
1177 226 2 2 96 4 53
1177 332 3 5 32 4 40
1177 928 4 4 75 5 35
1179 194 4 3 85 5 45
1180 1191 3 1 41 3 32
1180 898 2 7 10 3 45
1181 357 2 9 52 3 54
1181 320 4 7 17 4 40
1181 187 1 7 80 4 57
1181 500 3 4 25 4 48
1182 328 0 8 38 4 37
1185 871 3 3 68 3 43
1185 922 3 8 60 4 52
1186 664 2 1 24 5 33
1188 1164 1 3 58 3 31
1190 470 4 1 35 4 33
1190 227 4 4 96 4 39
1191 43 0 9 62 4 57
1191 167 3 3 87 4 36
1192 914 1 9 71 3 39
1192 265 3 1 69 4 58
1192 1045 1 7 93 5 36
1193 1021 0 2 78 5 38
1193 1031 3 6 37 3 41
1193 1196 4 4 61 3 51
1193 817 3 9 45 5 33
1193 944 2 8 22 3 33
1195 269 3 9 17 5 48
1195 1034 2 0 78 3 60
1195 715 4 6 53 3 58
1196 902 2 7 88 5 41
1197 470 1 8 12 3 59
1198 571 3 0 95 5 36
1198 388 4 2 72 3 44
1198 99 0 7 98 5 33
1199 1191 1 0 53 5 58

