10

5
0 20 20 20 20 20 20 20 20 20 20
1 20 20 20 20 20 20 20 20 20 20
2 20 20 20 20 20 20 20 20 20 20
3 20 20 20 20 20 20 20 20 20 20
4 20 20 20 20 20 20 20 20 20 20

25
300 1200 985 6 4
0 126 7 2
1 106 3 6
2 130 10 8
4 126 4 4
5 120 6 6
9 127 2 9
1200 900 925 6 1
0 144 5 5
1 144 5 3
3 139 2 1
4 117 4 4
6 136 4 1
9 100 10 5
1200 0 871 6 1
2 127 3 3
4 125 2 3
5 149 10 7
7 122 4 2
8 138 1 9
9 112 7 3
900 300 844 6 2
0 133 1 3
1 107 8 9
4 121 1 2
5 136 2 2
6 121 5 2
7 142 5 1
900 1200 806 6 2
0 117 2 7
2 106 4 4
3 112 4 2
4 119 3 9
6 124 3 2
8 128 8 1
1200 600 845 6 2
1 119 3 2
3 100 5 1
4 124 6 5
5 125 8 2
6 104 10 8
9 113 1 9
0 1200 817 6 0
0 118 10 2
2 100 1 4
4 147 4 10
5 125 10 2
8 137 6 5
9 128 1 3
1200 300 959 6 0
0 137 8 6
1 114 4 5
4 128 6 7
6 113 10 1
7 122 3 2
8 147 6 1
1200 1200 994 6 3
1 149 1 3
2 143 6 6
3 133 3 1
4 114 7 9
7 128 4 7
8 124 9 5
0 300 929 6 0
1 129 4 8
2 108 6 6
4 140 9 3
5 140 9 2
7 147 5 1
9 133 4 6
0 900 900 6 2
0 136 2 3
2 121 5 4
3 149 6 2
4 109 5 5
7 106 3 5
8 104 8 1
900 0 929 6 0
0 145 5 9
1 135 7 3
2 129 8 9
6 130 3 3
7 112 4 5
8 107 4 8
900 600 902 6 3
1 130 2 6
3 133 4 3
4 135 10 6
6 118 3 1
7 121 7 3
8 118 9 3
300 300 930 6 1
0 126 10 2
1 134 4 10
2 143 8 8
4 126 1 3
8 111 2 8
9 145 10 10
600 900 991 6 4
1 128 7 6
2 150 4 9
3 146 3 9
4 103 8 2
8 132 1 5
9 101 5 6
600 300 867 6 4
0 103 10 3
1 110 4 2
4 146 8 7
5 102 1 10
6 148 4 7
8 134 9 8
600 0 823 6 3
1 109 10 2
3 147 1 6
4 111 4 3
5 114 5 1
7 107 1 4
8 127 9 10
300 600 896 6 2
0 100 2 9
2 132 9 8
4 111 3 4
5 135 6 3
8 109 5 2
9 110 9 5
0 0 919 6 4
0 148 6 5
1 123 1 5
2 145 1 8
3 100 6 5
8 144 8 8
9 150 5 1
300 0 806 6 1
0 139 5 2
1 141 7 2
4 101 7 1
6 116 1 9
7 137 2 1
8 120 2 8
300 900 910 6 3
0 128 4 6
1 123 9 2
3 145 9 2
5 145 2 4
8 116 10 8
9 129 8 1
600 1200 810 6 4
1 135 10 10
2 136 4 4
3 115 5 1
7 108 6 10
8 147 10 8
9 146 6 8
900 900 926 6 1
0 118 3 10
1 137 10 9
3 111 1 4
4 116 3 9
5 102 9 1
9 140 2 4
600 600 827 6 3
0 115 5 6
3 119 4 6
4 131 7 2
6 113 4 4
7 146 8 8
8 141 6 3
0 600 916 6 0
0 113 10 10
1 147 9 1
2 130 5 1
6 106 9 8
7 102 4 2
8 142 1 3

700
3 478 4 7 43 3 58
5 623 0 5 32 3 39
9 468 0 7 45 5 45
10 894 4 5 25 5 42
12 559 4 6 48 3 55
13 579 4 2 89 4 35
14 868 1 1 70 5 49
16 507 1 8 35 4 60
21 737 2 0 78 5 52
22 347 3 7 96 3 32
24 1167 1 4 56 5 47
25 809 2 9 67 4 51
26 214 4 0 21 4 59
28 745 4 5 30 3 57
32 860 1 9 71 3 39
36 55 4 3 50 3 32
39 88 3 6 86 4 47
44 261 2 6 15 4 57
45 332 3 7 97 4 37
46 534 0 4 98 5 58
48 365 2 7 1 5 55
48 1103 1 4 98 3 58
49 217 0 2 96 3 41
51 601 0 9 97 4 55
54 446 2 2 88 4 59
55 920 1 5 4 3 30
56 1045 4 0 34 3 37
57 53 2 0 40 3 34
59 170 4 2 62 5 37
61 1106 3 7 15 4 47
61 144 4 0 29 3 36
62 428 0 9 71 4 33
62 992 2 8 25 4 45
63 888 0 5 50 3 50
64 9 4 9 54 4 41
65 575 4 3 49 4 43
70 467 0 9 72 4 35
70 117 2 1 65 5 55
71 46 2 9 16 5 44
71 41 2 7 35 4 41
72 1169 4 5 56 4 46
76 548 3 9 28 5 58
79 583 0 1 96 3 51
80 984 3 8 60 4 34
81 46 4 5 84 3 50
82 239 0 9 39 4 43
84 696 2 3 15 4 48
84 312 1 2 95 5 43
86 938 3 4 10 4 50
88 386 4 0 30 3 54
90 349 3 1 68 4 45
90 171 0 5 1 5 32
91 307 1 9 28 5 44
91 791 3 3 64 4 44
91 383 0 0 59 4 46
91 504 3 8 63 4 33
93 1140 1 2 19 4 36
96 903 0 4 64 3 37
98 223 2 1 74 5 45
102 661 0 0 83 3 56
102 258 0 6 90 3 56
102 1143 1 9 40 3 30
103 381 0 4 20 4 30
105 223 4 1 36 3 35
105 883 0 6 57 3 34
106 158 0 8 24 5 59
107 1128 3 2 28 5 38
108 715 4 8 15 3 52
108 164 2 8 18 4 48
111 614 2 2 34 5 37
112 431 1 9 63 3 60
114 868 4 5 6 5 32
116 1115 4 6 46 4 50
116 679 1 3 18 5 31
118 285 2 4 100 3 35
120 962 4 4 38 4 59
122 393 0 5 51 3 52
125 107 1 2 37 5 50
126 359 4 7 26 4 33
129 215 3 1 49 4 44
132 146 3 3 60 5 40
136 252 4 6 8 3 53
136 892 1 6 75 5 38
138 1058 3 0 38 4 58
140 150 2 7 81 4 33
140 1115 3 4 22 4 45
140 85 1 6 63 3 46
144 151 0 0 71 4 32
151 642 1 3 50 3 57
152 758 0 9 74 4 44
152 878 3 4 30 5 39
154 876 1 4 2 5 41
158 671 3 9 23 5 60
160 949 0 7 2 3 33
160 676 0 9 40 5 47
161 9 0 9 66 3 40
161 346 3 8 4 3 35
162 195 4 2 24 3 44
162 295 3 2 87 4 54
164 71 3 0 53 3 41
165 526 1 2 44 4 46
166 145 0 1 1 3 40
167 858 3 5 14 4 54
169 965 2 8 85 5 57
170 647 3 1 29 4 53
171 49 4 4 21 4 55
171 9 2 1 44 4 52
172 1045 2 0 96 4 36
172 330 2 1 41 5 57
173 115 2 2 100 3 39
175 448 1 0 42 3 44
177 119 0 4 33 4 56
177 294 0 0 65 5 40
180 251 3 3 56 4 36
180 298 1 9 85 4 57
185 117 4 9 72 4 55
186 1151 2 0 41 5 34
187 715 1 1 28 3 41
188 102 0 1 53 4 46
188 963 3 7 29 5 31
189 473 2 0 3 4 55
189 359 2 0 84 4 36
189 390 4 4 10 5 59
195 987 1 9 30 5 50
200 556 2 5 29 5 55
200 519 3 4 39 5 52
201 14 0 9 5 4 39
204 465 4 2 26 3 33
206 868 1 3 87 4 56
207 242 1 2 50 3 32
209 782 2 6 26 4 41
209 332 3 7 33 4 45
209 276 3 3 49 3 37
214 351 0 1 29 3 43
219 19 4 4 28 3 39
220 19 1 1 90 3 45
221 710 1 1 4 5 44
221 1093 4 5 28 3 52
222 388 4 5 55 5 36
223 1122 3 9 51 3 56
224 591 1 7 91 5 42
226 747 2 7 37 4 45
227 687 4 2 66 5 30
228 522 1 4 87 3 32
228 94 4 8 7 4 54
229 956 2 9 34 5 35
235 699 4 6 71 5 56
236 845 2 8 34 4 50
236 1117 3 4 20 3 44
238 21 1 4 16 4 34
238 117 4 4 76 5 33
238 1034 2 0 1 5 52
239 50 0 9 42 3 56
240 1079 4 2 67 4 45
241 685 2 2 16 5 56
242 558 4 5 64 4 48
242 635 0 2 17 4 32
243 937 0 3 20 3 50
245 58 2 7 17 3 45
245 205 2 0 68 3 41
251 570 0 8 61 3 50
254 1137 4 1 80 3 57
256 900 3 0 72 5 32
259 338 4 6 26 3 54
260 45 0 8 76 4 49
263 701 3 0 25 3 30
264 654 4 6 71 3 55
267 975 3 2 85 3 43
267 601 2 4 10 4 41
267 679 0 2 1 5 34
270 0 3 2 95 5 38
271 904 2 0 61 3 57
271 1145 4 0 72 3 45
272 79 0 5 1 3 36
274 980 2 6 17 4 57
275 916 0 5 57 4 32
276 108 1 7 68 5 48
279 953 3 9 9 3 50
279 1181 1 9 75 3 31
280 1151 3 3 35 5 30
280 243 4 0 48 4 39
281 916 4 6 84 5 40
284 598 4 9 87 3 53
286 442 4 0 75 3 42
286 965 0 2 17 4 36
287 9 0 5 22 5 53
290 713 1 4 95 5 31
291 203 2 0 15 4 37
296 257 1 0 49 3 45
299 932 2 3 82 4 58
301 547 0 4 98 4 34
301 196 2 1 75 5 51
301 64 3 2 42 3 38
304 90 0 0 85 5 57
307 912 3 9 40 3 31
310 682 1 8 37 4 34
310 969 2 6 96 3 57
315 1071 2 8 51 4 33
317 270 3 6 56 5 43
318 605 3 1 65 4 45
319 1018 4 6 31 4 55
321 705 4 8 37 3 46
321 50 3 8 88 5 60
322 839 4 3 38 4 56
323 485 2 2 39 5 60
323 711 1 5 83 3 49
323 525 0 9 44 3 59
324 159 4 7 5 5 53
327 1035 4 6 59 3 36
328 829 0 9 29 5 42
334 22 2 0 34 3 58
336 473 1 3 17 4 48
339 1083 0 6 2 4 31
340 1049 0 9 76 5 46
341 505 2 2 66 5 48
344 797 3 8 31 4 57
344 217 3 1 41 4 47
344 1053 3 9 12 5 34
345 299 4 3 41 3 42
347 603 2 3 83 3 44
348 925 3 9 97 4 58
357 450 1 5 87 3 41
360 651 2 8 67 5 37
362 463 0 9 58 5 52
364 645 3 1 26 5 52
365 207 1 1 46 3 40
366 316 1 6 98 3 55
367 809 3 9 8 3 44
367 771 3 4 8 5 37
369 555 2 6 44 3 30
370 176 0 4 56 3 42
376 1157 3 7 51 4 55
379 595 2 7 82 5 50
379 928 1 1 6 3 49
380 1193 4 6 31 3 39
384 397 4 6 22 5 41
385 409 0 1 66 4 50
387 752 2 1 67 3 48
395 215 1 6 97 4 55
396 192 0 2 58 4 30
401 398 0 0 59 3 39
403 465 3 2 86 5 47
414 1086 0 7 93 3 49
416 641 3 2 57 5 57
416 864 4 6 1 3 45
419 994 4 3 55 5 52
420 350 0 0 88 3 31
425 23 3 1 83 3 38
428 880 0 9 57 3 58
428 405 1 4 28 3 36
428 104 0 1 4 4 34
430 144 1 7 2 3 54
431 604 4 0 34 5 46
432 372 4 0 94 3 40
434 225 2 4 69 3 40
435 1113 1 1 80 3 37
437 525 2 3 2 4 32
440 997 4 6 50 3 59
441 949 2 3 15 4 43
442 373 3 6 58 3 49
443 212 3 8 47 4 59
444 255 4 7 81 3 49
445 826 2 2 19 3 56
446 415 2 5 35 3 60
447 765 1 2 25 5 52
447 50 3 4 89 5 38
449 38 2 3 83 4 42
450 501 0 0 5 3 50
452 699 0 7 92 4 51
453 945 0 5 98 4 42
454 223 4 5 20 4 59
457 223 0 6 98 5 49
458 778 3 0 58 4 59
459 149 1 2 84 4 57
460 1121 2 7 25 4 46
464 840 3 6 93 5 37
464 310 0 4 69 4 43
466 411 4 6 34 3 40
468 195 3 6 48 4 38
469 759 3 8 7 4 38
469 656 1 2 61 3 58
472 115 0 0 68 3 40
473 965 1 3 23 4 55
473 781 1 5 73 4 40
475 822 4 6 68 5 48
475 882 1 6 64 5 42
477 279 1 5 61 5 47
478 111 2 7 52 4 32
479 630 3 7 45 4 47
480 10 0 0 33 5 45
485 1038 3 5 80 4 37
490 560 1 5 11 4 53
493 1158 4 9 64 3 35
493 515 1 2 85 4 55
493 224 0 1 92 4 53
494 144 4 6 100 4 59
495 1000 1 9 53 4 31
495 704 4 5 52 4 44
498 690 3 3 30 5 32
499 311 4 6 49 4 33
503 178 1 6 93 4 30
503 870 2 8 45 3 36
504 904 2 9 44 3 49
506 177 3 3 59 3 55
508 279 4 5 41 5 47
511 110 4 3 16 3 43
513 834 4 0 75 5 41
513 416 4 1 81 5 44
513 891 0 5 59 5 53
516 163 4 5 8 4 55
516 245 4 1 32 5 51
517 470 4 4 87 3 50
518 83 4 9 94 5 57
519 458 0 6 40 3 53
519 143 4 4 71 4 51
519 1155 2 6 14 3 30
523 76 4 5 13 4 50
526 835 2 1 16 3 55
528 731 0 7 28 5 53
528 791 0 9 77 5 39
529 735 4 8 63 3 32
532 582 1 1 49 4 42
533 799 1 2 76 5 35
533 267 0 4 73 3 49
534 118 0 1 54 4 53
537 430 4 1 83 4 36
537 678 0 5 49 3 45
541 920 4 6 30 3 60
543 439 1 5 82 3 57
550 589 0 5 51 3 58
557 637 3 9 66 4 54
559 1111 1 9 24 4 59
559 38 1 3 60 5 45
559 430 0 5 13 5 51
561 792 0 1 59 4 30
561 172 0 9 28 5 51
562 499 3 8 45 4 53
564 217 3 4 31 4 45
566 13 0 6 60 5 39
569 999 1 5 60 5 53
569 906 1 0 58 4 47
570 60 1 9 89 5 36
575 30 2 7 77 5 57
577 341 3 5 9 4 51
577 1110 0 0 16 5 52
578 995 2 4 51 4 32
579 550 4 1 27 3 42
582 186 1 2 60 4 44
583 1131 3 0 64 4 42
586 27 3 5 96 4 38
587 351 4 9 63 4 54
587 539 1 3 57 4 49
587 322 1 8 69 3 33
588 576 0 2 63 3 52
590 962 0 1 79 4 60
590 123 4 1 35 5 48
591 987 2 4 73 3 50
592 125 0 3 69 3 30
594 354 2 8 22 4 45
595 891 1 6 49 5 33
604 693 0 5 35 3 45
604 579 1 7 3 5 57
607 472 2 8 91 5 32
609 136 0 1 94 5 40
609 366 0 6 7 4 47
611 817 1 3 89 4 59
611 109 0 6 2 5 54
612 131 1 8 14 5 31
614 636 4 5 31 5 45
614 352 4 7 50 4 58
617 1175 3 8 63 5 36
618 184 4 4 9 3 36
619 609 1 8 9 5 41
621 1129 4 1 7 3 31
621 283 1 6 15 5 52
625 1132 0 6 47 4 47
625 730 1 5 88 5 53
625 423 0 0 95 5 30
626 500 2 5 16 3 60
626 637 0 0 21 5 32
630 983 3 9 26 3 59
632 270 2 8 21 5 50
632 1110 3 7 59 4 43
635 27 3 9 23 3 39
639 612 3 6 70 4 35
639 705 3 8 86 4 44
641 208 2 7 4 3 55
642 218 3 2 66 4 53
646 407 2 1 18 4 46
648 489 0 4 48 5 32
649 637 2 3 68 3 39
649 757 0 6 45 3 41
649 387 0 3 97 4 47
653 289 1 6 80 4 60
654 283 2 6 81 5 30
655 1007 4 7 53 4 48
659 82 4 6 21 3 41
664 619 3 8 36 4 34
664 532 1 8 28 4 52
666 794 0 9 77 4 59
670 710 1 6 34 5 32
670 821 2 4 33 3 43
671 536 4 3 16 3 44
673 703 3 4 26 5 39
673 1109 4 3 2 4 45
674 437 0 2 79 4 51
676 721 1 3 62 3 35
678 370 2 7 32 4 56
680 419 0 8 94 3 56
680 334 3 9 76 4 46
683 866 3 3 63 4 40
685 21 0 0 73 3 43
688 41 2 8 41 4 44
691 233 2 4 76 3 45
694 969 4 9 32 4 40
694 842 2 4 89 5 40
694 348 4 1 54 5 32
694 176 2 7 17 4 60
696 1140 1 9 91 4 57
697 423 1 9 75 4 49
702 143 0 4 95 5 48
702 334 2 1 32 5 53
706 75 1 5 100 3 47
707 1171 0 3 18 4 37
710 565 2 7 88 5 56
715 1073 4 0 74 3 37
717 18 4 7 42 3 50
718 106 4 8 53 5 55
721 460 2 1 58 3 38
723 336 2 4 43 5 37
725 317 1 5 29 5 57
725 203 2 0 57 4 58
728 556 4 0 32 5 48
733 49 4 1 22 5 60
733 488 4 8 13 3 40
735 916 1 0 3 5 36
737 743 2 0 50 4 39
740 1198 4 4 22 3 57
740 178 4 1 11 3 55
741 722 4 8 78 5 58
746 779 3 6 97 3 45
750 15 0 6 52 4 33
750 1135 0 5 16 5 59
752 618 4 0 89 5 31
752 786 2 5 100 5 35
755 1007 4 4 78 4 44
757 1087 4 5 52 3 55
758 1080 2 1 61 4 58
758 427 2 2 4 5 32
762 598 1 9 7 3 36
762 442 1 5 70 5 43
766 1087 0 7 96 5 40
766 1192 1 2 8 3 60
768 503 4 6 13 3 31
769 769 2 7 43 3 50
770 1175 1 8 20 4 38
771 423 3 0 25 4 60
775 579 2 9 18 5 39
777 694 3 4 76 4 48
777 687 1 5 21 4 47
780 948 1 9 15 3 45
784 176 3 8 53 4 37
785 216 2 8 41 5 49
786 325 0 6 94 5 48
791 850 1 7 96 5 55
794 54 0 7 58 3 43
796 182 2 8 77 5 34
797 451 1 5 9 5 39
797 1156 0 2 20 3 32
799 1009 0 0 81 5 42
800 698 0 8 35 5 41
800 853 4 4 36 3 40
804 75 0 4 30 5 50
805 136 0 4 92 5 41
805 8 1 0 36 4 44
806 1106 1 7 26 3 46
807 581 4 4 43 3 40
807 991 3 9 95 3 45
807 1117 3 2 4 5 40
810 141 4 8 32 5 38
811 58 2 8 24 4 44
811 451 0 8 7 3 48
812 208 3 5 3 5 32
814 240 0 7 26 5 38
817 705 1 4 59 3 42
817 374 1 8 68 4 48
818 184 3 4 73 3 58
821 640 1 9 31 4 53
824 594 2 1 36 5 30
825 122 3 5 12 4 51
829 227 0 9 33 4 33
834 345 2 7 54 3 45
834 778 0 5 45 5 53
835 134 2 2 70 4 60
836 633 0 3 11 5 42
837 901 0 2 82 3 30
839 94 1 7 87 4 56
852 915 4 7 3 5 36
852 472 0 8 59 4 45
854 478 1 8 56 4 56
854 596 2 6 9 5 34
855 279 3 0 25 5 50
856 1030 3 3 33 4 45
857 974 0 9 89 3 58
858 761 3 3 92 5 32
862 197 3 8 71 4 34
864 1061 0 3 2 4 40
865 786 2 2 11 5 32
865 348 3 9 63 3 38
867 669 3 1 61 4 59
869 817 3 1 20 5 45
870 852 2 6 13 3 45
870 155 2 1 85 4 39
870 875 2 2 12 4 42
871 666 1 2 77 5 40
872 552 4 6 41 4 48
874 399 1 8 74 4 37
875 578 1 2 4 3 51
876 1130 4 3 37 4 38
878 746 4 0 44 5 44
878 793 1 3 43 4 37
880 372 3 1 65 5 49
883 958 1 7 81 4 37
884 332 0 1 68 4 59
884 1148 0 8 44 3 56
891 499 0 5 85 3 44
893 1037 2 3 72 5 40
896 1096 2 3 23 3 41
898 1076 2 7 16 4 54
898 468 4 5 83 5 38
899 434 3 6 70 5 34
902 235 3 6 35 4 54
903 915 2 8 100 4 40
905 612 4 8 75 3 58
905 84 0 7 6 3 40
906 636 4 5 45 4 50
907 26 3 9 54 4 54
909 1198 1 4 82 4 35
910 799 3 6 2 5 54
911 108 3 9 44 5 54
911 736 1 8 84 5 38
917 1133 4 1 6 4 40
918 1087 2 4 15 5 30
922 264 4 6 18 5 53
928 782 4 9 48 3 31
929 629 4 9 46 4 56
932 430 3 4 37 4 56
933 584 3 2 98 3 43
935 774 0 6 23 4 59
936 172 0 9 95 3 33
939 470 0 4 27 3 55
941 1072 4 6 98 4 39
941 815 0 2 40 5 33
949 828 3 7 94 3 38
950 1198 0 9 93 4 36
952 763 0 0 31 5 49
953 97 0 1 80 3 44
953 855 1 2 95 3 56
954 137 0 2 63 5 52
955 188 1 6 52 4 31
957 1174 0 0 29 5 35
959 882 0 7 37 3 40
961 473 0 7 95 3 42
961 43 4 5 43 4 40
962 1152 1 1 59 5 38
962 1145 2 9 60 5 40
964 948 0 4 41 4 38
965 282 0 1 35 5 31
968 16 2 3 66 3 30
968 405 2 4 94 5 43
969 182 0 2 31 3 43
971 680 0 2 39 3 36
974 545 0 9 74 3 45
976 1100 4 5 60 5 48
977 478 2 3 71 4 34
978 1198 4 4 93 5 60
987 1068 0 8 6 3 54
987 1025 3 8 70 4 60
990 653 2 9 10 4 38
991 497 4 8 7 5 33
991 382 0 5 79 3 47
992 264 0 9 49 3 47
995 415 4 2 76 5 42
997 786 3 4 53 5 34
998 1155 1 2 37 3 39
999 889 4 6 73 3 32
1000 873 3 4 61 5 35
1002 58 0 1 54 4 42
1002 877 0 5 86 5 37
1002 1063 0 1 8 5 34
1009 404 1 1 65 4 50
1010 1195 1 5 96 3 47
1016 1192 1 1 86 5 36
1020 811 4 3 35 4 59
1021 1008 1 2 38 5 52
1021 319 3 3 40 5 50
1022 872 0 4 58 5 53
1022 186 4 9 94 4 38
1023 1058 0 8 37 4 42
1024 949 0 9 63 3 53
1024 354 0 2 56 5 32
1028 1047 3 3 77 5 58
1028 348 3 8 15 3 39
1029 607 4 6 79 3 35
1030 7 1 1 20 4 43
1030 549 0 0 94 4 40
1032 1143 1 5 36 5 48
1034 647 1 8 7 5 31
1035 983 1 8 33 3 42
1039 802 3 9 58 3 37
1040 931 1 4 28 5 58
1046 747 4 1 79 3 58
1048 552 4 2 9 5 41
1050 1141 3 8 42 3 38
1053 318 3 6 32 3 44
1053 127 0 8 43 4 48
1055 821 1 8 23 4 52
1055 467 0 4 73 4 53
1055 346 2 6 66 4 53
1056 730 0 6 92 3 50
1056 842 2 2 81 3 32
1058 266 4 9 45 3 37
1061 698 2 2 62 5 58
1063 259 2 9 38 3 47
1063 294 2 2 61 4 34
1070 777 2 8 69 4 45
1070 126 1 2 61 5 49
1070 15 3 1 90 3 58
1072 686 1 3 93 3 59
1072 593 4 4 17 3 52
1072 240 3 7 72 5 45
1073 201 3 1 85 3 43
1075 767 4 7 33 3 58
1077 260 1 9 73 4 57
1078 293 2 4 74 4 31
1085 523 4 6 18 3 60
1088 941 1 7 47 5 55
1089 337 3 4 88 5 43
1091 470 0 5 87 5 58
1091 591 2 3 30 4 59
1101 506 2 2 72 5 39
1105 1109 3 8 48 5 43
1106 864 1 2 70 4 40
1106 1172 3 0 68 3 58
1106 138 2 4 57 5 42
1109 166 2 6 70 4 32
1109 825 0 6 97 4 41
1114 285 2 9 97 5 51
1115 290 3 3 32 5 32
1124 384 3 1 69 3 53
1124 948 1 4 7 3 46
1127 490 1 3 19 4 50
1128 618 0 0 15 4 47
1129 298 4 7 30 3 49
1130 1137 0 1 62 3 55
1130 71 2 6 47 4 58
1131 198 4 7 34 5 42
1135 970 4 1 23 4 41
1135 1113 1 0 31 4 37
1137 236 2 1 42 4 47
1137 475 1 0 20 4 33
1138 312 3 3 82 3 44
1140 496 3 1 73 3 38
1140 616 2 2 14 3 40
1143 1082 0 1 35 5 45
1149 320 3 2 8 4 53
1149 1198 0 8 19 4 50
1150 626 1 6 72 4 60
1150 5 4 3 23 5 60
1151 986 1 1 42 3 38
1151 416 0 4 28 5 46
1152 923 1 2 26 5 53
1153 18 2 1 2 4 53
1155 750 4 3 90 5 54
1162 856 0 4 94 4 38
1166 169 0 2 36 3 37
1168 315 3 7 32 3 44
1169 909 1 2 67 3 49
1169 747 2 0 44 3 52
1171 82 1 4 86 5 31
1177 1063 4 6 52 3 43
1177 654 3 9 85 3 44
1177 973 1 5 89 3 46
1179 434 1 9 94 4 40
1180 824 0 0 94 5 40
1180 832 3 2 81 3 31
1182 156 0 4 82 5 58
1185 1172 0 8 23 4 51
1191 234 1 3 38 3 43
1192 1197 1 2 59 4 46
1192 0 2 4 10 4 49
1192 63 0 5 5 3 36
1193 1157 1 4 39 3 41
1193 464 1 3 51 3 34
1193 46 2 6 4 4 51
1193 614 4 8 22 5 56
1195 845 0 9 63 3 47
1195 97 0 8 88 4 48
1197 522 1 6 67 4 55
1198 905 0 9 73 3 30

