10

5
0 20 20 20 20 20 20 20 20 20 20
1 20 20 20 20 20 20 20 20 20 20
2 20 20 20 20 20 20 20 20 20 20
3 20 20 20 20 20 20 20 20 20 20
4 20 20 20 20 20 20 20 20 20 20

25
300 1200 985 6 4
0 126 7 2
1 106 3 6
2 130 10 8
4 126 4 4
5 120 6 6
9 127 2 9
1200 900 925 6 1
0 144 5 5
1 144 5 3
3 139 2 1
4 117 4 4
6 136 4 1
9 100 10 5
1200 0 871 6 1
2 127 3 3
4 125 2 3
5 149 10 7
7 122 4 2
8 138 1 9
9 112 7 3
900 300 844 6 2
0 133 1 3
1 107 8 9
4 121 1 2
5 136 2 2
6 121 5 2
7 142 5 1
900 1200 806 6 2
0 117 2 7
2 106 4 4
3 112 4 2
4 119 3 9
6 124 3 2
8 128 8 1
1200 600 845 6 2
1 119 3 2
3 100 5 1
4 124 6 5
5 125 8 2
6 104 10 8
9 113 1 9
0 1200 817 6 0
0 118 10 2
2 100 1 4
4 147 4 10
5 125 10 2
8 137 6 5
9 128 1 3
1200 300 959 6 0
0 137 8 6
1 114 4 5
4 128 6 7
6 113 10 1
7 122 3 2
8 147 6 1
1200 1200 994 6 3
1 149 1 3
2 143 6 6
3 133 3 1
4 114 7 9
7 128 4 7
8 124 9 5
0 300 929 6 0
1 129 4 8
2 108 6 6
4 140 9 3
5 140 9 2
7 147 5 1
9 133 4 6
0 900 900 6 2
0 136 2 3
2 121 5 4
3 149 6 2
4 109 5 5
7 106 3 5
8 104 8 1
900 0 929 6 0
0 145 5 9
1 135 7 3
2 129 8 9
6 130 3 3
7 112 4 5
8 107 4 8
900 600 902 6 3
1 130 2 6
3 133 4 3
4 135 10 6
6 118 3 1
7 121 7 3
8 118 9 3
300 300 930 6 1
0 126 10 2
1 134 4 10
2 143 8 8
4 126 1 3
8 111 2 8
9 145 10 10
600 900 991 6 4
1 128 7 6
2 150 4 9
3 146 3 9
4 103 8 2
8 132 1 5
9 101 5 6
600 300 867 6 4
0 103 10 3
1 110 4 2
4 146 8 7
5 102 1 10
6 148 4 7
8 134 9 8
600 0 823 6 3
1 109 10 2
3 147 1 6
4 111 4 3
5 114 5 1
7 107 1 4
8 127 9 10
300 600 896 6 2
0 100 2 9
2 132 9 8
4 111 3 4
5 135 6 3
8 109 5 2
9 110 9 5
0 0 919 6 4
0 148 6 5
1 123 1 5
2 145 1 8
3 100 6 5
8 144 8 8
9 150 5 1
300 0 806 6 1
0 139 5 2
1 141 7 2
4 101 7 1
6 116 1 9
7 137 2 1
8 120 2 8
300 900 910 6 3
0 128 4 6
1 123 9 2
3 145 9 2
5 145 2 4
8 116 10 8
9 129 8 1
600 1200 810 6 4
1 135 10 10
2 136 4 4
3 115 5 1
7 108 6 10
8 147 10 8
9 146 6 8
900 900 926 6 1
0 118 3 10
1 137 10 9
3 111 1 4
4 116 3 9
5 102 9 1
9 140 2 4
600 600 827 6 3
0 115 5 6
3 119 4 6
4 131 7 2
6 113 4 4
7 146 8 8
8 141 6 3
0 600 916 6 0
0 113 10 10
1 147 9 1
2 130 5 1
6 106 9 8
7 102 4 2
8 142 1 3

3000
0 608 2 7 81 4 48
0 636 4 5 31 5 41
0 330 3 8 77 4 56
0 476 4 1 17 4 58
1 176 3 8 53 4 37
1 216 2 8 41 5 49
2 325 0 6 94 5 48
3 850 1 7 96 5 55
3 54 0 7 58 3 43
3 182 2 8 77 5 34
4 451 1 5 9 5 39
4 1156 0 2 20 3 32
5 1009 0 0 81 5 42
5 698 0 8 35 5 41
5 853 4 4 36 3 40
6 75 0 4 30 5 50
7 136 0 4 92 5 41
8 8 1 0 36 4 44
8 1106 1 7 26 3 46
8 581 4 4 43 3 40
8 991 3 9 95 3 45
9 1117 3 2 4 5 40
9 141 4 8 32 5 38
9 58 2 8 24 4 44
9 451 0 8 7 3 48
9 208 3 5 3 5 32
10 240 0 7 26 5 38
10 705 1 4 59 3 42
10 374 1 8 68 4 48
10 184 3 4 73 3 58
10 640 1 9 31 4 53
12 594 2 1 36 5 30
13 122 3 5 12 4 51
13 227 0 9 33 4 33
13 345 2 7 54 3 45
13 778 0 5 45 5 53
13 134 2 2 70 4 60
13 633 0 3 11 5 42
14 901 0 2 82 3 30
14 94 1 7 87 4 56
14 915 4 7 3 5 36
14 472 0 8 59 4 45
15 478 1 8 56 4 56
15 596 2 6 9 5 34
16 279 3 0 25 5 50
16 1030 3 3 33 4 45
16 974 0 9 89 3 58
16 761 3 3 92 5 32
17 197 3 8 71 4 34
18 1061 0 3 2 4 40
18 786 2 2 11 5 32
18 348 3 9 63 3 38
19 669 3 1 61 4 59
19 817 3 1 20 5 45
19 852 2 6 13 3 45
19 155 2 1 85 4 39
20 875 2 2 12 4 42
21 666 1 2 77 5 40
21 552 4 6 41 4 48
21 399 1 8 74 4 37
21 578 1 2 4 3 51
22 1130 4 3 37 4 38
22 746 4 0 44 5 44
22 793 1 3 43 4 37
23 372 3 1 65 5 49
23 958 1 7 81 4 37
23 332 0 1 68 4 59
24 1148 0 8 44 3 56
24 499 0 5 85 3 44
25 1037 2 3 72 5 40
25 1096 2 3 23 3 41
25 1076 2 7 16 4 54
25 468 4 5 83 5 38
26 434 3 6 70 5 34
27 235 3 6 35 4 54
27 915 2 8 100 4 40
27 612 4 8 75 3 58
27 84 0 7 6 3 40
28 636 4 5 45 4 50
28 26 3 9 54 4 54
28 1198 1 4 82 4 35
28 799 3 6 2 5 54
28 108 3 9 44 5 54
28 736 1 8 84 5 38
28 1133 4 1 6 4 40
29 1087 2 4 15 5 30
29 264 4 6 18 5 53
30 782 4 9 48 3 31
30 629 4 9 46 4 56
30 430 3 4 37 4 56
31 584 3 2 98 3 43
32 774 0 6 23 4 59
32 172 0 9 95 3 33
32 470 0 4 27 3 55
32 1072 4 6 98 4 39
32 815 0 2 40 5 33
33 828 3 7 94 3 38
33 1198 0 9 93 4 36
33 763 0 0 31 5 49
34 97 0 1 80 3 44
34 855 1 2 95 3 56
34 137 0 2 63 5 52
35 188 1 6 52 4 31
35 1174 0 0 29 5 35
35 882 0 7 37 3 40
36 473 0 7 95 3 42
36 43 4 5 43 4 40
37 1152 1 1 59 5 38
37 1145 2 9 60 5 40
38 948 0 4 41 4 38
38 282 0 1 35 5 31
38 16 2 3 66 3 30
39 405 2 4 94 5 43
39 182 0 2 31 3 43
40 680 0 2 39 3 36
41 545 0 9 74 3 45
41 1100 4 5 60 5 48
41 478 2 3 71 4 34
41 1198 4 4 93 5 60
42 1068 0 8 6 3 54
42 1025 3 8 70 4 60
43 653 2 9 10 4 38
44 497 4 8 7 5 33
45 382 0 5 79 3 47
45 264 0 9 49 3 47
45 415 4 2 76 5 42
45 786 3 4 53 5 34
45 1155 1 2 37 3 39
46 889 4 6 73 3 32
46 873 3 4 61 5 35
46 58 0 1 54 4 42
46 877 0 5 86 5 37
46 1063 0 1 8 5 34
48 404 1 1 65 4 50
48 1195 1 5 96 3 47
48 1192 1 1 86 5 36
49 811 4 3 35 4 59
49 1008 1 2 38 5 52
49 319 3 3 40 5 50
49 872 0 4 58 5 53
49 186 4 9 94 4 38
49 1058 0 8 37 4 42
49 949 0 9 63 3 53
50 354 0 2 56 5 32
50 1047 3 3 77 5 58
50 348 3 8 15 3 39
50 607 4 6 79 3 35
50 7 1 1 20 4 43
51 549 0 0 94 4 40
51 1143 1 5 36 5 48
53 647 1 8 7 5 31
53 983 1 8 33 3 42
53 802 3 9 58 3 37
53 931 1 4 28 5 58
53 747 4 1 79 3 58
54 552 4 2 9 5 41
54 1141 3 8 42 3 38
54 318 3 6 32 3 44
54 127 0 8 43 4 48
55 821 1 8 23 4 52
55 467 0 4 73 4 53
55 346 2 6 66 4 53
55 730 0 6 92 3 50
56 842 2 2 81 3 32
56 266 4 9 45 3 37
56 698 2 2 62 5 58
56 259 2 9 38 3 47
56 294 2 2 61 4 34
56 777 2 8 69 4 45
56 126 1 2 61 5 49
56 15 3 1 90 3 58
57 686 1 3 93 3 59
58 593 4 4 17 3 52
58 240 3 7 72 5 45
58 201 3 1 85 3 43
58 767 4 7 33 3 58
58 260 1 9 73 4 57
59 293 2 4 74 4 31
59 523 4 6 18 3 60
60 941 1 7 47 5 55
60 337 3 4 88 5 43
60 470 0 5 87 5 58
61 591 2 3 30 4 59
61 506 2 2 72 5 39
62 1109 3 8 48 5 43
62 864 1 2 70 4 40
62 1172 3 0 68 3 58
63 138 2 4 57 5 42
63 166 2 6 70 4 32
63 825 0 6 97 4 41
64 285 2 9 97 5 51
64 290 3 3 32 5 32
65 384 3 1 69 3 53
65 948 1 4 7 3 46
66 490 1 3 19 4 50
68 618 0 0 15 4 47
68 298 4 7 30 3 49
70 1137 0 1 62 3 55
70 71 2 6 47 4 58
71 198 4 7 34 5 42
71 970 4 1 23 4 41
71 1113 1 0 31 4 37
71 236 2 1 42 4 47
72 475 1 0 20 4 33
72 312 3 3 82 3 44
75 496 3 1 73 3 38
75 616 2 2 14 3 40
75 1082 0 1 35 5 45
75 320 3 2 8 4 53
76 1198 0 8 19 4 50
76 626 1 6 72 4 60
78 5 4 3 23 5 60
78 986 1 1 42 3 38
78 416 0 4 28 5 46
79 923 1 2 26 5 53
79 18 2 1 2 4 53
79 750 4 3 90 5 54
79 856 0 4 94 4 38
80 169 0 2 36 3 37
81 315 3 7 32 3 44
81 909 1 2 67 3 49
81 747 2 0 44 3 52
82 82 1 4 86 5 31
82 1063 4 6 52 3 43
82 654 3 9 85 3 44
83 973 1 5 89 3 46
84 434 1 9 94 4 40
84 824 0 0 94 5 40
84 832 3 2 81 3 31
85 156 0 4 82 5 58
85 1172 0 8 23 4 51
85 234 1 3 38 3 43
85 1197 1 2 59 4 46
85 0 2 4 10 4 49
86 63 0 5 5 3 36
86 1157 1 4 39 3 41
88 464 1 3 51 3 34
88 46 2 6 4 4 51
90 614 4 8 22 5 56
90 845 0 9 63 3 47
90 97 0 8 88 4 48
91 522 1 6 67 4 55
91 905 0 9 73 3 30
91 741 4 4 13 5 41
91 1133 1 3 94 5 36
92 299 3 3 38 3 55
92 117 3 6 4 4 56
93 673 2 7 78 5 42
93 1098 3 1 14 4 47
93 297 1 9 95 3 56
94 860 1 3 74 3 31
94 805 1 7 31 5 41
94 1163 4 0 13 5 40
96 144 2 9 18 4 33
98 219 3 3 57 5 33
98 820 3 9 82 5 37
99 421 3 2 35 5 36
99 49 3 3 78 5 55
99 863 0 5 23 4 50
100 438 1 4 32 3 42
100 383 2 1 7 5 60
100 413 4 6 48 5 54
100 54 1 9 32 5 50
100 768 4 4 26 3 39
101 123 2 3 30 4 53
102 806 4 4 79 4 32
102 347 2 2 44 3 36
102 736 4 5 44 3 51
102 289 4 9 28 4 32
102 97 0 4 24 3 34
102 125 0 5 53 4 46
103 95 1 1 93 5 47
103 202 0 9 91 5 46
103 1143 1 7 75 3 31
103 744 4 3 98 3 39
103 241 0 2 35 4 35
103 202 0 3 24 4 35
104 1133 1 8 40 5 31
104 248 4 2 97 4 33
105 41 2 9 22 3 48
105 1129 4 2 64 5 40
106 805 2 7 2 3 36
106 451 4 9 27 5 58
106 743 1 3 59 3 51
106 349 4 4 86 5 32
106 1102 2 7 92 5 33
106 591 2 5 90 5 45
106 1141 2 6 12 4 32
107 721 3 6 24 4 38
107 1050 4 9 82 3 33
107 374 2 4 34 3 31
107 563 4 3 36 4 38
108 944 0 6 83 5 57
108 99 4 3 49 3 40
108 1110 1 0 54 5 54
108 314 0 9 32 5 59
109 13 2 0 28 3 35
109 959 2 4 24 4 60
110 61 1 4 60 4 58
110 67 4 6 86 4 32
110 947 0 1 77 3 31
111 373 1 9 80 4 40
111 1031 4 3 8 5 32
111 880 2 4 36 5 46
111 190 4 7 20 3 33
111 408 2 9 93 3 48
112 67 3 6 16 5 31
112 894 1 6 62 3 57
112 1119 1 7 65 3 45
112 801 4 2 91 4 44
113 733 2 9 95 3 44
114 625 3 6 37 3 53
114 93 3 4 65 5 33
114 713 2 2 15 3 54
115 848 3 6 45 5 35
115 659 3 0 25 5 45
115 422 4 4 7 4 42
115 308 0 3 59 3 57
116 68 0 9 6 5 44
116 642 3 9 53 3 48
117 772 4 8 82 4 46
117 349 1 4 56 3 33
117 549 3 6 99 3 42
117 1015 4 7 91 3 50
118 143 2 5 5 3 40
118 1053 4 0 42 4 50
119 739 3 9 54 3 40
119 756 1 0 26 4 50
120 1123 3 5 78 5 52
120 477 0 9 11 5 45
120 136 3 3 54 4 41
121 1051 1 2 34 4 42
122 298 2 7 65 3 34
122 510 4 2 87 4 35
122 952 2 1 13 3 47
123 1079 4 0 53 4 41
123 202 2 1 91 5 54
123 1143 3 4 93 5 40
123 384 0 0 74 3 48
124 140 2 9 73 4 30
125 1083 3 7 51 5 48
125 177 4 2 89 5 51
125 533 2 0 20 3 42
125 482 0 5 14 5 39
125 711 4 4 48 5 33
126 521 3 7 68 4 51
126 254 3 4 82 4 34
126 1136 4 1 65 4 55
127 626 4 2 69 5 39
129 602 4 9 96 3 34
129 220 2 5 89 3 46
129 800 1 9 45 3 49
129 396 0 0 50 4 45
129 1122 0 9 29 5 35
130 965 0 0 44 4 55
130 644 3 5 51 5 31
130 237 2 4 76 3 50
130 977 2 0 99 5 36
131 770 4 6 3 3 51
131 224 1 3 25 3 56
132 89 3 2 31 3 60
132 219 3 9 52 4 58
133 308 2 3 89 5 53
133 112 4 7 29 4 46
133 250 0 8 28 5 32
134 166 0 6 85 4 40
134 456 2 0 8 4 40
134 590 1 2 59 4 48
134 218 4 7 10 5 51
135 27 1 0 50 5 47
135 279 3 8 18 5 31
136 203 4 9 45 4 53
136 1150 0 0 99 3 50
136 71 2 2 83 5 46
136 600 2 4 3 5 57
136 681 1 9 30 4 37
136 758 4 1 34 3 51
136 368 3 5 74 3 53
136 175 4 3 34 3 43
137 1079 3 5 28 4 41
138 363 4 2 83 3 57
139 1083 1 3 38 4 43
139 1077 1 1 53 3 53
139 1121 4 6 91 5 41
139 705 2 1 34 4 35
139 1100 1 5 46 4 60
140 278 0 4 32 4 40
140 1017 1 8 75 5 39
140 321 3 5 32 5 38
140 961 2 6 82 5 38
141 380 4 9 39 5 43
143 293 0 6 66 3 45
143 1083 0 3 91 5 59
143 17 0 8 48 5 37
143 507 0 3 50 3 44
144 1062 2 4 9 4 43
144 796 3 5 50 4 53
144 1046 0 8 42 5 58
144 575 2 0 75 4 33
144 512 4 9 8 4 50
144 702 3 5 53 4 60
144 1044 2 7 15 4 57
145 60 4 2 94 5 31
145 583 3 8 68 3 42
145 1078 4 7 97 4 31
146 1196 1 7 9 3 57
146 949 0 6 64 5 52
146 1066 2 4 58 4 30
146 186 3 4 97 5 47
149 1041 0 3 10 5 60
149 241 2 6 58 5 49
150 475 1 5 75 4 37
150 974 3 4 73 4 34
150 1044 2 9 31 4 58
150 651 1 8 94 3 53
151 165 2 7 66 5 46
151 126 0 3 19 4 51
151 51 3 4 74 3 55
151 1069 0 9 26 4 30
151 198 3 7 68 4 42
151 1110 2 8 25 3 33
152 695 3 0 23 3 51
152 479 0 4 23 5 53
152 299 3 0 33 3 60
152 337 4 1 42 3 51
153 238 1 7 44 3 47
154 828 3 5 25 5 54
154 289 2 2 65 3 55
154 840 1 2 89 3 48
155 909 0 8 24 5 44
156 733 0 0 89 5 30
156 1189 1 7 7 4 52
157 694 3 9 90 3 47
158 617 3 5 88 3 48
158 38 3 1 85 4 43
158 242 2 0 95 5 60
159 957 2 0 91 3 35
160 1109 2 4 64 4 32
160 124 3 2 73 3 59
160 1045 4 5 53 3 30
161 640 4 7 89 3 49
161 689 2 8 41 5 60
161 888 1 7 47 5 49
162 859 2 3 13 3 60
162 1029 1 8 9 3 35
162 800 2 7 9 5 52
163 5 0 2 70 3 43
163 707 0 0 12 3 50
163 428 1 9 12 3 51
163 756 1 8 84 5 41
164 182 4 5 83 4 56
164 828 2 4 11 4 41
164 185 2 8 17 5 47
165 1126 3 8 27 5 45
165 456 0 7 66 5 49
166 86 0 0 32 5 51
166 168 0 4 99 3 36
167 859 2 6 29 4 57
167 779 4 6 25 4 52
167 1097 0 3 83 4 48
167 1009 1 9 66 5 49
168 173 0 2 17 3 31
169 336 2 9 54 4 42
169 321 2 9 66 5 53
170 417 3 1 1 4 39
170 1010 3 0 98 5 51
170 153 3 4 55 3 50
171 226 4 8 4 5 48
171 422 1 5 80 3 42
171 237 0 1 46 5 55
171 464 1 1 81 4 40
172 683 3 2 5 3 55
172 719 1 5 62 3 38
172 311 3 4 95 3 60
172 197 0 3 91 4 37
172 575 4 0 18 5 34
173 981 3 0 56 5 46
173 424 1 6 49 3 33
173 929 2 7 43 4 55
174 272 4 9 77 3 43
175 263 2 1 25 3 58
175 999 3 8 5 3 35
176 172 3 2 95 4 59
176 242 1 9 6 3 46
176 1181 4 1 49 3 35
176 649 1 6 49 3 47
177 922 3 0 51 5 55
177 242 3 3 43 3 35
177 726 2 5 19 3 51
178 1089 4 9 58 5 49
178 307 3 9 75 4 36
180 935 3 8 99 3 52
180 1000 1 0 8 5 34
181 535 3 9 93 5 48
181 658 4 4 14 5 47
182 362 0 9 14 4 41
183 994 3 9 2 5 43
183 145 4 2 69 3 60
183 135 4 9 6 4 32
184 207 1 0 32 5 39
185 1066 1 6 87 4 40
185 826 1 8 51 5 55
186 325 1 6 47 3 45
186 545 2 2 87 5 45
186 481 4 5 96 5 34
187 864 0 3 61 3 36
187 239 0 3 63 4 53
188 570 2 7 3 5 38
188 133 0 1 82 4 40
188 975 0 8 12 3 57
189 511 1 7 65 5 33
189 528 2 4 48 5 35
189 322 4 1 45 3 50
190 1140 0 7 79 4 49
190 621 2 4 72 4 40
190 1119 4 9 79 4 44
191 320 1 0 74 5 57
192 1101 0 2 64 3 49
192 41 3 2 65 3 34
193 784 4 7 99 4 36
194 941 3 7 12 4 32
195 1046 2 2 22 5 59
195 82 2 3 74 5 44
195 257 3 6 42 3 31
195 46 1 2 1 5 54
195 443 4 8 30 5 52
195 902 4 7 68 5 38
196 638 0 3 1 4 54
196 1139 1 6 19 5 44
197 242 3 1 77 5 42
199 476 4 5 57 4 32
199 765 4 9 12 5 31
200 661 0 8 95 3 54
200 472 2 3 39 3 53
200 202 0 5 29 5 43
200 365 4 8 36 5 58
201 431 0 5 20 3 32
201 835 2 4 15 3 55
202 1 4 1 94 3 31
203 189 3 0 73 5 36
203 33 4 2 43 3 30
203 1128 1 5 38 5 37
204 151 0 8 1 4 56
205 62 1 0 48 5 48
205 1139 0 9 99 5 32
205 1037 4 5 87 4 49
206 108 0 8 56 5 49
206 1194 2 0 92 3 57
207 175 0 3 9 4 42
207 1059 3 3 37 4 47
207 729 3 9 83 5 45
207 638 0 3 35 4 37
208 266 2 9 2 5 30
208 339 2 4 76 4 33
208 492 0 0 66 3 32
208 727 3 9 16 5 59
209 96 4 7 16 3 36
209 932 4 0 15 5 37
209 443 4 8 16 3 51
212 1175 2 0 22 5 47
212 785 0 1 66 3 49
212 1018 3 9 58 5 31
213 1069 2 0 56 4 56
214 378 0 4 61 5 58
214 820 0 8 86 3 60
214 104 3 1 31 4 55
215 1191 2 6 31 4 38
215 579 3 5 79 5 52
215 310 0 9 87 4 44
215 799 1 3 68 4 33
216 758 2 3 63 3 60
217 562 1 1 86 5 48
217 690 3 1 33 3 42
217 1154 4 4 16 5 55
217 143 4 4 99 4 47
217 24 3 3 77 3 43
217 953 0 0 51 3 47
218 1132 3 5 49 3 50
218 27 4 6 37 3 32
219 416 0 8 33 4 52
220 62 1 2 100 4 57
220 694 0 2 77 5 59
220 472 1 1 86 4 60
220 390 4 9 33 3 40
221 929 0 6 15 3 35
221 164 1 2 61 5 54
221 1076 2 5 52 5 34
221 535 0 5 50 5 34
221 721 3 8 12 5 48
222 888 4 6 66 5 32
222 961 3 9 90 3 59
222 824 2 1 71 4 38
223 804 2 3 67 5 36
223 1062 2 5 56 4 60
223 1162 1 6 26 5 33
223 1069 3 6 52 5 34
223 425 0 0 63 5 54
223 69 0 4 74 3 37
224 149 2 5 4 3 56
224 1031 3 3 100 4 59
225 69 3 7 40 5 56
225 1053 0 1 29 4 37
226 1037 4 0 39 5 34
226 1121 1 1 62 3 30
226 935 4 4 85 4 39
226 1040 0 3 51 4 35
226 179 3 6 5 3 52
226 197 4 6 42 5 43
227 764 3 0 64 4 48
227 262 1 3 15 5 44
227 323 1 8 64 3 35
227 148 3 1 97 3 33
227 369 1 9 70 3 40
228 144 1 8 40 5 43
228 1145 3 6 50 4 56
228 155 2 8 78 5 33
229 384 1 6 3 4 46
231 849 4 7 92 5 50
232 117 4 3 31 3 54
232 177 3 9 31 4 60
233 700 4 8 23 3 43
233 69 4 6 34 4 33
233 964 1 3 87 4 36
233 970 0 4 81 5 36
234 57 2 3 71 3 57
235 970 2 7 8 3 60
235 621 0 9 15 3 53
236 76 4 5 51 3 51
236 1179 1 7 77 5 47
236 57 3 1 81 4 34
236 338 3 1 8 4 56
237 691 3 7 44 3 45
237 363 2 2 94 5 52
237 947 1 5 56 4 59
238 1195 0 3 24 3 31
238 506 0 6 99 4 34
238 821 4 8 37 5 55
239 941 3 3 41 5 53
239 1059 4 0 87 4 50
240 460 1 1 7 3 39
240 345 0 9 87 5 55
240 1054 0 9 83 4 43
241 624 3 5 40 3 51
241 636 1 1 43 5 45
241 864 3 3 73 3 34
241 868 0 6 8 3 56
241 801 3 8 8 4 46
242 171 0 6 34 5 48
242 832 1 5 63 3 52
242 748 4 7 26 3 37
242 1039 4 2 90 5 44
242 1030 2 7 18 3 46
242 1055 3 8 17 4 43
243 1118 0 6 1 3 37
243 194 1 2 97 4 45
244 1145 0 9 31 3 38
244 1082 4 0 5 4 41
244 605 4 0 56 4 30
244 1007 3 9 23 3 43
245 803 0 3 98 4 58
245 287 4 3 22 3 57
245 678 2 6 89 3 42
245 516 4 9 2 3 50
245 800 1 8 74 5 59
247 584 4 0 76 5 59
247 740 3 7 100 4 41
247 454 4 1 23 4 54
247 566 2 3 55 3 37
247 748 4 9 11 4 53
248 132 0 8 90 5 53
248 1050 3 7 33 4 35
248 493 1 5 33 3 43
248 1133 0 6 11 3 32
250 466 1 6 12 5 35
250 854 4 4 25 4 37
251 443 1 0 14 3 34
251 161 0 2 7 4 52
251 463 2 7 80 4 57
252 381 1 5 81 4 34
252 328 4 6 72 5 47
252 960 2 7 84 4 51
253 1179 4 1 88 3 50
254 415 3 8 64 5 37
254 479 0 3 38 3 53
255 701 3 3 85 3 33
255 742 3 7 80 3 53
255 10 0 7 39 5 35
255 163 3 1 68 5 60
256 39 2 8 96 5 54
256 856 4 2 59 3 57
256 1124 2 1 96 5 36
256 1094 2 8 47 4 34
257 615 2 9 38 3 58
257 830 4 0 84 3 43
258 534 2 8 74 5 37
258 305 4 3 4 5 39
259 1111 1 2 56 4 45
259 676 3 1 60 3 46
260 1156 0 9 23 5 48
260 809 3 9 1 4 42
261 201 1 3 36 4 60
262 1082 2 9 6 3 39
262 1015 0 6 1 5 54
263 118 0 3 78 5 32
263 341 2 2 36 4 40
264 185 3 5 95 5 58
265 491 3 7 100 5 53
266 216 3 4 54 5 57
267 1013 2 2 15 3 48
267 615 1 5 75 4 59
267 1127 1 0 73 5 49
267 606 0 6 93 5 54
268 1052 4 3 99 5 48
269 659 1 2 83 4 30
269 468 0 9 83 5 60
269 785 1 5 16 3 54
269 944 1 1 93 5 41
270 960 2 7 46 5 30
270 1151 0 4 85 4 48
270 921 3 3 54 3 39
270 860 1 7 61 4 36
270 297 0 5 11 5 42
270 61 1 7 22 5 57
270 472 4 6 35 3 50
271 775 4 0 9 5 53
271 956 4 1 84 4 42
271 1018 3 4 55 4 39
272 33 4 3 12 4 52
272 46 3 6 45 5 38
273 80 2 4 52 4 44
273 560 4 7 19 4 51
273 803 2 5 15 5 55
274 89 0 1 22 3 52
274 693 2 9 35 5 33
275 109 0 1 12 5 37
275 298 4 4 28 5 42
275 223 1 8 41 4 42
276 1128 4 6 24 3 34
276 1163 1 3 93 5 56
276 1022 3 0 44 4 57
277 936 4 8 44 4 33
279 194 0 2 48 5 49
279 180 1 9 23 3 40
279 747 1 1 73 5 49
279 285 1 3 39 4 52
279 1 0 0 72 4 35
280 779 4 2 51 4 48
280 102 3 8 94 3 48
280 892 1 0 15 4 58
280 194 1 6 87 4 37
281 133 1 3 3 3 33
281 558 3 1 1 5 51
282 847 1 9 48 5 59
283 69 2 1 88 5 42
283 687 1 9 74 4 45
283 740 4 2 91 5 39
283 1177 4 7 17 5 52
284 685 3 7 57 5 44
285 535 4 4 65 3 43
285 10 4 6 86 3 58
285 506 2 8 6 5 41
286 810 2 1 65 5 50
286 758 4 7 50 3 37
286 593 0 3 52 5 45
286 1094 0 2 97 3 38
287 64 0 1 81 5 47
287 141 3 7 8 3 30
289 255 1 9 74 4 57
289 455 3 9 34 3 44
289 379 3 3 33 4 49
290 807 4 7 53 5 33
290 724 2 0 91 3 57
291 727 1 4 88 3 36
291 372 0 0 34 3 52
291 764 1 2 55 4 30
292 336 4 3 79 3 35
292 566 3 3 61 4 39
293 780 4 6 99 3 39
293 500 3 2 32 3 56
294 423 2 8 16 4 46
294 440 0 1 91 3 40
294 964 3 6 29 5 30
295 558 1 1 88 5 36
295 39 1 0 53 4 52
296 149 2 9 6 5 58
296 470 1 9 83 5 49
297 131 3 2 8 3 42
297 947 0 6 82 5 45
298 997 2 7 89 4 42
299 422 2 4 40 3 38
299 470 1 7 76 5 44
299 469 2 2 12 5 39
299 709 2 0 60 3 39
299 326 1 9 24 5 32
300 887 2 2 3 3 41
300 918 4 6 29 5 57
301 280 0 4 4 5 54
301 548 0 0 6 4 49
301 265 4 6 72 5 42
301 108 3 1 84 3 46
301 850 4 4 81 3 48
302 13 2 0 55 4 59
302 1024 0 3 70 5 46
303 404 2 3 34 4 30
303 1027 0 7 19 4 40
304 1183 2 5 58 4 39
305 454 3 5 6 3 39
305 1185 1 7 46 4 30
306 711 0 6 95 3 36
307 1165 0 7 79 4 43
307 282 1 4 83 5 30
309 102 4 4 35 5 51
309 199 2 3 6 4 54
309 361 1 1 80 4 38
310 337 0 6 45 3 58
310 230 1 3 29 3 46
310 479 3 1 86 4 50
310 276 2 0 79 3 49
310 820 2 1 78 5 41
310 175 4 6 63 5 41
311 885 2 8 56 4 60
312 379 0 5 10 3 59
312 49 0 1 87 5 55
313 1076 1 5 83 4 56
314 543 2 8 68 5 43
315 327 3 9 6 5 31
315 874 4 0 56 3 31
315 295 3 0 34 5 57
315 1018 0 2 27 5 52
315 375 2 8 52 4 35
315 476 2 5 16 4 41
316 751 3 5 36 4 37
317 13 3 4 37 4 52
317 247 0 3 38 4 35
318 585 2 8 85 4 46
318 461 3 2 99 4 32
318 182 2 5 64 3 50
318 195 1 4 88 3 52
319 448 0 5 58 3 59
320 193 2 5 9 3 41
321 466 1 4 80 3 34
321 1018 0 8 4 3 57
321 337 3 2 40 3 58
322 215 3 6 72 3 35
322 1033 1 9 77 4 53
322 348 1 4 12 3 30
322 287 0 9 27 3 47
323 297 0 3 32 3 56
323 212 3 6 48 3 57
323 1077 2 9 46 4 50
324 101 0 3 87 5 51
324 815 3 8 54 3 41
326 396 2 4 40 3 52
327 857 0 8 41 3 58
327 590 1 7 40 3 34
327 650 4 2 14 5 39
328 25 4 6 94 3 37
328 363 0 6 34 4 32
328 1101 4 9 62 5 30
329 770 1 1 23 3 36
330 245 0 0 68 4 37
331 975 4 4 57 4 51
332 1163 3 0 99 3 59
332 217 4 7 38 3 48
332 463 2 4 27 5 35
332 151 4 1 36 3 33
333 218 0 6 35 4 37
333 623 0 9 55 5 51
334 88 0 3 58 5 34
334 950 3 1 70 3 54
334 798 1 2 93 4 45
335 197 2 1 68 3 52
336 300 3 3 64 3 50
336 963 4 8 98 5 46
336 748 4 3 23 3 32
338 387 1 8 95 3 45
338 311 2 1 9 3 52
338 359 4 0 84 4 41
338 48 4 4 3 4 42
338 817 2 4 43 4 50
338 381 1 6 95 4 55
339 735 4 9 36 4 32
339 844 1 8 100 5 59
339 505 0 6 78 4 60
340 535 2 9 2 3 52
340 1185 0 3 28 4 39
341 105 2 6 23 3 31
341 546 2 7 9 3 49
342 1156 2 9 35 5 51
342 324 4 8 8 3 36
342 1023 4 5 56 5 31
342 46 1 4 18 4 51
342 894 3 8 56 3 50
342 159 2 8 75 3 42
342 646 0 5 68 5 55
343 520 1 6 31 4 58
343 669 2 9 61 3 43
344 1064 0 0 3 3 42
344 341 0 9 24 4 34
344 111 0 5 93 5 45
344 86 3 1 75 3 44
344 55 2 2 29 5 41
345 288 0 6 91 4 52
345 899 1 4 5 4 37
345 700 3 1 100 3 33
345 773 1 5 12 3 33
346 1051 2 1 15 4 40
346 507 2 3 82 3 55
347 1031 3 8 14 4 33
347 83 1 4 80 3 35
348 815 1 1 76 3 47
348 1020 3 3 26 4 30
348 743 4 9 26 4 46
348 1199 0 3 58 4 60
349 910 4 2 42 4 51
349 1061 2 2 36 3 52
349 428 4 4 35 5 51
350 636 1 6 64 3 53
350 1028 3 3 22 4 56
351 839 2 2 47 3 49
351 196 3 9 32 3 47
351 430 4 1 60 4 44
352 468 0 4 65 5 41
352 1119 4 7 53 4 36
352 653 4 6 4 4 38
353 987 4 3 35 5 46
353 955 0 3 99 4 57
353 1139 0 5 96 3 38
354 927 4 2 94 5 60
354 1101 2 9 90 5 30
354 1137 3 6 86 4 45
356 200 2 2 17 4 45
356 105 1 0 92 4 58
357 1149 3 5 87 4 47
357 431 2 6 60 5 59
357 689 3 8 65 3 58
358 466 0 3 31 5 50
359 478 4 1 55 3 42
359 813 3 4 19 5 51
359 962 1 9 31 3 46
359 673 1 7 52 5 38
359 796 4 2 38 4 50
360 28 1 8 25 5 51
360 919 4 3 98 4 43
361 1190 1 8 32 4 46
361 377 3 5 69 4 38
362 803 3 1 49 3 59
362 762 4 4 85 3 50
364 316 0 7 42 3 32
364 409 3 0 36 5 50
364 1133 3 7 31 4 30
365 903 4 2 61 5 49
365 180 4 9 67 5 37
365 945 4 4 70 3 56
366 110 4 0 14 4 48
366 238 4 7 84 4 57
366 298 3 6 75 4 46
367 804 1 5 65 3 49
367 314 1 9 6 4 39
368 541 1 6 3 5 44
368 485 2 4 64 4 58
368 656 3 7 67 5 38
369 41 4 2 37 5 60
369 117 2 2 11 3 38
369 579 0 0 65 5 40
369 491 1 0 37 5 46
370 429 1 7 21 3 32
370 558 3 5 100 3 55
370 637 1 5 4 3 57
370 638 4 5 47 5 35
371 311 2 9 89 4 31
372 272 4 9 30 3 34
372 982 3 4 60 5 48
373 0 1 0 40 3 38
374 1063 1 6 34 4 32
374 614 3 6 81 5 39
375 894 0 9 20 5 41
376 130 3 1 80 3 57
376 570 1 0 57 5 30
377 756 3 7 60 5 56
377 345 3 3 93 3 54
377 513 1 1 36 5 37
378 1068 1 6 19 5 54
379 506 0 5 36 3 46
379 320 3 8 68 5 51
379 426 1 2 55 5 57
379 655 3 5 25 4 38
380 104 3 5 47 5 59
381 729 2 9 19 4 60
383 63 3 2 9 3 35
383 139 0 4 56 4 34
383 913 0 6 13 3 49
384 325 4 7 18 5 37
384 15 1 3 48 3 30
385 481 4 8 10 4 51
385 744 1 1 5 4 45
386 669 4 4 16 4 40
386 567 1 2 39 4 32
386 430 0 6 6 5 42
386 635 2 6 13 4 41
386 901 3 2 99 3 31
386 1010 1 7 21 5 36
387 767 2 0 51 5 39
387 56 3 8 79 3 42
387 80 3 1 87 3 59
387 344 3 5 29 4 31
387 845 0 8 8 4 58
388 81 3 0 37 5 57
388 929 3 3 27 3 45
388 888 0 3 42 3 31
389 284 4 5 47 4 40
389 520 2 1 41 5 40
390 171 3 9 20 4 48
390 844 0 9 24 4 49
390 533 0 8 62 5 52
391 818 4 7 71 3 32
391 342 0 9 78 3 40
392 972 2 5 31 3 53
393 1012 1 6 70 5 41
393 224 4 4 84 3 32
393 861 2 2 88 3 43
394 781 4 1 15 3 52
395 12 4 5 100 5 36
395 502 4 1 94 4 59
396 657 1 8 89 4 56
396 246 1 2 98 4 35
396 215 4 0 69 3 53
396 484 2 4 15 3 46
396 160 4 5 43 5 45
396 108 1 5 12 4 40
397 454 2 2 66 5 44
397 1014 4 9 56 4 34
397 735 1 4 52 5 42
398 1182 4 1 76 3 42
398 672 0 2 92 4 60
399 561 3 7 16 3 58
399 133 1 7 48 4 38
399 270 0 8 13 5 38
401 1072 0 4 31 5 30
401 312 1 7 3 5 32
402 605 3 4 57 5 48
402 72 0 4 90 5 38
403 1026 2 8 22 4 52
404 414 0 1 76 5 49
404 929 0 8 53 5 35
405 214 3 4 69 4 53
405 320 0 2 63 3 37
405 1051 1 1 51 3 60
406 109 1 1 20 4 42
406 2 1 0 66 3 40
406 967 1 9 43 4 42
407 906 1 0 89 5 43
407 447 0 2 68 3 51
408 1005 1 3 87 4 56
408 717 4 3 24 3 49
409 799 2 4 2 4 54
409 1012 3 9 67 4 59
410 18 0 2 43 4 51
410 761 3 9 76 5 33
411 551 1 9 72 4 50
411 315 3 2 68 3 53
412 620 2 3 20 5 56
413 349 3 3 50 5 58
413 395 3 6 91 4 43
414 913 4 1 85 4 46
414 790 4 0 84 4 54
415 43 0 8 15 4 52
415 353 1 5 52 5 59
415 469 1 9 50 4 39
415 3 3 4 9 5 51
415 492 3 3 73 5 53
416 756 1 4 26 4 45
416 447 1 3 73 4 38
416 627 3 4 65 5 37
419 971 0 0 12 3 56
419 422 4 1 63 3 60
419 183 4 3 16 4 38
419 500 1 6 20 5 49
420 709 0 6 100 3 38
423 765 0 1 51 3 37
423 1024 3 5 59 5 43
423 476 4 0 77 5 35
423 878 2 0 37 4 50
424 146 4 9 69 4 45
425 177 1 1 73 5 47
425 701 3 5 35 4 32
427 127 0 5 66 5 36
427 857 4 0 32 5 35
428 467 3 9 80 4 56
428 1049 3 6 10 3 31
428 873 2 3 60 4 56
428 399 1 9 25 5 53
428 968 3 1 26 4 48
428 917 3 4 98 4 40
428 234 2 9 93 4 38
429 1141 4 4 84 3 36
430 453 2 9 62 4 53
430 541 0 9 3 3 58
430 1125 0 9 35 4 31
430 384 1 0 20 5 51
430 981 0 6 28 3 48
431 555 0 8 96 4 48
431 291 4 2 20 4 42
431 788 0 4 7 3 38
432 62 3 8 55 5 44
432 910 1 3 87 4 53
432 714 3 1 11 5 31
432 604 4 3 35 5 37
432 1026 3 3 12 3 46
433 433 0 2 69 5 39
433 760 3 1 32 3 38
433 1041 1 0 34 4 56
434 537 0 7 87 3 32
434 1167 0 2 60 5 48
434 102 4 7 55 3 37
435 377 0 2 70 3 53
436 609 4 1 31 4 42
436 789 2 1 22 3 51
436 260 4 4 5 3 44
437 64 0 5 86 3 44
437 104 4 2 89 5 57
437 262 4 0 8 4 37
438 918 1 2 93 4 49
438 272 3 9 89 3 56
438 254 2 3 23 5 49
438 386 2 3 19 4 49
439 693 0 2 61 3 41
439 585 1 2 75 5 37
440 295 0 5 57 5 33
441 855 2 5 8 4 44
441 831 0 7 1 4 35
441 1068 1 0 14 5 60
442 0 3 2 94 4 58
442 703 1 0 62 3 58
442 718 3 2 92 3 54
442 741 3 5 25 4 60
442 667 3 0 20 3 45
443 1027 1 1 78 4 37
443 872 3 5 36 4 45
444 680 0 7 52 3 56
444 257 0 4 31 5 59
444 1111 2 1 16 4 39
445 667 4 9 63 5 47
445 624 4 5 61 3 39
445 87 2 2 52 3 41
446 1074 0 9 18 3 30
446 571 3 4 63 4 48
447 632 2 3 83 3 53
447 286 1 1 5 5 44
447 741 2 6 50 3 36
448 1163 3 4 65 5 36
448 615 3 2 29 5 45
448 708 1 1 48 5 47
448 722 3 2 89 3 53
448 1000 0 0 86 5 43
449 706 0 0 18 3 39
449 463 2 7 43 5 37
450 804 4 1 48 5 55
450 374 2 9 29 3 43
450 267 3 9 84 4 51
451 92 1 6 77 5 54
451 1073 4 3 20 4 52
452 892 4 2 49 4 59
452 944 1 9 90 4 37
453 602 2 2 87 3 58
453 226 2 2 96 4 53
453 332 3 5 32 4 40
454 928 4 4 75 5 35
454 194 4 3 85 5 45
454 1191 3 1 41 3 32
454 898 2 7 10 3 45
455 357 2 9 52 3 54
456 320 4 7 17 4 40
457 187 1 7 80 4 57
457 500 3 4 25 4 48
458 328 0 8 38 4 37
458 871 3 3 68 3 43
458 922 3 8 60 4 52
459 664 2 1 24 5 33
460 1164 1 3 58 3 31
460 470 4 1 35 4 33
460 227 4 4 96 4 39
461 43 0 9 62 4 57
462 167 3 3 87 4 36
462 914 1 9 71 3 39
463 265 3 1 69 4 58
464 1045 1 7 93 5 36
464 1021 0 2 78 5 38
464 1031 3 6 37 3 41
464 1196 4 4 61 3 51
464 817 3 9 45 5 33
465 944 2 8 22 3 33
465 269 3 9 17 5 48
465 1034 2 0 78 3 60
466 715 4 6 53 3 58
466 902 2 7 88 5 41
466 470 1 8 12 3 59
466 571 3 0 95 5 36
467 388 4 2 72 3 44
467 99 0 7 98 5 33
468 1191 1 0 53 5 58
468 684 1 3 74 4 50
468 381 4 2 43 4 47
469 1126 0 2 81 3 55
469 607 3 6 37 3 54
469 80 2 4 44 3 54
470 1148 3 4 77 5 60
470 462 4 2 29 5 35
471 1141 3 0 59 3 48
471 168 0 3 87 4 48
472 195 1 1 91 4 37
472 398 0 2 30 3 57
473 177 3 0 2 5 47
473 220 0 2 4 5 42
473 176 1 9 13 5 59
473 215 1 0 15 4 53
473 969 3 5 77 4 49
473 313 1 1 95 4 44
474 157 3 4 23 4 33
474 636 3 4 44 5 56
475 283 3 0 1 3 30
475 723 3 6 81 4 38
475 1097 4 4 81 4 50
477 320 4 3 19 3 44
477 640 4 2 88 4 56
477 15 1 3 49 3 32
478 265 0 8 89 5 32
478 652 3 7 21 3 56
478 155 0 1 26 4 37
479 168 3 2 88 5 34
479 723 0 1 42 3 48
479 698 3 4 93 4 37
479 417 0 3 23 5 43
479 930 3 8 27 4 60
480 103 2 6 14 4 34
480 1040 4 6 82 4 53
481 148 3 3 60 4 55
481 937 2 7 88 5 42
482 446 3 9 46 5 45
482 414 3 7 93 5 35
483 34 2 9 26 3 48
485 1079 0 8 4 4 50
485 166 0 7 38 5 53
485 830 3 1 71 3 32
487 208 1 2 46 3 39
488 849 4 6 32 5 56
488 514 4 2 70 3 54
488 612 4 7 6 4 30
488 658 2 9 4 3 48
488 636 4 5 9 3 55
489 802 4 8 42 3 39
489 144 2 1 81 4 41
489 765 2 3 47 4 30
489 567 1 6 9 4 42
490 1126 4 7 49 3 51
490 842 1 6 53 5 42
490 957 1 8 35 4 53
491 764 0 3 54 3 47
491 866 1 1 23 4 42
492 262 3 9 45 3 34
492 1065 1 1 69 5 48
493 963 4 0 11 4 55
493 643 2 3 38 4 59
493 241 1 0 35 4 59
494 125 2 9 40 3 50
494 197 4 2 67 3 58
494 249 2 8 43 5 43
495 531 1 3 64 5 49
495 813 1 5 10 3 37
495 1176 0 5 72 4 40
496 813 2 2 76 3 30
496 436 3 0 18 3 52
498 335 2 7 16 4 31
499 722 1 0 72 4 51
499 33 3 8 27 5 46
500 49 3 0 33 3 36
500 1169 1 4 54 3 42
501 790 1 8 82 3 42
501 444 1 5 96 5 45
501 117 0 1 7 3 38
502 72 0 4 5 5 32
502 71 4 8 39 3 30
502 1007 3 7 22 3 49
503 488 3 3 20 5 39
503 962 1 2 75 3 51
503 594 3 8 82 4 44
503 392 2 9 39 5 31
504 336 0 2 20 4 37
504 306 2 0 66 3 31
504 837 4 7 59 5 49
504 430 1 2 37 3 47
505 1117 0 2 3 5 36
505 86 4 8 40 4 37
505 1071 1 6 9 4 48
506 481 3 3 37 5 41
506 1145 3 0 59 5 46
507 855 3 8 32 3 39
507 790 0 6 98 3 46
507 59 1 2 47 5 49
507 471 2 9 82 3 33
507 214 3 0 85 5 43
508 964 4 2 92 3 36
508 460 2 9 31 5 33
509 139 4 0 25 4 56
510 686 0 7 49 4 58
510 360 0 0 17 3 53
510 254 1 7 66 5 50
511 862 4 1 95 4 33
511 267 0 1 7 5 53
512 394 1 8 100 4 52
513 14 2 4 31 5 52
513 764 0 1 90 5 35
513 742 0 8 47 4 38
513 266 3 8 5 4 40
514 1118 0 8 67 3 49
514 35 4 6 98 4 33
514 452 1 1 34 5 60
514 849 0 0 97 5 48
515 1106 4 7 93 4 55
516 990 1 3 94 3 36
516 868 2 4 26 4 58
516 320 3 5 59 3 42
516 195 4 5 38 3 30
517 1151 2 2 44 5 40
517 1143 2 9 68 3 30
517 377 4 1 46 4 42
518 615 3 0 73 5 42
518 38 4 9 13 4 41
518 1193 0 8 66 3 35
519 93 1 1 81 4 52
519 225 3 1 3 3 42
519 507 2 8 72 3 45
519 1091 2 2 10 4 53
519 808 1 9 79 4 44
520 500 2 8 24 5 51
522 308 3 1 69 4 55
522 833 1 7 75 3 37
522 34 2 9 9 5 57
522 331 0 0 66 5 52
523 510 4 8 5 4 31
524 1189 4 2 83 5 32
524 517 0 1 69 5 36
524 228 2 6 78 3 46
524 992 1 9 16 4 39
525 630 2 5 24 5 48
525 165 1 4 76 3 52
526 81 4 7 43 5 36
526 109 0 6 17 4 51
526 1173 0 2 76 5 51
527 496 1 9 1 5 31
527 1003 2 5 74 5 54
528 668 0 5 76 4 43
528 19 3 4 79 5 32
528 131 1 1 15 3 45
528 293 2 8 28 5 41
528 549 1 1 46 4 38
529 646 0 5 97 5 53
529 792 2 1 94 5 33
530 515 0 5 81 5 38
530 1122 1 9 70 4 43
531 4 3 4 18 5 40
532 651 1 8 98 5 60
532 546 0 5 97 5 43
533 553 1 8 61 4 46
533 1002 2 6 13 5 38
533 410 1 4 99 3 33
534 1070 2 6 60 5 42
534 1161 1 8 41 3 57
534 752 3 3 14 3 38
534 184 2 8 14 5 54
534 817 0 5 26 4 55
534 511 0 0 95 5 43
535 715 0 0 57 4 51
536 1077 1 3 83 3 55
536 289 2 3 28 3 38
537 695 1 7 31 5 55
537 935 1 0 57 5 30
537 141 1 1 39 5 39
538 104 2 5 7 5 37
538 739 0 3 18 5 40
539 239 1 7 78 3 51
539 667 1 0 68 4 55
540 676 3 1 83 3 31
540 1188 3 0 41 4 37
541 562 0 0 37 3 56
541 490 4 1 84 5 48
542 1178 0 8 28 5 60
542 874 1 6 82 5 57
542 1090 0 7 75 5 60
542 69 1 9 67 3 49
543 829 2 0 8 4 45
543 776 0 3 36 5 60
543 933 0 0 31 4 46
544 429 4 1 11 4 40
544 173 1 8 30 4 44
546 221 2 5 8 3 54
547 402 0 3 99 4 57
547 264 1 2 88 4 53
547 1171 0 2 92 3 35
548 162 4 1 54 4 47
548 580 0 1 29 4 39
548 1157 4 4 92 4 42
549 744 3 0 78 4 36
549 767 2 6 52 4 54
549 378 0 8 74 5 51
549 369 4 0 45 3 57
550 42 3 4 44 3 32
550 479 3 5 99 4 60
550 806 1 9 62 4 35
551 644 4 7 57 4 35
551 1121 3 1 90 4 51
551 2 4 0 78 3 33
552 510 0 1 4 3 36
552 296 1 4 24 4 50
552 1041 0 8 22 4 30
553 85 3 9 42 5 52
553 743 4 4 91 4 37
553 467 4 6 78 4 33
554 696 1 0 86 4 37
555 86 0 0 87 3 40
555 165 2 7 36 3 30
556 616 1 7 20 4 34
556 161 2 1 46 4 39
556 1042 2 5 28 4 48
557 979 0 3 59 3 57
557 397 3 6 66 4 60
558 1123 3 6 96 5 42
558 116 4 1 3 5 48
558 296 4 3 89 4 52
558 463 1 1 71 4 52
559 45 1 8 48 5 57
559 693 1 4 31 5 40
559 220 2 8 59 4 32
559 587 3 4 21 5 46
559 672 4 7 28 3 57
560 914 4 1 95 4 52
561 104 0 4 84 3 44
561 179 1 0 63 4 60
561 656 1 3 26 4 36
561 1197 4 9 34 4 54
562 576 3 0 56 3 40
562 891 4 2 56 5 30
562 969 2 1 42 4 45
562 237 4 4 95 5 39
563 840 4 3 92 4 48
564 1009 2 3 82 4 34
564 229 0 6 39 3 44
564 914 0 7 96 5 58
564 226 0 3 91 3 41
565 1168 1 4 72 5 49
565 800 1 6 58 5 39
565 70 1 1 62 5 48
565 233 4 0 24 5 33
565 149 0 8 70 3 50
566 1140 2 0 47 4 32
566 322 0 1 13 4 53
566 216 4 8 59 3 46
566 1116 0 7 97 4 57
567 20 3 1 36 5 38
567 715 4 4 44 4 53
568 1192 4 3 71 4 40
568 183 0 3 74 5 60
569 447 0 1 58 3 49
569 22 4 1 84 4 60
569 729 1 0 71 4 37
570 834 4 6 51 3 36
570 444 2 0 80 3 40
570 236 1 7 15 3 59
570 533 3 7 43 4 55
571 385 2 6 73 5 46
571 181 3 1 57 3 30
572 503 4 4 21 4 37
572 187 2 4 26 4 60
573 123 3 2 17 4 35
573 839 0 0 73 4 48
575 704 1 0 40 5 45
575 862 1 2 41 4 41
575 79 1 4 5 4 58
575 558 1 9 41 4 34
576 84 1 3 68 3 55
576 258 1 2 6 3 42
576 501 1 5 11 4 46
577 724 3 9 61 3 56
577 937 1 5 98 5 31
577 986 2 0 96 5 34
578 793 4 4 19 4 45
578 610 1 8 82 4 45
578 250 0 2 51 5 35
579 626 4 1 6 5 47
579 415 1 5 92 3 46
579 991 3 8 73 4 36
579 428 0 4 62 4 54
579 83 1 4 63 3 39
580 453 2 7 55 5 39
582 107 0 3 85 4 38
582 102 3 4 55 5 52
582 483 4 2 42 4 39
583 438 0 6 56 5 58
583 1199 0 2 59 5 57
583 952 3 0 39 3 58
583 855 3 8 13 5 30
584 138 4 4 7 4 60
584 489 0 1 5 3 42
585 1078 1 7 32 3 31
585 1053 0 0 13 3 39
586 5 3 1 93 5 33
586 706 0 7 13 5 57
586 871 1 3 8 3 35
586 802 1 1 81 5 45
587 923 0 9 6 3 32
587 288 0 9 24 3 48
587 94 2 6 24 3 58
587 1031 1 7 75 4 59
587 196 0 8 49 3 42
587 1150 1 5 52 3 41
587 291 1 7 36 5 35
587 1051 2 1 89 4 57
587 638 2 3 82 5 48
588 972 4 7 25 5 36
588 216 0 3 31 3 39
588 759 4 9 7 4 57
588 958 4 4 37 3 38
589 206 0 1 47 3 57
590 254 3 5 1 5 49
590 990 2 4 11 3 57
590 225 0 1 34 5 35
590 44 1 5 7 3 39
590 777 1 1 19 4 46
591 132 4 7 25 3 37
591 1142 3 6 42 4 35
592 719 4 6 12 4 45
592 390 0 4 60 5 37
592 178 2 6 78 4 45
593 401 3 7 17 3 32
594 154 0 7 84 5 41
594 887 3 3 47 3 58
594 202 3 7 75 5 40
595 1190 1 7 24 4 41
595 1057 0 0 37 5 54
595 583 2 1 75 5 59
596 54 2 7 12 4 43
597 72 0 1 3 5 47
598 26 1 3 35 5 59
598 934 2 0 79 5 52
598 883 1 0 68 5 51
598 755 3 6 4 3 38
601 1057 0 5 33 3 53
601 639 1 6 29 3 52
601 177 4 2 53 5 51
602 997 4 9 99 5 45
602 186 2 4 46 4 36
603 633 0 6 24 4 55
603 513 4 5 25 4 41
603 767 1 2 73 4 37
604 526 2 7 80 3 53
604 388 1 9 15 5 37
604 1006 0 5 91 3 34
605 233 3 5 64 5 57
605 785 0 3 83 3 33
605 545 3 0 29 5 50
607 904 2 5 40 4 58
607 272 2 8 44 4 49
607 486 3 2 96 3 56
608 1050 2 5 76 5 48
609 76 0 1 71 3 32
609 69 4 6 22 3 54
609 573 1 4 31 5 38
609 1198 3 1 64 3 58
609 504 0 4 68 5 40
611 699 2 3 59 4 38
611 550 4 1 79 3 35
611 86 2 3 44 3 30
612 364 3 1 41 3 51
612 486 0 5 61 5 37
614 874 2 8 72 3 39
614 677 0 2 80 5 57
614 612 3 0 56 5 51
615 51 4 5 39 5 50
616 895 0 6 80 5 51
616 709 2 6 49 5 47
616 446 3 0 38 5 49
617 458 2 2 77 4 57
617 964 1 3 13 3 43
617 285 4 2 37 4 34
617 992 1 5 62 5 41
618 878 1 1 47 3 52
618 913 1 2 22 5 44
618 219 2 9 74 5 52
619 405 0 4 73 5 53
619 1081 4 5 63 3 52
619 275 1 2 97 4 48
619 978 0 1 32 5 35
620 481 0 7 75 5 46
620 565 1 0 29 3 53
621 125 2 5 99 4 32
621 728 4 4 65 5 52
623 367 3 4 55 3 57
624 1105 0 9 53 3 58
625 64 4 5 17 3 40
625 776 1 5 12 4 30
625 397 2 9 35 4 48
625 200 0 1 64 4 42
625 187 2 5 43 3 46
625 378 4 2 96 3 52
626 308 3 4 18 3 53
626 675 2 9 17 3 50
626 931 0 1 33 4 43
626 429 0 0 73 4 45
626 1112 2 1 99 5 48
628 973 2 7 23 5 40
630 923 0 8 20 5 41
630 259 4 7 40 5 36
630 532 0 4 69 5 44
631 1079 2 6 11 5 51
631 1196 4 8 41 4 53
632 554 2 1 25 5 33
632 796 0 7 59 3 43
633 1038 3 5 84 3 31
633 348 2 1 5 4 42
633 683 2 9 100 3 42
634 153 4 9 37 5 44
635 1098 1 7 8 3 35
635 82 1 5 29 4 50
635 968 3 6 16 5 47
636 873 2 4 30 3 45
636 675 2 5 54 5 38
636 520 2 9 44 4 53
637 491 4 2 20 5 32
637 24 1 3 81 5 38
637 165 1 6 13 4 47
639 313 4 0 16 3 54
639 453 2 6 99 3 49
639 469 1 9 48 5 44
640 444 1 9 29 5 39
640 127 0 4 97 4 41
640 100 2 1 13 5 45
641 140 3 0 22 3 44
641 659 2 1 86 5 31
641 134 0 4 16 4 36
642 57 1 2 34 3 39
642 334 3 4 89 3 45
643 808 2 0 39 3 57
644 669 3 2 90 4 44
644 807 1 3 67 3 49
645 173 3 1 59 5 36
645 1155 0 1 61 5 34
645 766 1 7 26 4 57
645 192 1 9 66 3 58
645 1197 0 3 65 5 40
646 326 0 9 35 5 37
646 311 4 4 88 5 40
647 385 4 6 37 5 57
647 610 3 5 12 4 54
647 883 0 6 43 4 49
647 210 0 5 89 5 35
647 422 3 0 80 3 32
648 398 2 9 98 5 54
648 98 0 3 73 3 50
649 313 2 7 79 4 40
649 157 0 3 50 5 36
649 803 0 9 17 3 31
649 128 1 1 95 5 57
649 853 2 1 40 4 51
651 419 1 6 58 5 51
651 876 2 7 42 4 34
651 130 0 5 25 3 44
651 471 3 2 32 4 43
652 113 2 0 52 5 48
652 93 4 1 11 5 46
652 1084 3 7 86 3 33
652 277 2 4 26 5 37
652 534 4 3 21 4 50
653 1161 4 3 69 4 42
653 241 2 0 30 3 38
653 158 1 5 53 4 34
654 821 2 4 77 4 51
654 669 1 3 66 4 32
654 594 2 4 67 5 55
654 946 3 1 95 3 38
655 626 2 1 49 5 47
656 1192 0 3 59 5 42
656 1007 0 0 47 5 59
657 236 2 8 95 3 59
657 523 1 7 66 3 46
657 918 4 1 18 4 57
657 671 4 6 33 4 50
658 676 4 0 59 3 56
658 261 4 8 77 3 51
658 316 3 6 86 5 52
658 1015 2 6 12 3 51
659 528 4 2 85 5 39
659 281 3 9 35 3 38
659 1103 2 3 78 5 50
660 875 2 1 78 5 58
660 7 3 3 77 5 42
660 585 3 7 7 4 53
661 476 1 9 7 4 51
661 924 3 5 17 3 44
662 486 4 2 88 5 45
663 312 0 0 100 4 34
664 501 3 0 25 3 31
664 82 2 4 17 4 52
664 1198 3 8 35 3 40
665 468 0 1 17 4 32
665 957 1 8 62 4 57
665 992 3 4 47 3 58
665 344 2 9 25 4 53
665 838 3 7 77 4 33
665 963 3 9 73 5 55
666 390 0 1 96 5 58
666 420 0 4 97 5 43
666 193 1 0 22 3 58
667 284 2 3 45 5 48
667 583 0 6 62 4 45
668 659 0 8 38 4 31
668 49 1 9 20 4 41
668 73 3 7 65 3 60
669 612 2 7 7 3 36
670 846 4 1 34 4 32
670 322 0 5 26 4 40
670 1105 4 9 73 5 59
670 488 0 2 66 5 36
670 1087 4 1 97 3 32
670 696 0 0 15 4 30
671 371 1 6 79 4 39
671 197 4 5 69 5 33
671 583 4 6 9 3 55
672 260 3 4 32 5 52
672 661 0 7 2 5 44
673 660 1 3 22 5 40
673 1043 4 9 62 5 45
673 436 3 3 69 4 45
674 860 1 0 5 4 35
674 517 0 6 80 3 41
674 1192 2 5 20 4 42
674 316 3 4 90 4 33
674 1167 2 5 1 4 50
674 790 0 5 59 3 36
674 1103 1 2 92 4 59
674 1108 1 3 69 5 39
676 93 4 0 30 3 33
676 20 1 4 28 3 48
676 1144 4 4 62 4 31
676 341 3 7 75 4 31
678 363 4 8 62 3 32
678 146 4 9 24 5 36
678 936 4 3 99 3 59
678 431 1 4 84 3 32
678 1196 4 4 53 4 37
678 301 1 9 46 3 40
679 374 3 9 90 3 44
679 371 3 5 8 5 37
679 43 0 8 65 4 37
680 1083 3 1 91 3 47
680 825 2 3 94 3 48
680 389 2 2 34 3 36
681 935 0 6 72 5 38
681 725 4 9 3 5 34
681 1196 1 3 91 3 30
682 893 3 8 47 3 60
682 565 1 7 4 5 58
682 476 2 4 58 5 33
683 696 0 7 10 4 45
683 469 1 1 97 5 53
683 11 3 9 92 5 31
684 1186 4 5 53 5 60
685 490 4 8 42 4 60
685 261 3 7 36 3 37
685 818 3 0 38 3 60
685 1040 1 2 51 5 43
686 334 2 9 30 3 46
686 264 0 0 64 4 47
687 165 1 1 76 3 51
687 608 4 5 85 4 35
688 753 1 4 19 5 53
688 32 4 9 33 3 49
688 479 0 1 34 4 33
689 367 3 1 77 5 46
690 736 2 2 54 5 30
690 188 0 5 9 4 40
691 230 1 3 87 5 37
693 149 1 1 69 4 39
694 412 3 4 51 3 58
694 922 2 0 50 5 53
694 496 4 7 39 3 53
694 972 1 2 84 3 51
695 217 0 8 44 4 60
696 526 0 3 27 3 36
696 164 4 5 82 4 49
696 365 1 4 88 3 52
696 1149 0 8 83 4 46
697 629 4 8 41 3 40
697 154 1 8 63 4 57
697 674 1 4 86 3 53
698 844 0 0 12 4 58
699 615 4 8 75 3 59
699 622 3 5 61 3 47
699 904 4 7 41 3 45
701 891 0 5 35 4 54
701 421 0 6 48 4 38
702 152 2 1 37 5 45
702 1123 2 7 68 5 51
702 209 3 3 8 4 34
703 819 0 7 94 3 49
704 739 0 4 96 5 56
704 159 2 1 93 4 50
704 588 0 8 42 4 46
705 104 1 3 33 5 58
705 788 2 9 8 5 57
706 160 1 6 80 4 37
706 231 3 9 73 4 47
706 320 4 5 25 4 55
706 493 0 8 70 5 49
706 409 3 1 53 4 37
707 737 1 5 36 4 47
707 1022 0 0 79 4 30
708 204 2 8 63 4 32
708 1176 2 4 62 3 40
708 39 1 7 29 5 43
709 1097 2 2 32 5 38
709 641 2 6 13 4 45
709 267 1 1 3 3 49
709 235 0 7 22 5 49
710 102 0 8 10 5 54
710 1047 3 6 26 4 49
710 830 3 6 6 3 55
710 877 3 3 7 3 42
710 1117 4 6 12 4 57
711 243 2 2 35 4 60
711 442 2 3 54 5 50
711 70 0 8 39 5 40
712 436 0 5 5 3 45
712 826 1 2 62 5 57
713 325 0 1 32 4 37
713 450 0 6 21 4 36
713 1004 3 7 21 3 36
714 1189 1 8 94 4 53
715 287 3 6 97 3 46
715 147 0 0 17 5 54
715 117 1 0 14 5 38
715 1028 4 1 33 5 45
717 1075 2 9 62 3 34
717 535 1 0 82 3 45
717 892 3 2 52 5 54
718 652 4 7 29 3 41
719 898 0 4 21 4 40
720 706 3 5 85 5 37
721 575 3 3 78 4 36
721 289 2 6 49 4 41
722 819 3 1 56 4 50
722 1158 3 2 87 5 40
723 741 2 9 44 4 33
723 555 2 7 31 3 56
725 533 4 3 28 3 58
725 554 2 6 47 4 37
725 948 2 0 78 5 57
725 907 2 1 67 3 56
726 825 1 6 23 4 30
727 1182 4 8 99 3 38
727 1070 0 6 20 4 53
727 1068 4 5 13 5 55
728 1148 4 0 3 3 42
728 854 4 3 24 4 36
730 267 2 2 30 5 52
730 471 0 5 13 3 34
731 918 2 0 5 5 59
731 392 2 8 19 3 35
732 1057 1 6 20 3 48
732 521 4 1 37 5 50
733 588 1 1 71 4 32
733 518 1 9 5 5 58
733 279 2 7 17 4 56
733 822 0 0 54 3 34
735 303 4 0 52 4 56
735 47 1 7 32 5 45
735 1161 3 2 7 3 59
735 13 2 5 64 4 42
735 590 2 3 67 3 43
736 319 4 6 27 5 49
736 798 1 2 99 5 53
737 1180 2 2 66 5 30
737 960 4 3 42 5 50
737 156 1 5 93 5 46
737 377 2 1 86 3 56
737 876 0 3 58 3 38
739 619 2 4 71 3 39
740 265 0 0 38 4 36
740 1173 1 6 78 3 35
740 471 3 1 96 3 41
740 508 4 6 8 5 40
741 736 0 9 82 4 48
743 322 0 7 44 3 46
743 665 3 2 26 5 34
743 830 1 0 60 3 32
745 464 4 9 94 3 44
745 530 1 6 85 3 35
745 347 3 1 96 3 53
746 104 1 2 85 5 51
746 1119 2 3 6 4 53
746 920 4 6 16 3 42
747 693 3 2 70 5 45
749 119 4 6 59 3 59
750 233 0 9 82 4 59
750 664 4 2 30 3 31
750 1101 0 5 99 5 59
751 231 4 3 57 5 30
751 481 3 7 46 4 35
752 1020 0 7 64 5 36
752 973 4 3 27 3 35
752 833 3 6 16 3 30
753 36 1 6 44 3 38
753 158 2 6 31 5 45
754 773 1 4 100 3 56
754 102 3 1 80 4 30
755 907 1 9 6 5 39
756 85 3 1 22 4 47
756 925 3 8 78 4 58
756 238 1 5 4 3 47
757 345 3 8 53 5 43
757 123 1 9 95 4 53
757 75 4 5 63 5 47
757 112 0 3 7 5 48
758 383 2 2 17 5 51
758 406 0 7 62 5 55
758 80 3 3 86 3 41
758 497 3 0 86 4 36
758 458 2 2 30 3 43
759 437 0 3 26 4 42
760 7 0 4 89 4 40
762 1003 4 7 33 4 39
762 151 0 7 47 4 35
763 258 3 3 14 4 50
763 372 2 9 93 4 51
765 90 0 0 98 5 44
766 951 4 4 23 3 30
766 37 3 1 23 4 54
766 164 2 6 63 4 53
766 714 0 2 36 5 33
766 363 0 0 4 3 38
767 724 0 5 83 3 34
767 1118 1 7 58 4 50
767 941 1 0 72 4 55
768 748 2 0 50 5 49
768 13 1 9 7 5 35
768 851 0 3 4 5 47
768 657 3 4 44 3 36
769 89 2 6 65 4 46
769 453 0 5 64 3 51
769 748 4 7 90 4 55
770 548 2 8 47 5 56
770 972 0 0 79 5 41
770 561 1 6 27 4 39
771 371 1 2 46 4 57
771 662 3 1 60 5 59
771 598 0 1 34 4 50
771 590 3 3 13 4 34
771 735 1 4 14 3 48
771 66 0 9 36 4 39
771 462 3 5 90 4 44
771 624 2 4 81 5 44
771 778 0 3 45 5 47
772 190 0 2 21 3 51
772 842 3 1 18 4 36
772 366 3 1 17 3 30
772 992 3 5 44 3 52
772 357 3 6 55 5 46
773 604 2 1 100 4 38
773 220 2 9 40 4 59
774 733 4 4 7 3 32
775 154 3 9 52 5 51
775 448 0 2 82 4 33
776 916 4 2 84 3 35
777 761 1 3 27 3 34
777 516 4 8 82 5 59
777 788 4 7 17 4 49
777 1082 0 6 62 4 33
777 440 3 2 85 5 42
777 34 0 2 51 5 45
778 368 0 2 97 5 35
778 297 1 3 25 4 48
779 1084 0 2 30 3 42
779 534 4 4 43 5 53
780 341 0 0 68 4 41
780 127 3 2 32 4 60
781 1042 4 2 13 5 58
782 143 4 3 65 5 60
782 898 0 8 24 3 39
782 80 1 2 83 4 40
783 240 2 9 89 5 49
783 1018 1 5 58 4 41
784 568 2 9 36 3 60
784 711 2 5 56 4 37
785 151 4 4 5 4 48
786 753 1 8 62 5 55
786 393 0 9 94 3 59
788 193 4 0 60 3 44
788 1131 3 5 3 3 60
789 808 2 2 74 4 51
789 565 2 6 100 5 53
789 817 0 0 90 5 55
789 1123 3 5 68 5 36
789 956 3 3 79 4 50
790 53 4 6 98 4 39
790 859 3 4 19 4 31
791 226 4 7 92 3 40
791 568 3 4 14 5 38
791 904 4 9 49 4 48
792 830 2 4 46 5 40
792 258 4 4 58 5 50
792 648 3 7 45 5 44
793 271 4 8 40 4 54
793 1009 3 4 59 4 32
794 460 2 6 35 4 46
794 873 2 3 61 4 47
794 450 0 8 19 3 33
794 180 0 9 86 3 39
795 226 0 4 94 5 34
796 1140 0 6 44 3 51
796 1136 2 9 47 5 52
796 277 2 5 45 5 52
797 142 4 9 76 5 40
797 429 2 8 89 4 47
797 894 1 9 10 5 58
797 1104 0 8 17 3 60
797 7 1 3 46 4 41
798 202 0 3 50 5 32
798 404 1 5 45 4 46
799 1099 0 5 62 5 49
799 1135 2 8 40 5 54
800 751 0 9 89 5 47
800 604 0 4 37 5 33
800 943 0 3 55 4 53
800 1079 4 5 100 3 60
800 1120 0 9 52 3 40
800 16 0 4 73 3 35
800 251 1 1 17 5 32
801 213 3 2 24 4 38
802 1036 3 9 56 5 53
803 1098 1 9 27 3 45
804 118 3 8 99 5 41
804 386 1 7 22 3 33
805 1047 3 6 78 4 44
805 989 0 4 34 3 32
805 788 1 5 59 4 53
806 938 1 6 3 4 45
806 429 4 6 72 4 60
806 488 3 9 77 3 34
807 217 3 7 39 3 43
807 230 2 8 81 4 47
807 324 2 6 65 5 59
807 914 0 1 73 4 47
807 575 1 3 66 5 52
808 592 4 2 71 3 58
808 971 0 1 26 4 54
809 786 4 1 46 5 37
809 850 4 3 48 3 46
809 858 2 8 84 3 34
809 1074 0 2 100 4 44
810 222 4 4 8 3 43
810 1039 1 8 80 5 36
811 876 4 5 66 3 33
811 119 3 2 93 4 60
811 616 3 3 100 5 37
811 681 2 1 76 3 56
812 868 1 7 19 4 39
812 863 4 1 7 3 57
812 927 4 2 70 5 54
812 431 1 1 35 3 53
813 946 0 2 91 4 38
814 497 2 4 35 3 56
814 737 4 0 92 3 48
814 251 3 2 55 3 33
814 506 3 3 53 5 42
814 1125 3 3 56 4 37
814 903 1 9 37 5 33
815 89 1 9 46 3 58
817 467 2 5 53 3 44
817 61 3 6 39 4 58
817 783 0 4 93 5 42
818 1061 2 0 31 5 34
818 1158 1 5 19 3 49
819 1123 4 9 11 3 58
819 357 3 4 3 4 56
820 482 0 2 16 3 31
821 861 3 4 63 5 53
821 1021 3 8 27 3 48
821 688 0 8 84 3 54
822 76 1 6 60 5 32
822 124 0 0 40 5 53
823 201 2 5 47 4 32
823 749 2 4 63 3 42
824 597 0 5 57 4 33
824 289 4 2 74 5 48
825 956 3 5 41 4 55
825 684 3 6 15 4 35
826 768 2 6 14 4 32
827 750 4 0 50 5 49
828 971 3 4 65 4 48
828 101 0 2 93 3 50
828 249 3 4 32 3 44
829 87 4 5 79 4 53
829 1050 2 3 15 5 47
829 637 0 4 79 5 43
829 96 1 6 85 5 32
830 230 4 3 65 3 51
830 520 3 5 48 5 33
830 509 1 9 86 5 41
831 511 0 1 12 4 36
832 203 3 2 97 4 45
833 646 2 2 16 3 55
833 253 1 7 30 5 32
834 657 3 8 21 4 60
834 601 1 5 47 4 37
834 750 2 8 68 3 31
834 489 4 5 29 3 49
835 1047 0 6 26 4 48
835 629 3 5 73 3 47
835 672 3 3 29 3 54
836 664 1 8 75 3 43
836 578 1 4 37 5 57
836 847 2 8 9 5 53
836 960 1 1 100 4 43
836 531 3 6 70 3 31
837 193 0 8 33 3 30
837 701 1 0 98 5 51
837 745 0 1 64 3 39
837 747 3 0 79 4 41
839 861 4 8 90 4 51
839 276 1 9 58 3 50
839 231 1 3 11 4 30
840 529 2 6 83 4 55
841 1074 4 3 73 3 37
841 961 2 8 68 3 39
841 1126 2 9 48 5 32
842 99 3 8 4 3 57
842 1065 2 7 53 5 50
842 6 4 0 61 5 37
842 906 4 8 1 4 52
845 761 3 4 95 4 31
846 143 3 6 6 4 50
847 593 1 8 87 3 41
848 563 4 5 91 4 42
849 399 3 6 58 3 49
849 1073 3 1 96 3 46
850 1050 4 2 66 3 47
850 529 2 2 88 3 45
852 1059 1 3 68 4 47
852 606 2 1 96 3 47
852 91 3 1 45 5 34
853 276 2 6 69 4 34
853 544 4 7 12 4 32
854 918 0 3 5 5 44
854 962 3 6 73 3 57
854 1048 4 4 90 3 39
855 154 2 0 28 4 37
855 479 0 3 64 3 34
856 550 4 2 44 3 31
856 934 4 5 55 3 52
857 902 0 4 95 3 45
857 867 3 1 89 5 33
857 335 1 9 10 5 49
857 886 4 0 22 3 30
858 607 3 4 16 4 57
858 942 1 8 43 3 30
858 694 2 4 70 4 46
858 998 1 4 13 3 54
858 193 2 3 66 3 52
859 233 3 7 7 5 42
860 792 3 9 79 3 35
861 133 0 2 39 3 30
862 195 1 6 28 3 58
862 1183 3 1 75 4 39
863 158 1 4 8 3 42
863 35 3 1 84 4 42
864 13 4 1 7 4 36
864 775 0 9 17 4 34
864 1172 1 9 33 3 56
865 246 1 1 72 5 30
865 93 1 1 62 4 32
865 923 3 6 36 5 34
865 721 4 4 82 4 34
866 369 1 1 43 3 30
867 706 2 7 82 3 50
867 1078 0 9 89 5 54
867 1175 1 0 69 3 31
868 267 0 0 59 4 48
868 40 2 6 40 3 32
868 816 3 7 6 5 56
869 492 4 9 26 3 53
869 869 0 2 69 3 60
869 116 4 6 32 4 42
870 233 0 5 7 4 54
870 604 1 2 85 4 42
870 457 2 2 86 4 56
870 535 2 8 37 4 57
870 581 3 0 12 5 54
870 178 4 8 40 4 51
871 178 3 3 6 4 43
872 876 4 1 60 5 57
872 819 4 1 54 5 57
874 866 0 1 96 3 46
874 382 1 7 85 4 38
874 580 1 4 82 4 55
874 717 4 0 47 5 50
875 647 3 3 94 4 47
875 38 1 2 59 4 34
876 449 2 5 1 5 46
876 105 3 4 23 3 60
877 605 4 1 68 4 34
877 970 0 0 98 5 51
877 783 3 1 63 4 36
877 273 1 3 33 4 41
878 737 1 6 71 3 37
878 975 2 2 9 5 40
878 159 4 8 88 3 59
879 777 0 3 87 5 30
880 14 1 8 53 3 55
880 190 0 7 19 5 38
880 956 1 8 38 4 39
881 528 4 8 92 5 52
881 976 0 1 54 5 50
882 1043 4 1 80 3 51
882 1052 1 9 85 4 58
883 439 3 3 95 3 50
883 829 0 2 73 3 44
884 1191 1 8 6 5 49
884 1172 3 6 92 3 40
884 666 4 2 48 3 35
885 851 3 7 87 5 52
885 1167 0 5 31 5 49
886 311 3 6 99 3 58
886 470 4 6 100 5 48
887 904 0 5 33 5 51
887 624 4 9 41 3 41
887 641 1 7 68 3 59
888 667 4 8 73 5 60
888 1082 2 9 11 4 58
888 919 1 1 73 4 52
889 1017 1 5 100 3 36
891 896 1 8 2 4 45
891 636 2 7 30 5 39
891 468 1 5 60 5 50
891 1093 1 3 37 4 41
892 538 2 5 5 5 40
892 1074 2 1 10 5 58
892 452 1 1 72 4 30
892 372 0 6 32 4 60
893 1058 2 0 1 4 35
893 482 2 9 79 5 47
893 1136 3 0 60 3 54
893 835 1 9 17 3 36
894 414 1 2 18 5 33
894 245 1 2 42 3 41
894 559 3 9 33 3 45
894 406 1 2 87 3 52
895 919 0 7 37 5 35
895 1006 3 2 54 3 40
896 663 1 5 56 5 30
896 1055 0 6 27 5 44
897 378 2 5 63 3 38
897 840 4 0 18 4 38
898 279 1 2 85 3 36
898 103 2 4 49 4 56
898 67 0 2 71 3 33
898 838 3 8 30 4 44
898 965 0 4 58 3 43
899 54 1 9 10 3 45
899 941 0 9 72 5 57
899 68 0 1 39 5 54
899 569 0 1 52 3 60
900 802 3 8 35 4 49
901 1083 0 6 83 4 33
901 763 0 5 17 4 48
902 449 0 1 5 5 48
902 335 1 8 8 3 38
902 597 4 1 37 5 31
902 233 2 5 19 3 40
903 1097 1 4 48 4 56
903 784 2 0 48 5 49
903 294 3 0 10 4 56
904 802 4 3 50 5 60
904 679 2 0 76 3 47
904 535 4 2 16 3 51
905 299 1 2 23 3 54
905 1158 2 7 37 4 51
905 1088 1 6 91 4 52
906 708 1 0 90 3 46
906 708 4 9 19 3 31
906 1118 1 7 9 4 40
906 939 3 3 86 4 53
907 363 3 9 49 4 47
907 239 1 4 98 5 34
908 1138 1 2 64 5 54
909 816 3 2 5 5 57
909 320 2 3 97 4 41
909 222 3 7 22 4 50
910 791 2 6 37 3 56
910 578 1 2 97 3 32
910 716 3 1 57 5 47
911 2 4 3 99 5 42
911 258 3 1 92 3 30
911 313 1 0 22 4 31
912 446 2 8 20 3 43
913 1171 1 4 68 5 57
914 747 0 7 41 5 37
914 702 1 9 61 4 36
915 1141 3 5 76 3 60
916 642 4 3 23 4 30
916 260 4 0 31 3 48
916 440 2 8 67 3 57
916 19 0 5 70 4 47
917 994 4 9 27 4 45
917 1127 0 2 84 3 54
917 109 3 3 79 4 32
917 269 1 6 98 5 34
917 956 4 6 77 5 37
918 681 3 7 36 3 49
918 807 2 0 42 5 50
918 936 2 8 69 5 31
919 1037 1 5 92 3 42
919 448 1 2 58 3 44
920 369 4 6 63 4 45
920 523 3 6 20 3 47
920 49 4 5 29 3 38
921 32 2 6 63 3 45
921 113 2 5 60 4 52
922 563 1 6 77 5 53
922 1024 1 5 49 5 54
922 1161 0 1 49 4 52
922 975 3 7 31 5 42
924 766 3 8 51 4 39
924 296 3 9 33 5 51
925 1032 4 1 16 5 44
925 409 2 3 44 3 43
928 76 3 6 65 5 60
928 422 2 1 89 5 31
929 517 2 6 13 3 49
930 804 3 2 89 3 56
930 996 2 1 62 3 36
930 671 2 3 88 3 59
931 158 3 7 78 3 60
931 618 4 7 9 4 37
931 272 0 9 56 5 50
932 431 3 4 7 4 54
932 627 1 4 55 5 51
932 149 3 1 65 4 40
932 1185 1 0 64 4 33
932 10 0 4 24 3 34
932 1114 3 2 31 3 41
933 105 2 7 77 5 46
933 17 4 9 9 3 51
935 541 1 7 34 4 48
936 1105 4 7 88 4 51
936 781 1 6 14 4 39
936 565 0 5 85 4 50
936 1122 1 0 65 5 59
936 224 1 5 100 3 38
937 197 0 1 45 3 56
937 919 4 6 39 3 60
938 787 1 4 13 4 59
938 998 4 1 74 4 59
938 1062 3 9 1 3 55
938 645 4 6 16 3 46
939 127 2 9 91 5 51
940 882 2 3 94 4 59
940 298 4 9 70 4 32
940 252 4 9 32 5 32
941 759 4 3 30 5 58
941 812 2 2 29 4 31
941 986 0 0 10 5 35
941 1163 1 5 16 3 40
941 839 4 3 3 3 33
942 660 0 8 27 5 60
942 406 3 6 14 4 56
942 1004 0 1 10 5 50
943 540 3 0 88 5 43
945 182 1 9 41 5 52
945 916 3 9 98 3 37
947 71 2 3 25 5 58
947 376 0 5 96 4 40
947 701 2 1 39 4 60
949 714 4 5 43 5 50
949 55 4 9 100 4 56
949 790 3 1 26 5 47
949 1053 2 2 54 3 44
949 1145 1 9 37 3 56
950 1022 0 0 35 4 34
950 206 1 5 43 5 39
950 249 1 2 78 3 30
951 334 1 7 6 4 50
951 821 0 8 75 4 60
952 264 1 5 45 5 43
952 368 2 6 45 3 60
952 1076 1 3 35 5 46
952 204 4 7 74 5 41
952 488 2 4 24 3 31
953 630 2 2 23 5 60
953 1083 2 0 44 3 59
953 671 1 3 40 4 33
954 1108 1 0 77 5 44
954 345 0 4 64 5 50
954 885 0 7 60 3 49
954 1068 2 7 39 3 47
954 826 4 7 63 3 48
954 278 1 0 86 5 37
954 115 4 5 5 3 30
955 160 2 2 78 3 40
955 179 3 7 7 5 33
955 796 4 2 64 4 58
956 555 3 2 46 3 45
956 350 1 6 51 4 53
956 71 3 6 74 4 48
956 71 3 5 27 3 54
957 851 3 7 57 3 38
957 1144 0 8 80 5 41
957 828 4 8 75 3 46
959 946 4 2 64 5 34
959 396 2 4 11 5 43
959 751 0 6 63 4 35
959 35 0 8 54 3 58
959 1100 3 4 76 4 40
959 1062 0 8 22 4 50
960 1143 0 8 74 3 33
960 563 2 1 58 4 44
960 1014 4 6 53 5 31
961 741 3 7 82 5 30
961 747 1 8 55 3 37
962 328 0 7 59 3 40
962 77 4 9 93 4 37
962 550 0 3 17 4 60
962 1040 2 1 24 5 31
962 9 0 8 86 5 59
962 83 4 4 95 3 45
962 177 3 1 51 3 35
962 740 3 0 88 5 54
963 605 3 4 46 5 35
963 85 0 4 5 4 54
964 821 0 8 54 4 39
964 933 0 8 41 4 55
964 943 3 7 23 3 55
964 105 0 0 32 4 33
965 146 2 7 37 4 50
965 722 4 7 73 5 50
965 453 3 7 37 3 55
965 1029 3 8 76 3 58
965 682 2 0 35 3 54
965 1039 1 6 55 3 39
965 1130 4 0 92 5 40
965 1047 0 2 31 5 41
966 149 3 9 60 5 56
966 1123 4 0 15 3 52
968 1123 4 7 99 5 54
968 1088 1 5 98 5 35
969 753 0 2 36 4 39
969 1048 0 9 31 4 48
969 434 2 4 11 4 37
969 1082 4 0 78 4 57
969 915 3 3 80 3 60
970 314 2 6 33 4 49
971 173 4 6 96 3 46
971 976 0 7 70 3 35
971 196 4 2 52 3 44
971 421 4 6 90 3 34
972 205 1 7 36 3 50
973 648 4 6 64 3 50
974 344 2 2 67 3 46
975 1153 1 7 62 3 36
975 92 0 8 52 4 38
975 1083 2 7 57 5 34
976 61 4 7 12 4 59
976 772 2 9 27 4 43
977 549 0 3 2 3 38
977 987 1 9 32 4 52
977 246 2 5 3 4 51
977 934 2 2 28 3 60
978 143 2 1 9 5 36
978 756 0 8 17 4 51
979 909 4 8 82 5 60
979 502 4 3 46 5 54
980 163 0 9 79 5 32
980 26 3 0 88 5 56
980 114 0 5 6 4 59
981 922 0 5 79 3 41
981 1132 2 6 66 5 34
982 202 4 9 48 3 59
983 324 4 5 35 4 37
983 946 4 1 87 4 54
983 735 4 9 64 4 44
984 439 0 6 60 5 57
984 916 0 5 99 4 30
985 989 1 3 68 3 40
985 51 4 8 24 5 56
987 987 3 0 72 5 58
987 876 1 8 35 5 46
987 1146 1 4 39 4 45
987 31 0 4 13 5 39
987 697 0 4 61 5 38
987 852 3 3 57 4 59
990 1122 0 3 38 5 38
991 325 0 2 26 4 31
991 333 2 3 100 4 47
992 431 3 2 86 4 39
992 600 3 8 61 5 32
992 451 3 6 1 5 37
992 257 2 8 41 5 50
992 936 1 1 8 4 47
993 502 0 4 24 3 35
993 1168 3 3 22 5 38
993 311 4 9 90 5 60
993 738 2 0 10 3 47
993 430 2 2 33 4 50
993 758 0 5 54 5 33
994 1108 1 5 83 5 44
994 582 2 8 51 4 52
994 518 1 9 65 3 34
994 738 0 5 66 3 32
995 412 0 9 5 4 31
995 132 0 8 63 5 46
995 18 1 3 95 4 35
995 367 2 2 8 5 37
996 1155 0 9 27 3 34
997 637 4 2 98 5 56
997 954 2 4 28 3 46
997 523 2 1 47 3 56
997 876 3 2 60 3 54
998 227 0 0 21 3 40
998 411 4 1 66 3 46
999 634 3 7 13 3 47
999 196 0 2 97 4 44
999 697 1 3 94 5 32
1000 1051 0 8 20 3 58
1000 408 2 4 77 4 49
1000 623 0 0 82 5 53
1000 135 1 4 84 3 43
1000 230 2 1 76 5 34
1001 386 2 7 1 4 48
1002 1116 4 7 32 5 49
1002 151 3 1 55 4 53
1002 415 2 6 80 5 48
1002 379 2 6 73 4 37
1002 1092 1 2 24 3 45
1003 588 3 3 5 5 52
1004 763 0 3 94 4 30
1004 550 4 1 55 5 42
1005 175 4 3 38 5 53
1007 353 0 4 81 5 38
1007 983 4 4 19 3 33
1007 1051 0 2 80 4 52
1007 373 3 4 71 5 38
1008 379 3 6 81 4 51
1008 9 1 1 46 5 48
1009 1057 2 0 61 3 51
1009 727 3 6 50 3 58
1009 548 0 8 71 5 60
1010 534 0 3 52 3 52
1011 754 4 7 29 5 54
1011 819 2 3 24 3 44
1012 871 0 7 66 4 48
1013 438 2 8 23 5 50
1015 1066 2 7 77 5 42
1015 978 4 0 90 5 59
1016 101 1 4 66 5 51
1016 221 3 5 50 5 39
1016 247 3 2 22 5 35
1016 674 3 5 16 5 54
1016 391 2 6 8 5 44
1017 33 2 8 81 4 35
1017 456 0 5 22 3 49
1017 1140 4 4 42 3 33
1018 955 0 9 87 4 50
1018 429 3 0 45 4 45
1018 749 4 0 9 3 45
1018 174 3 4 27 5 40
1018 1004 2 6 77 3 46
1020 62 2 5 33 5 52
1021 241 2 9 49 3 50
1021 135 3 0 73 5 33
1021 421 1 1 71 5 41
1021 1003 3 9 48 4 41
1021 858 2 0 7 5 33
1022 9 0 7 71 3 39
1022 747 1 1 25 4 44
1022 300 4 3 16 4 44
1023 341 3 2 29 5 44
1023 442 2 8 78 5 54
1023 687 4 6 86 4 51
1023 51 0 1 17 5 31
1024 136 1 3 3 4 38
1024 545 0 1 42 5 49
1024 1109 1 9 3 5 40
1026 205 2 6 44 4 59
1026 1161 0 2 77 5 39
1027 951 2 0 73 5 45
1027 450 2 8 90 4 39
1028 64 2 4 51 4 37
1028 678 0 3 29 5 41
1029 1051 4 2 68 4 46
1029 945 2 4 99 5 44
1029 223 2 3 5 5 57
1030 648 1 6 42 4 40
1030 174 3 7 45 5 36
1030 797 2 6 40 5 52
1031 135 3 2 27 3 37
1032 921 2 2 29 5 54
1032 471 2 4 4 4 47
1032 980 1 4 95 3 59
1033 767 3 6 56 3 45
1034 788 4 0 59 5 48
1034 612 2 6 55 4 35
1034 618 0 3 69 3 55
1034 277 2 4 2 5 36
1035 279 2 6 41 3 59
1035 515 0 1 43 3 36
1035 45 4 2 52 3 60
1035 1185 2 3 52 3 33
1036 475 1 6 54 4 52
1037 895 3 4 45 4 50
1037 445 0 3 71 4 43
1037 824 0 8 19 5 47
1038 1167 4 9 31 3 40
1038 413 1 2 2 4 53
1039 810 1 9 60 5 60
1040 310 4 4 40 3 30
1041 705 2 0 15 4 50
1041 47 3 6 72 3 32
1041 883 2 3 23 3 40
1043 103 2 4 77 3 57
1044 514 1 8 96 4 35
1044 464 0 6 95 4 60
1045 633 3 0 54 3 50
1045 955 3 4 99 5 57
1045 187 4 1 45 5 48
1046 158 1 4 38 5 41
1046 785 2 0 53 4 45
1046 1177 2 8 1 4 56
1046 847 0 2 97 3 51
1046 780 1 7 72 4 51
1048 1187 4 5 98 5 34
1048 610 3 2 46 3 54
1049 643 4 7 4 5 57
1049 536 1 0 50 3 44
1049 761 1 9 33 3 40
1049 428 0 8 92 5 50
1050 1115 4 0 61 3 43
1050 346 1 8 46 5 50
1051 854 2 8 50 3 33
1052 854 0 3 23 5 45
1053 380 3 8 10 4 55
1053 452 1 0 18 4 47
1053 1063 1 5 4 3 32
1053 318 0 7 63 3 38
1053 128 4 7 78 5 37
1053 444 3 6 100 5 47
1054 141 3 5 72 3 36
1055 467 3 3 89 5 44
1055 1003 0 6 59 5 34
1055 1046 2 0 32 5 54
1055 953 4 6 20 5 52
1055 462 0 7 37 5 47
1056 381 3 2 89 3 36
1056 871 4 4 14 4 51
1056 286 2 9 99 3 41
1056 948 3 5 91 5 46
1056 189 0 0 82 5 41
1056 544 2 6 55 4 43
1057 428 4 9 84 3 60
1058 877 2 0 58 5 46
1058 314 1 0 87 4 37
1059 137 3 9 31 4 59
1060 232 2 5 23 5 60
1061 419 1 0 3 4 56
1062 1178 1 9 18 4 34
1062 1024 4 7 3 3 50
1063 542 2 5 23 3 43
1063 644 3 5 94 5 45
1064 385 0 7 2 4 37
1065 1018 0 3 48 3 58
1065 403 4 7 9 5 31
1065 430 0 2 3 4 50
1065 664 3 8 57 5 47
1065 70 3 1 11 5 59
1066 509 2 8 4 5 42
1069 258 4 8 90 4 49
1070 187 3 5 1 5 47
1070 165 0 4 50 4 59
1070 700 4 1 1 4 58
1070 63 2 7 78 5 46
1071 299 3 5 84 3 48
1071 166 0 6 62 5 46
1071 1166 3 0 10 3 38
1072 466 3 4 90 3 31
1072 43 0 3 82 3 53
1072 595 0 4 82 3 42
1072 269 0 5 14 3 49
1072 1026 1 5 61 4 60
1072 793 0 4 55 5 60
1072 601 1 7 3 4 34
1073 427 3 0 73 5 53
1073 520 3 9 25 5 49
1074 845 2 3 81 4 37
1075 1136 1 6 18 4 52
1075 528 3 2 12 3 38
1075 614 2 1 35 5 52
1075 1170 2 6 38 3 30
1076 616 3 8 11 5 48
1077 793 4 6 33 4 51
1077 546 2 2 59 5 43
1078 1079 0 8 33 4 60
1079 408 0 8 50 5 56
1079 1148 3 8 3 3 60
1080 98 2 9 8 5 31
1080 533 1 9 89 3 35
1081 676 1 8 52 5 32
1082 301 2 6 40 5 41
1082 135 4 6 75 3 38
1082 234 4 0 57 5 40
1083 977 1 4 96 5 39
1084 1018 0 1 100 3 44
1085 351 0 9 91 4 47
1085 303 3 4 15 3 49
1085 1038 1 5 63 4 35
1085 714 1 5 6 3 50
1086 714 4 6 95 5 49
1086 516 1 7 82 3 48
1087 676 4 5 83 3 57
1087 549 3 3 49 5 31
1087 667 0 7 76 3 38
1087 807 3 4 68 3 54
1088 207 4 2 84 4 34
1088 352 2 5 97 5 53
1089 289 4 1 98 5 60
1089 953 3 0 49 5 55
1089 778 3 2 74 5 42
1091 753 2 8 6 4 49
1091 412 4 7 5 3 48
1091 846 3 6 49 3 52
1092 61 4 4 84 3 34
1093 616 1 0 50 3 58
1093 694 4 2 28 4 52
1093 1073 2 8 78 5 53
1093 625 0 0 94 5 44
1094 330 4 6 35 5 35
1096 281 3 2 94 5 50
1097 300 0 4 29 4 51
1098 1147 3 4 30 5 43
1098 167 2 5 50 3 44
1098 809 4 6 73 3 52
1100 992 3 4 19 5 40
1100 1129 1 2 92 5 45
1101 915 1 3 47 5 45
1101 746 1 8 76 4 52
1101 1048 3 8 75 3 58
1101 225 4 8 8 5 48
1101 526 3 0 3 3 48
1101 1012 2 3 50 3 56
1102 1190 1 2 35 4 51
1103 61 4 1 82 3 49
1104 1192 0 2 85 3 58
1105 176 4 8 92 3 53
1106 990 1 3 57 5 55
1106 1018 1 5 37 3 31
1106 960 2 0 92 5 53
1106 119 0 6 51 5 47
1106 15 1 2 37 4 55
1107 499 0 7 52 5 41
1107 301 3 6 100 5 35
1108 625 1 9 77 5 57
1108 247 2 8 90 4 50
1109 816 0 9 31 5 53
1109 65 2 3 96 4 37
1109 36 3 3 16 4 44
1110 71 4 6 11 3 31
1110 800 3 0 63 4 48
1111 144 2 6 87 3 42
1111 1162 0 0 47 3 56
1111 211 2 8 2 5 48
1111 16 3 5 31 4 37
1113 763 2 8 19 4 53
1114 445 3 7 20 3 47
1114 415 3 9 81 5 31
1115 892 2 9 37 4 54
1115 904 2 8 69 4 42
1115 863 2 0 95 5 57
1115 1006 1 9 57 3 59
1115 690 1 6 23 3 44
1116 262 2 5 45 5 57
1116 850 1 1 91 4 46
1116 983 3 9 57 5 46
1117 928 2 7 21 4 50
1117 620 4 1 96 5 53
1118 1144 4 5 51 4 60
1119 120 4 5 49 5 54
1119 1080 3 6 78 3 31
1121 1129 2 6 78 5 38
1121 799 1 8 34 5 58
1121 324 2 8 16 4 54
1122 375 2 0 42 5 41
1122 658 1 6 40 4 55
1123 412 4 5 80 5 37
1124 398 0 8 6 4 32
1124 1027 4 5 13 5 43
1124 1066 0 0 38 4 48
1124 550 1 5 57 5 40
1125 1009 2 1 67 3 46
1125 844 1 8 20 4 44
1125 1074 3 4 48 5 38
1126 144 3 3 5 4 47
1126 383 1 5 57 3 35
1126 938 0 8 21 3 30
1127 173 3 8 63 5 42
1127 96 2 2 88 3 34
1127 804 1 3 86 4 37
1127 458 4 0 10 5 47
1127 423 3 8 43 5 53
1128 612 0 1 71 3 32
1128 169 0 8 21 4 33
1128 866 4 8 45 5 53
1129 1120 0 3 2 5 33
1129 502 0 5 54 5 33
1129 312 0 8 67 3 38
1130 913 0 1 7 3 37
1130 373 3 4 8 4 58
1130 753 3 4 22 5 54
1131 1183 0 2 46 4 36
1131 129 0 0 18 4 36
1131 831 0 7 80 5 35
1131 1004 1 4 94 3 39
1131 296 2 8 94 3 36
1131 978 0 9 78 4 44
1132 759 4 6 73 4 52
1132 994 1 7 48 4 48
1134 153 1 6 59 4 48
1134 588 0 6 89 4 45
1135 1154 4 3 25 3 33
1135 382 4 3 17 4 36
1135 734 4 0 33 4 54
1136 861 0 8 20 4 58
1136 287 2 2 12 5 55
1136 1027 1 1 53 4 58
1137 846 4 3 26 3 32
1137 738 4 4 12 4 55
1137 497 1 2 78 4 42
1138 66 1 5 33 5 37
1138 848 3 0 93 4 33
1138 787 0 2 60 3 32
1138 517 0 4 58 4 34
1138 627 1 3 77 4 38
1140 690 3 0 73 3 41
1140 648 0 4 63 5 58
1140 319 0 8 83 4 50
1140 124 3 0 14 5 35
1141 1112 4 1 55 3 60
1143 786 1 5 47 3 58
1143 1093 3 7 49 3 52
1143 147 1 6 6 5 36
1144 1084 1 0 39 5 53
1145 125 1 9 37 3 42
1147 179 0 8 56 3 49
1147 115 1 7 65 4 60
1147 685 0 4 82 4 32
1148 490 1 8 80 3 39
1149 487 3 4 43 3 30
1149 91 0 1 60 3 45
1150 1181 1 6 35 4 48
1150 688 0 7 31 4 56
1150 491 4 7 22 3 50
1150 1151 1 5 38 3 42
1151 1191 2 1 80 4 40
1151 968 3 9 7 3 30
1151 1120 3 6 83 5 33
1151 219 1 7 50 3 39
1151 645 3 2 20 4 34
1151 534 1 5 80 5 57
1151 336 4 8 59 5 60
1151 769 3 1 46 5 55
1152 129 4 7 96 4 31
1152 722 1 0 22 5 34
1152 642 4 1 28 4 40
1153 721 1 0 90 5 52
1153 550 0 1 53 5 43
1153 863 4 0 87 3 36
1153 895 3 6 42 4 51
1155 864 2 7 13 5 46
1155 295 3 5 56 3 45
1155 99 3 0 2 3 54
1155 534 1 4 45 5 49
1156 291 0 5 53 3 56
1156 1062 1 6 81 4 40
1157 816 3 8 61 3 35
1157 1162 1 7 36 3 47
1157 36 2 6 97 3 39
1158 638 4 8 76 4 31
1158 841 2 2 68 4 54
1158 150 4 3 84 3 37
1158 616 1 1 16 3 55
1159 4 2 1 17 5 34
1159 823 3 3 41 4 34
1160 987 3 2 91 5 32
1160 477 4 3 66 4 45
1161 369 4 5 88 5 60
1162 35 4 7 11 3 51
1163 1090 3 2 68 3 43
1163 775 0 8 6 3 59
1163 409 4 6 83 5 31
1163 700 2 2 31 4 49
1164 99 4 3 89 4 51
1165 261 1 9 2 5 55
1166 646 4 5 42 4 30
1167 1052 0 2 68 4 39
1168 719 2 7 76 5 48
1168 498 2 3 5 4 60
1169 855 1 1 25 4 56
1169 418 4 7 44 4 51
1169 1187 2 6 45 4 42
1169 409 0 5 22 5 35
1169 603 0 7 48 5 52
1169 904 3 4 47 3 42
1170 1183 2 1 91 5 56
1170 235 0 1 40 5 38
1170 891 2 5 13 3 36
1171 581 3 3 83 3 55
1171 461 0 1 87 3 55
1171 190 2 0 50 5 32
1172 1033 0 1 49 5 53
1172 771 2 5 62 3 45
1173 392 1 5 25 3 32
1173 162 4 4 30 5 38
1173 1135 3 3 63 5 40
1173 317 4 9 19 5 32
1174 677 1 8 4 5 46
1174 1168 0 9 75 4 54
1175 30 1 7 46 5 56
1175 348 1 9 100 4 57
1175 616 2 7 12 5 58
1175 190 3 5 4 5 50
1176 349 3 4 37 3 47
1177 757 4 7 79 3 38
1177 969 2 3 69 4 43
1177 589 3 6 44 5 56
1179 985 1 1 96 3 36
1180 861 3 0 16 5 56
1180 709 1 0 88 5 40
1180 150 0 1 31 3 36
1180 132 1 2 9 5 52
1181 303 3 3 76 4 57
1181 1108 1 5 29 3 55
1181 302 4 8 46 4 48
1181 227 0 9 54 3 55
1181 983 4 4 75 3 32
1182 646 0 0 14 5 40
1182 624 1 6 81 3 32
1182 449 4 6 62 5 52
1182 144 1 1 62 3 43
1184 822 4 2 76 5 51
1185 470 0 8 7 4 31
1185 940 4 2 59 4 35
1185 761 1 5 35 5 42
1185 647 2 3 76 5 45
1186 721 4 2 13 5 41
1186 782 0 0 63 4 51
1186 1191 2 8 35 3 33
1187 859 3 8 90 4 32
1187 685 3 5 27 4 44
1188 1062 0 3 49 4 34
1188 109 3 8 82 5 40
1189 1014 3 6 60 5 60
1190 839 0 0 53 5 57
1190 799 0 5 43 3 46
1191 456 4 8 52 5 35
1191 515 1 7 27 5 33
1192 585 3 7 53 3 49
1192 474 3 3 19 5 34
1192 793 2 9 59 3 51
1192 176 1 7 56 5 38
1192 1064 0 5 75 5 48
1193 66 1 8 38 3 30
1193 313 4 2 68 4 31
1193 1093 4 3 62 4 50
1193 132 3 4 57 3 38
1193 992 0 3 40 3 52
1193 292 1 2 26 4 32
1193 620 1 1 56 3 35
1194 698 1 3 28 5 37
1195 1124 1 2 35 5 34
1195 932 4 5 18 4 45
1195 437 3 9 96 4 47
1195 208 4 6 97 4 52
1195 534 1 5 72 3 41
1196 661 1 1 78 3 37
1196 545 3 9 3 4 36
1197 420 3 4 67 5 48
1197 464 3 9 52 3 36
1197 1136 3 8 61 4 43
1198 1194 4 5 7 3 36
1198 579 4 5 50 4 49
1198 1046 3 0 92 4 45
1198 853 4 3 68 4 47
1198 634 4 2 59 5 39
1198 540 3 1 4 4 41
1199 168 3 3 92 4 39

