10

5
0 20 20 20 20 20 20 20 20 20 20
1 20 20 20 20 20 20 20 20 20 20
2 20 20 20 20 20 20 20 20 20 20
3 20 20 20 20 20 20 20 20 20 20
4 20 20 20 20 20 20 20 20 20 20

25
300 1200 985 6 4
0 126 7 2
1 106 3 6
2 130 10 8
4 126 4 4
5 120 6 6
9 127 2 9
1200 900 925 6 1
0 144 5 5
1 144 5 3
3 139 2 1
4 117 4 4
6 136 4 1
9 100 10 5
1200 0 871 6 1
2 127 3 3
4 125 2 3
5 149 10 7
7 122 4 2
8 138 1 9
9 112 7 3
900 300 844 6 2
0 133 1 3
1 107 8 9
4 121 1 2
5 136 2 2
6 121 5 2
7 142 5 1
900 1200 806 6 2
0 117 2 7
2 106 4 4
3 112 4 2
4 119 3 9
6 124 3 2
8 128 8 1
1200 600 845 6 2
1 119 3 2
3 100 5 1
4 124 6 5
5 125 8 2
6 104 10 8
9 113 1 9
0 1200 817 6 0
0 118 10 2
2 100 1 4
4 147 4 10
5 125 10 2
8 137 6 5
9 128 1 3
1200 300 959 6 0
0 137 8 6
1 114 4 5
4 128 6 7
6 113 10 1
7 122 3 2
8 147 6 1
1200 1200 994 6 3
1 149 1 3
2 143 6 6
3 133 3 1
4 114 7 9
7 128 4 7
8 124 9 5
0 300 929 6 0
1 129 4 8
2 108 6 6
4 140 9 3
5 140 9 2
7 147 5 1
9 133 4 6
0 900 900 6 2
0 136 2 3
2 121 5 4
3 149 6 2
4 109 5 5
7 106 3 5
8 104 8 1
900 0 929 6 0
0 145 5 9
1 135 7 3
2 129 8 9
6 130 3 3
7 112 4 5
8 107 4 8
900 600 902 6 3
1 130 2 6
3 133 4 3
4 135 10 6
6 118 3 1
7 121 7 3
8 118 9 3
300 300 930 6 1
0 126 10 2
1 134 4 10
2 143 8 8
4 126 1 3
8 111 2 8
9 145 10 10
600 900 991 6 4
1 128 7 6
2 150 4 9
3 146 3 9
4 103 8 2
8 132 1 5
9 101 5 6
600 300 867 6 4
0 103 10 3
1 110 4 2
4 146 8 7
5 102 1 10
6 148 4 7
8 134 9 8
600 0 823 6 3
1 109 10 2
3 147 1 6
4 111 4 3
5 114 5 1
7 107 1 4
8 127 9 10
300 600 896 6 2
0 100 2 9
2 132 9 8
4 111 3 4
5 135 6 3
8 109 5 2
9 110 9 5
0 0 919 6 4
0 148 6 5
1 123 1 5
2 145 1 8
3 100 6 5
8 144 8 8
9 150 5 1
300 0 806 6 1
0 139 5 2
1 141 7 2
4 101 7 1
6 116 1 9
7 137 2 1
8 120 2 8
300 900 910 6 3
0 128 4 6
1 123 9 2
3 145 9 2
5 145 2 4
8 116 10 8
9 129 8 1
600 1200 810 6 4
1 135 10 10
2 136 4 4
3 115 5 1
7 108 6 10
8 147 10 8
9 146 6 8
900 900 926 6 1
0 118 3 10
1 137 10 9
3 111 1 4
4 116 3 9
5 102 9 1
9 140 2 4
600 600 827 6 3
0 115 5 6
3 119 4 6
4 131 7 2
6 113 4 4
7 146 8 8
8 141 6 3
0 600 916 6 0
0 113 10 10
1 147 9 1
2 130 5 1
6 106 9 8
7 102 4 2
8 142 1 3

4000
0 970 4 1 23 4 41
0 1113 1 0 31 4 37
0 236 2 1 42 4 47
0 475 1 0 20 4 33
1 312 3 3 82 3 44
1 496 3 1 73 3 38
2 616 2 2 14 3 40
3 1082 0 1 35 5 45
3 320 3 2 8 4 53
3 1198 0 8 19 4 50
4 626 1 6 72 4 60
4 5 4 3 23 5 60
5 986 1 1 42 3 38
5 416 0 4 28 5 46
5 923 1 2 26 5 53
6 18 2 1 2 4 53
6 750 4 3 90 5 54
6 856 0 4 94 4 38
6 169 0 2 36 3 37
7 315 3 7 32 3 44
7 909 1 2 67 3 49
8 747 2 0 44 3 52
8 82 1 4 86 5 31
8 1063 4 6 52 3 43
8 654 3 9 85 3 44
8 973 1 5 89 3 46
9 434 1 9 94 4 40
9 824 0 0 94 5 40
9 832 3 2 81 3 31
9 156 0 4 82 5 58
9 1172 0 8 23 4 51
10 234 1 3 38 3 43
10 1197 1 2 59 4 46
10 0 2 4 10 4 49
10 63 0 5 5 3 36
10 1157 1 4 39 3 41
12 464 1 3 51 3 34
13 46 2 6 4 4 51
13 614 4 8 22 5 56
13 845 0 9 63 3 47
13 97 0 8 88 4 48
13 522 1 6 67 4 55
13 905 0 9 73 3 30
14 741 4 4 13 5 41
14 1133 1 3 94 5 36
14 299 3 3 38 3 55
14 117 3 6 4 4 56
15 673 2 7 78 5 42
15 1098 3 1 14 4 47
15 297 1 9 95 3 56
16 860 1 3 74 3 31
16 805 1 7 31 5 41
16 1163 4 0 13 5 40
16 144 2 9 18 4 33
16 219 3 3 57 5 33
17 820 3 9 82 5 37
18 421 3 2 35 5 36
18 49 3 3 78 5 55
18 863 0 5 23 4 50
19 438 1 4 32 3 42
19 383 2 1 7 5 60
19 413 4 6 48 5 54
19 54 1 9 32 5 50
20 768 4 4 26 3 39
20 123 2 3 30 4 53
21 806 4 4 79 4 32
21 347 2 2 44 3 36
21 736 4 5 44 3 51
21 289 4 9 28 4 32
21 97 0 4 24 3 34
22 125 0 5 53 4 46
22 95 1 1 93 5 47
22 202 0 9 91 5 46
23 1143 1 7 75 3 31
23 744 4 3 98 3 39
23 241 0 2 35 4 35
23 202 0 3 24 4 35
23 1133 1 8 40 5 31
23 248 4 2 97 4 33
23 41 2 9 22 3 48
24 1129 4 2 64 5 40
24 805 2 7 2 3 36
25 451 4 9 27 5 58
25 743 1 3 59 3 51
25 349 4 4 86 5 32
25 1102 2 7 92 5 33
26 591 2 5 90 5 45
26 1141 2 6 12 4 32
27 721 3 6 24 4 38
27 1050 4 9 82 3 33
27 374 2 4 34 3 31
27 563 4 3 36 4 38
28 944 0 6 83 5 57
28 99 4 3 49 3 40
28 1110 1 0 54 5 54
28 314 0 9 32 5 59
28 13 2 0 28 3 35
28 959 2 4 24 4 60
28 61 1 4 60 4 58
28 67 4 6 86 4 32
29 947 0 1 77 3 31
29 373 1 9 80 4 40
29 1031 4 3 8 5 32
30 880 2 4 36 5 46
30 190 4 7 20 3 33
30 408 2 9 93 3 48
31 67 3 6 16 5 31
31 894 1 6 62 3 57
31 1119 1 7 65 3 45
32 801 4 2 91 4 44
32 733 2 9 95 3 44
32 625 3 6 37 3 53
32 93 3 4 65 5 33
32 713 2 2 15 3 54
32 848 3 6 45 5 35
32 659 3 0 25 5 45
33 422 4 4 7 4 42
33 308 0 3 59 3 57
33 68 0 9 6 5 44
34 642 3 9 53 3 48
34 772 4 8 82 4 46
34 349 1 4 56 3 33
34 549 3 6 99 3 42
35 1015 4 7 91 3 50
35 143 2 5 5 3 40
35 1053 4 0 42 4 50
36 739 3 9 54 3 40
36 756 1 0 26 4 50
36 1123 3 5 78 5 52
37 477 0 9 11 5 45
37 136 3 3 54 4 41
38 1051 1 2 34 4 42
38 298 2 7 65 3 34
38 510 4 2 87 4 35
38 952 2 1 13 3 47
39 1079 4 0 53 4 41
39 202 2 1 91 5 54
40 1143 3 4 93 5 40
41 384 0 0 74 3 48
41 140 2 9 73 4 30
41 1083 3 7 51 5 48
41 177 4 2 89 5 51
41 533 2 0 20 3 42
41 482 0 5 14 5 39
42 711 4 4 48 5 33
42 521 3 7 68 4 51
42 254 3 4 82 4 34
42 1136 4 1 65 4 55
43 626 4 2 69 5 39
43 602 4 9 96 3 34
44 220 2 5 89 3 46
45 800 1 9 45 3 49
45 396 0 0 50 4 45
45 1122 0 9 29 5 35
45 965 0 0 44 4 55
45 644 3 5 51 5 31
45 237 2 4 76 3 50
45 977 2 0 99 5 36
46 770 4 6 3 3 51
46 224 1 3 25 3 56
46 89 3 2 31 3 60
46 219 3 9 52 4 58
46 308 2 3 89 5 53
46 112 4 7 29 4 46
48 250 0 8 28 5 32
48 166 0 6 85 4 40
48 456 2 0 8 4 40
49 590 1 2 59 4 48
49 218 4 7 10 5 51
49 27 1 0 50 5 47
49 279 3 8 18 5 31
49 203 4 9 45 4 53
49 1150 0 0 99 3 50
49 71 2 2 83 5 46
49 600 2 4 3 5 57
50 681 1 9 30 4 37
50 758 4 1 34 3 51
50 368 3 5 74 3 53
50 175 4 3 34 3 43
50 1079 3 5 28 4 41
51 363 4 2 83 3 57
51 1083 1 3 38 4 43
52 1077 1 1 53 3 53
53 1121 4 6 91 5 41
53 705 2 1 34 4 35
53 1100 1 5 46 4 60
53 278 0 4 32 4 40
53 1017 1 8 75 5 39
54 321 3 5 32 5 38
54 961 2 6 82 5 38
54 380 4 9 39 5 43
54 293 0 6 66 3 45
54 1083 0 3 91 5 59
55 17 0 8 48 5 37
55 507 0 3 50 3 44
55 1062 2 4 9 4 43
55 796 3 5 50 4 53
55 1046 0 8 42 5 58
55 575 2 0 75 4 33
56 512 4 9 8 4 50
56 702 3 5 53 4 60
56 1044 2 7 15 4 57
56 60 4 2 94 5 31
56 583 3 8 68 3 42
56 1078 4 7 97 4 31
56 1196 1 7 9 3 57
56 949 0 6 64 5 52
57 1066 2 4 58 4 30
57 186 3 4 97 5 47
57 1041 0 3 10 5 60
58 241 2 6 58 5 49
58 475 1 5 75 4 37
58 974 3 4 73 4 34
58 1044 2 9 31 4 58
58 651 1 8 94 3 53
58 165 2 7 66 5 46
58 126 0 3 19 4 51
59 51 3 4 74 3 55
59 1069 0 9 26 4 30
59 198 3 7 68 4 42
60 1110 2 8 25 3 33
60 695 3 0 23 3 51
60 479 0 4 23 5 53
61 299 3 0 33 3 60
61 337 4 1 42 3 51
61 238 1 7 44 3 47
61 828 3 5 25 5 54
62 289 2 2 65 3 55
62 840 1 2 89 3 48
62 909 0 8 24 5 44
62 733 0 0 89 5 30
62 1189 1 7 7 4 52
63 694 3 9 90 3 47
63 617 3 5 88 3 48
63 38 3 1 85 4 43
63 242 2 0 95 5 60
63 957 2 0 91 3 35
64 1109 2 4 64 4 32
64 124 3 2 73 3 59
65 1045 4 5 53 3 30
65 640 4 7 89 3 49
66 689 2 8 41 5 60
66 888 1 7 47 5 49
68 859 2 3 13 3 60
68 1029 1 8 9 3 35
68 800 2 7 9 5 52
70 5 0 2 70 3 43
70 707 0 0 12 3 50
70 428 1 9 12 3 51
71 756 1 8 84 5 41
71 182 4 5 83 4 56
71 828 2 4 11 4 41
71 185 2 8 17 5 47
71 1126 3 8 27 5 45
71 456 0 7 66 5 49
72 86 0 0 32 5 51
72 168 0 4 99 3 36
74 859 2 6 29 4 57
75 779 4 6 25 4 52
75 1097 0 3 83 4 48
75 1009 1 9 66 5 49
75 173 0 2 17 3 31
75 336 2 9 54 4 42
76 321 2 9 66 5 53
76 417 3 1 1 4 39
78 1010 3 0 98 5 51
78 153 3 4 55 3 50
78 226 4 8 4 5 48
79 422 1 5 80 3 42
79 237 0 1 46 5 55
79 464 1 1 81 4 40
79 683 3 2 5 3 55
80 719 1 5 62 3 38
81 311 3 4 95 3 60
81 197 0 3 91 4 37
81 575 4 0 18 5 34
81 981 3 0 56 5 46
82 424 1 6 49 3 33
82 929 2 7 43 4 55
82 272 4 9 77 3 43
82 263 2 1 25 3 58
83 999 3 8 5 3 35
84 172 3 2 95 4 59
84 242 1 9 6 3 46
84 1181 4 1 49 3 35
84 649 1 6 49 3 47
84 922 3 0 51 5 55
85 242 3 3 43 3 35
85 726 2 5 19 3 51
85 1089 4 9 58 5 49
85 307 3 9 75 4 36
85 935 3 8 99 3 52
85 1000 1 0 8 5 34
86 535 3 9 93 5 48
86 658 4 4 14 5 47
86 362 0 9 14 4 41
87 994 3 9 2 5 43
87 145 4 2 69 3 60
88 135 4 9 6 4 32
88 207 1 0 32 5 39
88 1066 1 6 87 4 40
90 826 1 8 51 5 55
90 325 1 6 47 3 45
90 545 2 2 87 5 45
90 481 4 5 96 5 34
91 864 0 3 61 3 36
91 239 0 3 63 4 53
91 570 2 7 3 5 38
91 133 0 1 82 4 40
91 975 0 8 12 3 57
91 511 1 7 65 5 33
92 528 2 4 48 5 35
92 322 4 1 45 3 50
93 1140 0 7 79 4 49
93 621 2 4 72 4 40
93 1119 4 9 79 4 44
94 320 1 0 74 5 57
94 1101 0 2 64 3 49
94 41 3 2 65 3 34
94 784 4 7 99 4 36
96 941 3 7 12 4 32
97 1046 2 2 22 5 59
97 82 2 3 74 5 44
98 257 3 6 42 3 31
98 46 1 2 1 5 54
99 443 4 8 30 5 52
99 902 4 7 68 5 38
99 638 0 3 1 4 54
99 1139 1 6 19 5 44
99 242 3 1 77 5 42
100 476 4 5 57 4 32
100 765 4 9 12 5 31
100 661 0 8 95 3 54
100 472 2 3 39 3 53
100 202 0 5 29 5 43
100 365 4 8 36 5 58
101 431 0 5 20 3 32
102 835 2 4 15 3 55
102 1 4 1 94 3 31
102 189 3 0 73 5 36
102 33 4 2 43 3 30
102 1128 1 5 38 5 37
102 151 0 8 1 4 56
102 62 1 0 48 5 48
103 1139 0 9 99 5 32
103 1037 4 5 87 4 49
103 108 0 8 56 5 49
103 1194 2 0 92 3 57
103 175 0 3 9 4 42
103 1059 3 3 37 4 47
103 729 3 9 83 5 45
104 638 0 3 35 4 37
104 266 2 9 2 5 30
104 339 2 4 76 4 33
104 492 0 0 66 3 32
105 727 3 9 16 5 59
105 96 4 7 16 3 36
105 932 4 0 15 5 37
106 443 4 8 16 3 51
106 1175 2 0 22 5 47
106 785 0 1 66 3 49
106 1018 3 9 58 5 31
106 1069 2 0 56 4 56
106 378 0 4 61 5 58
106 820 0 8 86 3 60
106 104 3 1 31 4 55
107 1191 2 6 31 4 38
107 579 3 5 79 5 52
107 310 0 9 87 4 44
107 799 1 3 68 4 33
107 758 2 3 63 3 60
107 562 1 1 86 5 48
108 690 3 1 33 3 42
108 1154 4 4 16 5 55
108 143 4 4 99 4 47
108 24 3 3 77 3 43
108 953 0 0 51 3 47
108 1132 3 5 49 3 50
109 27 4 6 37 3 32
109 416 0 8 33 4 52
110 62 1 2 100 4 57
110 694 0 2 77 5 59
110 472 1 1 86 4 60
110 390 4 9 33 3 40
110 929 0 6 15 3 35
111 164 1 2 61 5 54
111 1076 2 5 52 5 34
111 535 0 5 50 5 34
111 721 3 8 12 5 48
111 888 4 6 66 5 32
111 961 3 9 90 3 59
112 824 2 1 71 4 38
112 804 2 3 67 5 36
112 1062 2 5 56 4 60
112 1162 1 6 26 5 33
113 1069 3 6 52 5 34
114 425 0 0 63 5 54
114 69 0 4 74 3 37
114 149 2 5 4 3 56
114 1031 3 3 100 4 59
115 69 3 7 40 5 56
115 1053 0 1 29 4 37
115 1037 4 0 39 5 34
115 1121 1 1 62 3 30
116 935 4 4 85 4 39
116 1040 0 3 51 4 35
117 179 3 6 5 3 52
117 197 4 6 42 5 43
117 764 3 0 64 4 48
117 262 1 3 15 5 44
118 323 1 8 64 3 35
118 148 3 1 97 3 33
119 369 1 9 70 3 40
119 144 1 8 40 5 43
120 1145 3 6 50 4 56
120 155 2 8 78 5 33
120 384 1 6 3 4 46
120 849 4 7 92 5 50
121 117 4 3 31 3 54
121 177 3 9 31 4 60
122 700 4 8 23 3 43
122 69 4 6 34 4 33
122 964 1 3 87 4 36
122 970 0 4 81 5 36
123 57 2 3 71 3 57
123 970 2 7 8 3 60
123 621 0 9 15 3 53
123 76 4 5 51 3 51
123 1179 1 7 77 5 47
124 57 3 1 81 4 34
124 338 3 1 8 4 56
125 691 3 7 44 3 45
125 363 2 2 94 5 52
125 947 1 5 56 4 59
125 1195 0 3 24 3 31
125 506 0 6 99 4 34
126 821 4 8 37 5 55
126 941 3 3 41 5 53
126 1059 4 0 87 4 50
126 460 1 1 7 3 39
126 345 0 9 87 5 55
127 1054 0 9 83 4 43
127 624 3 5 40 3 51
127 636 1 1 43 5 45
129 864 3 3 73 3 34
129 868 0 6 8 3 56
129 801 3 8 8 4 46
129 171 0 6 34 5 48
129 832 1 5 63 3 52
129 748 4 7 26 3 37
130 1039 4 2 90 5 44
130 1030 2 7 18 3 46
130 1055 3 8 17 4 43
130 1118 0 6 1 3 37
130 194 1 2 97 4 45
131 1145 0 9 31 3 38
131 1082 4 0 5 4 41
132 605 4 0 56 4 30
132 1007 3 9 23 3 43
132 803 0 3 98 4 58
132 287 4 3 22 3 57
132 678 2 6 89 3 42
133 516 4 9 2 3 50
133 800 1 8 74 5 59
133 584 4 0 76 5 59
133 740 3 7 100 4 41
134 454 4 1 23 4 54
134 566 2 3 55 3 37
134 748 4 9 11 4 53
134 132 0 8 90 5 53
134 1050 3 7 33 4 35
134 493 1 5 33 3 43
135 1133 0 6 11 3 32
135 466 1 6 12 5 35
136 854 4 4 25 4 37
136 443 1 0 14 3 34
136 161 0 2 7 4 52
136 463 2 7 80 4 57
136 381 1 5 81 4 34
136 328 4 6 72 5 47
136 960 2 7 84 4 51
136 1179 4 1 88 3 50
136 415 3 8 64 5 37
136 479 0 3 38 3 53
137 701 3 3 85 3 33
137 742 3 7 80 3 53
137 10 0 7 39 5 35
138 163 3 1 68 5 60
138 39 2 8 96 5 54
139 856 4 2 59 3 57
139 1124 2 1 96 5 36
139 1094 2 8 47 4 34
139 615 2 9 38 3 58
139 830 4 0 84 3 43
139 534 2 8 74 5 37
140 305 4 3 4 5 39
140 1111 1 2 56 4 45
140 676 3 1 60 3 46
140 1156 0 9 23 5 48
140 809 3 9 1 4 42
141 201 1 3 36 4 60
141 1082 2 9 6 3 39
142 1015 0 6 1 5 54
143 118 0 3 78 5 32
143 341 2 2 36 4 40
143 185 3 5 95 5 58
143 491 3 7 100 5 53
143 216 3 4 54 5 57
143 1013 2 2 15 3 48
144 615 1 5 75 4 59
144 1127 1 0 73 5 49
144 606 0 6 93 5 54
144 1052 4 3 99 5 48
144 659 1 2 83 4 30
144 468 0 9 83 5 60
144 785 1 5 16 3 54
144 944 1 1 93 5 41
145 960 2 7 46 5 30
145 1151 0 4 85 4 48
145 921 3 3 54 3 39
145 860 1 7 61 4 36
146 297 0 5 11 5 42
146 61 1 7 22 5 57
146 472 4 6 35 3 50
146 775 4 0 9 5 53
147 956 4 1 84 4 42
148 1018 3 4 55 4 39
149 33 4 3 12 4 52
149 46 3 6 45 5 38
150 80 2 4 52 4 44
150 560 4 7 19 4 51
150 803 2 5 15 5 55
150 89 0 1 22 3 52
151 693 2 9 35 5 33
151 109 0 1 12 5 37
151 298 4 4 28 5 42
151 223 1 8 41 4 42
151 1128 4 6 24 3 34
151 1163 1 3 93 5 56
152 1022 3 0 44 4 57
152 936 4 8 44 4 33
152 194 0 2 48 5 49
152 180 1 9 23 3 40
153 747 1 1 73 5 49
154 285 1 3 39 4 52
154 1 0 0 72 4 35
154 779 4 2 51 4 48
155 102 3 8 94 3 48
155 892 1 0 15 4 58
155 194 1 6 87 4 37
156 133 1 3 3 3 33
156 558 3 1 1 5 51
157 847 1 9 48 5 59
158 69 2 1 88 5 42
158 687 1 9 74 4 45
158 740 4 2 91 5 39
159 1177 4 7 17 5 52
159 685 3 7 57 5 44
159 535 4 4 65 3 43
160 10 4 6 86 3 58
160 506 2 8 6 5 41
160 810 2 1 65 5 50
161 758 4 7 50 3 37
161 593 0 3 52 5 45
161 1094 0 2 97 3 38
161 64 0 1 81 5 47
162 141 3 7 8 3 30
162 255 1 9 74 4 57
162 455 3 9 34 3 44
163 379 3 3 33 4 49
163 807 4 7 53 5 33
163 724 2 0 91 3 57
163 727 1 4 88 3 36
163 372 0 0 34 3 52
164 764 1 2 55 4 30
164 336 4 3 79 3 35
164 566 3 3 61 4 39
164 780 4 6 99 3 39
164 500 3 2 32 3 56
164 423 2 8 16 4 46
165 440 0 1 91 3 40
165 964 3 6 29 5 30
165 558 1 1 88 5 36
166 39 1 0 53 4 52
166 149 2 9 6 5 58
166 470 1 9 83 5 49
166 131 3 2 8 3 42
167 947 0 6 82 5 45
167 997 2 7 89 4 42
167 422 2 4 40 3 38
167 470 1 7 76 5 44
167 469 2 2 12 5 39
168 709 2 0 60 3 39
168 326 1 9 24 5 32
168 887 2 2 3 3 41
169 918 4 6 29 5 57
169 280 0 4 4 5 54
170 548 0 0 6 4 49
170 265 4 6 72 5 42
170 108 3 1 84 3 46
170 850 4 4 81 3 48
171 13 2 0 55 4 59
171 1024 0 3 70 5 46
171 404 2 3 34 4 30
171 1027 0 7 19 4 40
172 1183 2 5 58 4 39
172 454 3 5 6 3 39
172 1185 1 7 46 4 30
172 711 0 6 95 3 36
172 1165 0 7 79 4 43
172 282 1 4 83 5 30
173 102 4 4 35 5 51
173 199 2 3 6 4 54
173 361 1 1 80 4 38
173 337 0 6 45 3 58
174 230 1 3 29 3 46
174 479 3 1 86 4 50
175 276 2 0 79 3 49
175 820 2 1 78 5 41
176 175 4 6 63 5 41
176 885 2 8 56 4 60
176 379 0 5 10 3 59
176 49 0 1 87 5 55
176 1076 1 5 83 4 56
177 543 2 8 68 5 43
177 327 3 9 6 5 31
177 874 4 0 56 3 31
178 295 3 0 34 5 57
178 1018 0 2 27 5 52
178 375 2 8 52 4 35
178 476 2 5 16 4 41
180 751 3 5 36 4 37
180 13 3 4 37 4 52
180 247 0 3 38 4 35
181 585 2 8 85 4 46
181 461 3 2 99 4 32
181 182 2 5 64 3 50
181 195 1 4 88 3 52
182 448 0 5 58 3 59
182 193 2 5 9 3 41
182 466 1 4 80 3 34
183 1018 0 8 4 3 57
183 337 3 2 40 3 58
183 215 3 6 72 3 35
183 1033 1 9 77 4 53
184 348 1 4 12 3 30
184 287 0 9 27 3 47
185 297 0 3 32 3 56
185 212 3 6 48 3 57
185 1077 2 9 46 4 50
186 101 0 3 87 5 51
186 815 3 8 54 3 41
186 396 2 4 40 3 52
186 857 0 8 41 3 58
186 590 1 7 40 3 34
186 650 4 2 14 5 39
187 25 4 6 94 3 37
187 363 0 6 34 4 32
187 1101 4 9 62 5 30
187 770 1 1 23 3 36
187 245 0 0 68 4 37
188 975 4 4 57 4 51
188 1163 3 0 99 3 59
188 217 4 7 38 3 48
188 463 2 4 27 5 35
189 151 4 1 36 3 33
189 218 0 6 35 4 37
189 623 0 9 55 5 51
190 88 0 3 58 5 34
190 950 3 1 70 3 54
190 798 1 2 93 4 45
191 197 2 1 68 3 52
192 300 3 3 64 3 50
192 963 4 8 98 5 46
193 748 4 3 23 3 32
193 387 1 8 95 3 45
194 311 2 1 9 3 52
195 359 4 0 84 4 41
195 48 4 4 3 4 42
195 817 2 4 43 4 50
195 381 1 6 95 4 55
195 735 4 9 36 4 32
195 844 1 8 100 5 59
196 505 0 6 78 4 60
196 535 2 9 2 3 52
197 1185 0 3 28 4 39
197 105 2 6 23 3 31
198 546 2 7 9 3 49
199 1156 2 9 35 5 51
199 324 4 8 8 3 36
199 1023 4 5 56 5 31
200 46 1 4 18 4 51
200 894 3 8 56 3 50
200 159 2 8 75 3 42
200 646 0 5 68 5 55
200 520 1 6 31 4 58
201 669 2 9 61 3 43
201 1064 0 0 3 3 42
201 341 0 9 24 4 34
201 111 0 5 93 5 45
202 86 3 1 75 3 44
202 55 2 2 29 5 41
203 288 0 6 91 4 52
203 899 1 4 5 4 37
203 700 3 1 100 3 33
203 773 1 5 12 3 33
203 1051 2 1 15 4 40
204 507 2 3 82 3 55
204 1031 3 8 14 4 33
205 83 1 4 80 3 35
205 815 1 1 76 3 47
205 1020 3 3 26 4 30
205 743 4 9 26 4 46
206 1199 0 3 58 4 60
206 910 4 2 42 4 51
206 1061 2 2 36 3 52
207 428 4 4 35 5 51
207 636 1 6 64 3 53
207 1028 3 3 22 4 56
207 839 2 2 47 3 49
208 196 3 9 32 3 47
208 430 4 1 60 4 44
208 468 0 4 65 5 41
208 1119 4 7 53 4 36
208 653 4 6 4 4 38
208 987 4 3 35 5 46
208 955 0 3 99 4 57
209 1139 0 5 96 3 38
209 927 4 2 94 5 60
209 1101 2 9 90 5 30
212 1137 3 6 86 4 45
212 200 2 2 17 4 45
212 105 1 0 92 4 58
213 1149 3 5 87 4 47
214 431 2 6 60 5 59
214 689 3 8 65 3 58
214 466 0 3 31 5 50
214 478 4 1 55 3 42
215 813 3 4 19 5 51
215 962 1 9 31 3 46
215 673 1 7 52 5 38
215 796 4 2 38 4 50
216 28 1 8 25 5 51
216 919 4 3 98 4 43
217 1190 1 8 32 4 46
217 377 3 5 69 4 38
217 803 3 1 49 3 59
217 762 4 4 85 3 50
217 316 0 7 42 3 32
217 409 3 0 36 5 50
218 1133 3 7 31 4 30
218 903 4 2 61 5 49
219 180 4 9 67 5 37
219 945 4 4 70 3 56
220 110 4 0 14 4 48
220 238 4 7 84 4 57
220 298 3 6 75 4 46
220 804 1 5 65 3 49
221 314 1 9 6 4 39
221 541 1 6 3 5 44
221 485 2 4 64 4 58
221 656 3 7 67 5 38
221 41 4 2 37 5 60
222 117 2 2 11 3 38
222 579 0 0 65 5 40
222 491 1 0 37 5 46
223 429 1 7 21 3 32
223 558 3 5 100 3 55
223 637 1 5 4 3 57
223 638 4 5 47 5 35
223 311 2 9 89 4 31
223 272 4 9 30 3 34
224 982 3 4 60 5 48
224 0 1 0 40 3 38
224 1063 1 6 34 4 32
225 614 3 6 81 5 39
225 894 0 9 20 5 41
226 130 3 1 80 3 57
226 570 1 0 57 5 30
226 756 3 7 60 5 56
226 345 3 3 93 3 54
226 513 1 1 36 5 37
226 1068 1 6 19 5 54
227 506 0 5 36 3 46
227 320 3 8 68 5 51
227 426 1 2 55 5 57
227 655 3 5 25 4 38
227 104 3 5 47 5 59
227 729 2 9 19 4 60
228 63 3 2 9 3 35
228 139 0 4 56 4 34
228 913 0 6 13 3 49
229 325 4 7 18 5 37
229 15 1 3 48 3 30
230 481 4 8 10 4 51
231 744 1 1 5 4 45
231 669 4 4 16 4 40
231 567 1 2 39 4 32
232 430 0 6 6 5 42
232 635 2 6 13 4 41
232 901 3 2 99 3 31
232 1010 1 7 21 5 36
233 767 2 0 51 5 39
233 56 3 8 79 3 42
233 80 3 1 87 3 59
233 344 3 5 29 4 31
233 845 0 8 8 4 58
234 81 3 0 37 5 57
234 929 3 3 27 3 45
235 888 0 3 42 3 31
235 284 4 5 47 4 40
235 520 2 1 41 5 40
235 171 3 9 20 4 48
236 844 0 9 24 4 49
236 533 0 8 62 5 52
236 818 4 7 71 3 32
236 342 0 9 78 3 40
236 972 2 5 31 3 53
236 1012 1 6 70 5 41
237 224 4 4 84 3 32
237 861 2 2 88 3 43
237 781 4 1 15 3 52
237 12 4 5 100 5 36
238 502 4 1 94 4 59
238 657 1 8 89 4 56
238 246 1 2 98 4 35
238 215 4 0 69 3 53
238 484 2 4 15 3 46
239 160 4 5 43 5 45
239 108 1 5 12 4 40
240 454 2 2 66 5 44
240 1014 4 9 56 4 34
240 735 1 4 52 5 42
240 1182 4 1 76 3 42
240 672 0 2 92 4 60
241 561 3 7 16 3 58
241 133 1 7 48 4 38
241 270 0 8 13 5 38
241 1072 0 4 31 5 30
241 312 1 7 3 5 32
242 605 3 4 57 5 48
242 72 0 4 90 5 38
242 1026 2 8 22 4 52
242 414 0 1 76 5 49
242 929 0 8 53 5 35
242 214 3 4 69 4 53
242 320 0 2 63 3 37
242 1051 1 1 51 3 60
242 109 1 1 20 4 42
242 2 1 0 66 3 40
243 967 1 9 43 4 42
243 906 1 0 89 5 43
244 447 0 2 68 3 51
244 1005 1 3 87 4 56
244 717 4 3 24 3 49
244 799 2 4 2 4 54
245 1012 3 9 67 4 59
245 18 0 2 43 4 51
245 761 3 9 76 5 33
245 551 1 9 72 4 50
245 315 3 2 68 3 53
245 620 2 3 20 5 56
245 349 3 3 50 5 58
247 395 3 6 91 4 43
247 913 4 1 85 4 46
247 790 4 0 84 4 54
247 43 0 8 15 4 52
247 353 1 5 52 5 59
248 469 1 9 50 4 39
248 3 3 4 9 5 51
248 492 3 3 73 5 53
248 756 1 4 26 4 45
249 447 1 3 73 4 38
250 627 3 4 65 5 37
250 971 0 0 12 3 56
250 422 4 1 63 3 60
251 183 4 3 16 4 38
251 500 1 6 20 5 49
251 709 0 6 100 3 38
252 765 0 1 51 3 37
252 1024 3 5 59 5 43
252 476 4 0 77 5 35
253 878 2 0 37 4 50
253 146 4 9 69 4 45
254 177 1 1 73 5 47
254 701 3 5 35 4 32
255 127 0 5 66 5 36
255 857 4 0 32 5 35
255 467 3 9 80 4 56
255 1049 3 6 10 3 31
255 873 2 3 60 4 56
256 399 1 9 25 5 53
256 968 3 1 26 4 48
256 917 3 4 98 4 40
256 234 2 9 93 4 38
257 1141 4 4 84 3 36
257 453 2 9 62 4 53
258 541 0 9 3 3 58
258 1125 0 9 35 4 31
258 384 1 0 20 5 51
259 981 0 6 28 3 48
259 555 0 8 96 4 48
259 291 4 2 20 4 42
260 788 0 4 7 3 38
260 62 3 8 55 5 44
260 910 1 3 87 4 53
261 714 3 1 11 5 31
262 604 4 3 35 5 37
262 1026 3 3 12 3 46
263 433 0 2 69 5 39
263 760 3 1 32 3 38
264 1041 1 0 34 4 56
264 537 0 7 87 3 32
264 1167 0 2 60 5 48
264 102 4 7 55 3 37
264 377 0 2 70 3 53
265 609 4 1 31 4 42
266 789 2 1 22 3 51
266 260 4 4 5 3 44
266 64 0 5 86 3 44
266 104 4 2 89 5 57
267 262 4 0 8 4 37
267 918 1 2 93 4 49
267 272 3 9 89 3 56
267 254 2 3 23 5 49
268 386 2 3 19 4 49
268 693 0 2 61 3 41
269 585 1 2 75 5 37
269 295 0 5 57 5 33
269 855 2 5 8 4 44
269 831 0 7 1 4 35
269 1068 1 0 14 5 60
269 0 3 2 94 4 58
270 703 1 0 62 3 58
270 718 3 2 92 3 54
270 741 3 5 25 4 60
270 667 3 0 20 3 45
270 1027 1 1 78 4 37
270 872 3 5 36 4 45
270 680 0 7 52 3 56
271 257 0 4 31 5 59
271 1111 2 1 16 4 39
271 667 4 9 63 5 47
272 624 4 5 61 3 39
272 87 2 2 52 3 41
273 1074 0 9 18 3 30
273 571 3 4 63 4 48
273 632 2 3 83 3 53
274 286 1 1 5 5 44
274 741 2 6 50 3 36
274 1163 3 4 65 5 36
274 615 3 2 29 5 45
275 708 1 1 48 5 47
275 722 3 2 89 3 53
275 1000 0 0 86 5 43
276 706 0 0 18 3 39
276 463 2 7 43 5 37
276 804 4 1 48 5 55
277 374 2 9 29 3 43
277 267 3 9 84 4 51
279 92 1 6 77 5 54
279 1073 4 3 20 4 52
279 892 4 2 49 4 59
279 944 1 9 90 4 37
279 602 2 2 87 3 58
279 226 2 2 96 4 53
279 332 3 5 32 4 40
279 928 4 4 75 5 35
279 194 4 3 85 5 45
280 1191 3 1 41 3 32
280 898 2 7 10 3 45
280 357 2 9 52 3 54
280 320 4 7 17 4 40
280 187 1 7 80 4 57
280 500 3 4 25 4 48
281 328 0 8 38 4 37
281 871 3 3 68 3 43
282 922 3 8 60 4 52
282 664 2 1 24 5 33
283 1164 1 3 58 3 31
283 470 4 1 35 4 33
283 227 4 4 96 4 39
283 43 0 9 62 4 57
284 167 3 3 87 4 36
284 914 1 9 71 3 39
284 265 3 1 69 4 58
285 1045 1 7 93 5 36
285 1021 0 2 78 5 38
285 1031 3 6 37 3 41
285 1196 4 4 61 3 51
285 817 3 9 45 5 33
286 944 2 8 22 3 33
286 269 3 9 17 5 48
286 1034 2 0 78 3 60
286 715 4 6 53 3 58
286 902 2 7 88 5 41
287 470 1 8 12 3 59
287 571 3 0 95 5 36
288 388 4 2 72 3 44
289 99 0 7 98 5 33
289 1191 1 0 53 5 58
289 684 1 3 74 4 50
289 381 4 2 43 4 47
289 1126 0 2 81 3 55
290 607 3 6 37 3 54
290 80 2 4 44 3 54
290 1148 3 4 77 5 60
291 462 4 2 29 5 35
291 1141 3 0 59 3 48
291 168 0 3 87 4 48
291 195 1 1 91 4 37
292 398 0 2 30 3 57
292 177 3 0 2 5 47
292 220 0 2 4 5 42
293 176 1 9 13 5 59
293 215 1 0 15 4 53
293 969 3 5 77 4 49
293 313 1 1 95 4 44
293 157 3 4 23 4 33
294 636 3 4 44 5 56
294 283 3 0 1 3 30
294 723 3 6 81 4 38
294 1097 4 4 81 4 50
295 320 4 3 19 3 44
295 640 4 2 88 4 56
296 15 1 3 49 3 32
296 265 0 8 89 5 32
296 652 3 7 21 3 56
297 155 0 1 26 4 37
297 168 3 2 88 5 34
298 723 0 1 42 3 48
298 698 3 4 93 4 37
298 417 0 3 23 5 43
299 930 3 8 27 4 60
299 103 2 6 14 4 34
299 1040 4 6 82 4 53
299 148 3 3 60 4 55
299 937 2 7 88 5 42
300 446 3 9 46 5 45
300 414 3 7 93 5 35
300 34 2 9 26 3 48
301 1079 0 8 4 4 50
301 166 0 7 38 5 53
301 830 3 1 71 3 32
301 208 1 2 46 3 39
301 849 4 6 32 5 56
302 514 4 2 70 3 54
302 612 4 7 6 4 30
303 658 2 9 4 3 48
303 636 4 5 9 3 55
303 802 4 8 42 3 39
304 144 2 1 81 4 41
304 765 2 3 47 4 30
305 567 1 6 9 4 42
305 1126 4 7 49 3 51
306 842 1 6 53 5 42
307 957 1 8 35 4 53
307 764 0 3 54 3 47
308 866 1 1 23 4 42
309 262 3 9 45 3 34
309 1065 1 1 69 5 48
309 963 4 0 11 4 55
310 643 2 3 38 4 59
310 241 1 0 35 4 59
310 125 2 9 40 3 50
310 197 4 2 67 3 58
310 249 2 8 43 5 43
310 531 1 3 64 5 49
311 813 1 5 10 3 37
311 1176 0 5 72 4 40
311 813 2 2 76 3 30
311 436 3 0 18 3 52
312 335 2 7 16 4 31
312 722 1 0 72 4 51
312 33 3 8 27 5 46
313 49 3 0 33 3 36
314 1169 1 4 54 3 42
314 790 1 8 82 3 42
315 444 1 5 96 5 45
315 117 0 1 7 3 38
315 72 0 4 5 5 32
315 71 4 8 39 3 30
315 1007 3 7 22 3 49
315 488 3 3 20 5 39
315 962 1 2 75 3 51
316 594 3 8 82 4 44
316 392 2 9 39 5 31
317 336 0 2 20 4 37
317 306 2 0 66 3 31
318 837 4 7 59 5 49
318 430 1 2 37 3 47
318 1117 0 2 3 5 36
318 86 4 8 40 4 37
318 1071 1 6 9 4 48
318 481 3 3 37 5 41
318 1145 3 0 59 5 46
319 855 3 8 32 3 39
319 790 0 6 98 3 46
319 59 1 2 47 5 49
319 471 2 9 82 3 33
320 214 3 0 85 5 43
321 964 4 2 92 3 36
321 460 2 9 31 5 33
321 139 4 0 25 4 56
321 686 0 7 49 4 58
321 360 0 0 17 3 53
322 254 1 7 66 5 50
322 862 4 1 95 4 33
322 267 0 1 7 5 53
322 394 1 8 100 4 52
323 14 2 4 31 5 52
323 764 0 1 90 5 35
323 742 0 8 47 4 38
323 266 3 8 5 4 40
324 1118 0 8 67 3 49
324 35 4 6 98 4 33
324 452 1 1 34 5 60
324 849 0 0 97 5 48
324 1106 4 7 93 4 55
325 990 1 3 94 3 36
326 868 2 4 26 4 58
327 320 3 5 59 3 42
327 195 4 5 38 3 30
327 1151 2 2 44 5 40
327 1143 2 9 68 3 30
328 377 4 1 46 4 42
328 615 3 0 73 5 42
328 38 4 9 13 4 41
328 1193 0 8 66 3 35
329 93 1 1 81 4 52
330 225 3 1 3 3 42
330 507 2 8 72 3 45
331 1091 2 2 10 4 53
331 808 1 9 79 4 44
332 500 2 8 24 5 51
332 308 3 1 69 4 55
332 833 1 7 75 3 37
332 34 2 9 9 5 57
332 331 0 0 66 5 52
332 510 4 8 5 4 31
333 1189 4 2 83 5 32
333 517 0 1 69 5 36
333 228 2 6 78 3 46
334 992 1 9 16 4 39
334 630 2 5 24 5 48
334 165 1 4 76 3 52
334 81 4 7 43 5 36
334 109 0 6 17 4 51
335 1173 0 2 76 5 51
335 496 1 9 1 5 31
336 1003 2 5 74 5 54
336 668 0 5 76 4 43
336 19 3 4 79 5 32
336 131 1 1 15 3 45
336 293 2 8 28 5 41
336 549 1 1 46 4 38
337 646 0 5 97 5 53
337 792 2 1 94 5 33
338 515 0 5 81 5 38
338 1122 1 9 70 4 43
338 4 3 4 18 5 40
338 651 1 8 98 5 60
338 546 0 5 97 5 43
338 553 1 8 61 4 46
339 1002 2 6 13 5 38
339 410 1 4 99 3 33
339 1070 2 6 60 5 42
340 1161 1 8 41 3 57
340 752 3 3 14 3 38
341 184 2 8 14 5 54
341 817 0 5 26 4 55
341 511 0 0 95 5 43
341 715 0 0 57 4 51
342 1077 1 3 83 3 55
342 289 2 3 28 3 38
342 695 1 7 31 5 55
342 935 1 0 57 5 30
342 141 1 1 39 5 39
342 104 2 5 7 5 37
342 739 0 3 18 5 40
342 239 1 7 78 3 51
342 667 1 0 68 4 55
343 676 3 1 83 3 31
343 1188 3 0 41 4 37
344 562 0 0 37 3 56
344 490 4 1 84 5 48
344 1178 0 8 28 5 60
344 874 1 6 82 5 57
344 1090 0 7 75 5 60
345 69 1 9 67 3 49
345 829 2 0 8 4 45
345 776 0 3 36 5 60
345 933 0 0 31 4 46
345 429 4 1 11 4 40
346 173 1 8 30 4 44
346 221 2 5 8 3 54
346 402 0 3 99 4 57
346 264 1 2 88 4 53
347 1171 0 2 92 3 35
347 162 4 1 54 4 47
347 580 0 1 29 4 39
347 1157 4 4 92 4 42
348 744 3 0 78 4 36
348 767 2 6 52 4 54
348 378 0 8 74 5 51
348 369 4 0 45 3 57
348 42 3 4 44 3 32
348 479 3 5 99 4 60
349 806 1 9 62 4 35
349 644 4 7 57 4 35
349 1121 3 1 90 4 51
350 2 4 0 78 3 33
350 510 0 1 4 3 36
350 296 1 4 24 4 50
351 1041 0 8 22 4 30
351 85 3 9 42 5 52
351 743 4 4 91 4 37
351 467 4 6 78 4 33
352 696 1 0 86 4 37
352 86 0 0 87 3 40
352 165 2 7 36 3 30
353 616 1 7 20 4 34
353 161 2 1 46 4 39
353 1042 2 5 28 4 48
354 979 0 3 59 3 57
354 397 3 6 66 4 60
354 1123 3 6 96 5 42
354 116 4 1 3 5 48
355 296 4 3 89 4 52
356 463 1 1 71 4 52
356 45 1 8 48 5 57
356 693 1 4 31 5 40
357 220 2 8 59 4 32
357 587 3 4 21 5 46
357 672 4 7 28 3 57
358 914 4 1 95 4 52
359 104 0 4 84 3 44
359 179 1 0 63 4 60
359 656 1 3 26 4 36
359 1197 4 9 34 4 54
359 576 3 0 56 3 40
359 891 4 2 56 5 30
360 969 2 1 42 4 45
360 237 4 4 95 5 39
361 840 4 3 92 4 48
361 1009 2 3 82 4 34
362 229 0 6 39 3 44
362 914 0 7 96 5 58
364 226 0 3 91 3 41
364 1168 1 4 72 5 49
364 800 1 6 58 5 39
365 70 1 1 62 5 48
365 233 4 0 24 5 33
365 149 0 8 70 3 50
366 1140 2 0 47 4 32
366 322 0 1 13 4 53
366 216 4 8 59 3 46
367 1116 0 7 97 4 57
367 20 3 1 36 5 38
367 715 4 4 44 4 53
368 1192 4 3 71 4 40
368 183 0 3 74 5 60
368 447 0 1 58 3 49
369 22 4 1 84 4 60
369 729 1 0 71 4 37
369 834 4 6 51 3 36
369 444 2 0 80 3 40
369 236 1 7 15 3 59
369 533 3 7 43 4 55
369 385 2 6 73 5 46
370 181 3 1 57 3 30
370 503 4 4 21 4 37
370 187 2 4 26 4 60
370 123 3 2 17 4 35
371 839 0 0 73 4 48
372 704 1 0 40 5 45
372 862 1 2 41 4 41
372 79 1 4 5 4 58
372 558 1 9 41 4 34
372 84 1 3 68 3 55
373 258 1 2 6 3 42
373 501 1 5 11 4 46
374 724 3 9 61 3 56
374 937 1 5 98 5 31
374 986 2 0 96 5 34
374 793 4 4 19 4 45
375 610 1 8 82 4 45
376 250 0 2 51 5 35
376 626 4 1 6 5 47
376 415 1 5 92 3 46
377 991 3 8 73 4 36
377 428 0 4 62 4 54
377 83 1 4 63 3 39
378 453 2 7 55 5 39
379 107 0 3 85 4 38
379 102 3 4 55 5 52
379 483 4 2 42 4 39
379 438 0 6 56 5 58
380 1199 0 2 59 5 57
380 952 3 0 39 3 58
381 855 3 8 13 5 30
382 138 4 4 7 4 60
383 489 0 1 5 3 42
383 1078 1 7 32 3 31
383 1053 0 0 13 3 39
383 5 3 1 93 5 33
383 706 0 7 13 5 57
384 871 1 3 8 3 35
384 802 1 1 81 5 45
384 923 0 9 6 3 32
385 288 0 9 24 3 48
385 94 2 6 24 3 58
385 1031 1 7 75 4 59
385 196 0 8 49 3 42
386 1150 1 5 52 3 41
386 291 1 7 36 5 35
386 1051 2 1 89 4 57
386 638 2 3 82 5 48
386 972 4 7 25 5 36
386 216 0 3 31 3 39
386 759 4 9 7 4 57
387 958 4 4 37 3 38
387 206 0 1 47 3 57
387 254 3 5 1 5 49
387 990 2 4 11 3 57
387 225 0 1 34 5 35
388 44 1 5 7 3 39
388 777 1 1 19 4 46
388 132 4 7 25 3 37
388 1142 3 6 42 4 35
389 719 4 6 12 4 45
389 390 0 4 60 5 37
390 178 2 6 78 4 45
390 401 3 7 17 3 32
390 154 0 7 84 5 41
391 887 3 3 47 3 58
391 202 3 7 75 5 40
391 1190 1 7 24 4 41
392 1057 0 0 37 5 54
393 583 2 1 75 5 59
393 54 2 7 12 4 43
393 72 0 1 3 5 47
393 26 1 3 35 5 59
394 934 2 0 79 5 52
395 883 1 0 68 5 51
395 755 3 6 4 3 38
396 1057 0 5 33 3 53
396 639 1 6 29 3 52
396 177 4 2 53 5 51
396 997 4 9 99 5 45
396 186 2 4 46 4 36
396 633 0 6 24 4 55
397 513 4 5 25 4 41
397 767 1 2 73 4 37
397 526 2 7 80 3 53
397 388 1 9 15 5 37
398 1006 0 5 91 3 34
398 233 3 5 64 5 57
398 785 0 3 83 3 33
399 545 3 0 29 5 50
399 904 2 5 40 4 58
399 272 2 8 44 4 49
399 486 3 2 96 3 56
401 1050 2 5 76 5 48
401 76 0 1 71 3 32
402 69 4 6 22 3 54
402 573 1 4 31 5 38
402 1198 3 1 64 3 58
402 504 0 4 68 5 40
403 699 2 3 59 4 38
404 550 4 1 79 3 35
404 86 2 3 44 3 30
404 364 3 1 41 3 51
405 486 0 5 61 5 37
405 874 2 8 72 3 39
405 677 0 2 80 5 57
405 612 3 0 56 5 51
406 51 4 5 39 5 50
406 895 0 6 80 5 51
406 709 2 6 49 5 47
407 446 3 0 38 5 49
407 458 2 2 77 4 57
408 964 1 3 13 3 43
408 285 4 2 37 4 34
409 992 1 5 62 5 41
409 878 1 1 47 3 52
410 913 1 2 22 5 44
410 219 2 9 74 5 52
410 405 0 4 73 5 53
411 1081 4 5 63 3 52
411 275 1 2 97 4 48
412 978 0 1 32 5 35
412 481 0 7 75 5 46
413 565 1 0 29 3 53
413 125 2 5 99 4 32
413 728 4 4 65 5 52
414 367 3 4 55 3 57
414 1105 0 9 53 3 58
414 64 4 5 17 3 40
415 776 1 5 12 4 30
415 397 2 9 35 4 48
415 200 0 1 64 4 42
415 187 2 5 43 3 46
415 378 4 2 96 3 52
415 308 3 4 18 3 53
415 675 2 9 17 3 50
416 931 0 1 33 4 43
416 429 0 0 73 4 45
416 1112 2 1 99 5 48
417 973 2 7 23 5 40
418 923 0 8 20 5 41
419 259 4 7 40 5 36
419 532 0 4 69 5 44
419 1079 2 6 11 5 51
419 1196 4 8 41 4 53
420 554 2 1 25 5 33
421 796 0 7 59 3 43
422 1038 3 5 84 3 31
423 348 2 1 5 4 42
423 683 2 9 100 3 42
423 153 4 9 37 5 44
423 1098 1 7 8 3 35
424 82 1 5 29 4 50
425 968 3 6 16 5 47
425 873 2 4 30 3 45
425 675 2 5 54 5 38
427 520 2 9 44 4 53
427 491 4 2 20 5 32
428 24 1 3 81 5 38
428 165 1 6 13 4 47
428 313 4 0 16 3 54
428 453 2 6 99 3 49
428 469 1 9 48 5 44
428 444 1 9 29 5 39
428 127 0 4 97 4 41
428 100 2 1 13 5 45
429 140 3 0 22 3 44
429 659 2 1 86 5 31
430 134 0 4 16 4 36
430 57 1 2 34 3 39
430 334 3 4 89 3 45
430 808 2 0 39 3 57
430 669 3 2 90 4 44
430 807 1 3 67 3 49
430 173 3 1 59 5 36
431 1155 0 1 61 5 34
431 766 1 7 26 4 57
431 192 1 9 66 3 58
432 1197 0 3 65 5 40
432 326 0 9 35 5 37
432 311 4 4 88 5 40
432 385 4 6 37 5 57
432 610 3 5 12 4 54
433 883 0 6 43 4 49
433 210 0 5 89 5 35
433 422 3 0 80 3 32
433 398 2 9 98 5 54
434 98 0 3 73 3 50
434 313 2 7 79 4 40
434 157 0 3 50 5 36
434 803 0 9 17 3 31
434 128 1 1 95 5 57
435 853 2 1 40 4 51
435 419 1 6 58 5 51
436 876 2 7 42 4 34
436 130 0 5 25 3 44
436 471 3 2 32 4 43
437 113 2 0 52 5 48
437 93 4 1 11 5 46
437 1084 3 7 86 3 33
437 277 2 4 26 5 37
437 534 4 3 21 4 50
438 1161 4 3 69 4 42
438 241 2 0 30 3 38
438 158 1 5 53 4 34
438 821 2 4 77 4 51
438 669 1 3 66 4 32
439 594 2 4 67 5 55
439 946 3 1 95 3 38
440 626 2 1 49 5 47
441 1192 0 3 59 5 42
441 1007 0 0 47 5 59
441 236 2 8 95 3 59
442 523 1 7 66 3 46
442 918 4 1 18 4 57
442 671 4 6 33 4 50
442 676 4 0 59 3 56
442 261 4 8 77 3 51
442 316 3 6 86 5 52
442 1015 2 6 12 3 51
443 528 4 2 85 5 39
443 281 3 9 35 3 38
443 1103 2 3 78 5 50
444 875 2 1 78 5 58
444 7 3 3 77 5 42
444 585 3 7 7 4 53
445 476 1 9 7 4 51
445 924 3 5 17 3 44
445 486 4 2 88 5 45
446 312 0 0 100 4 34
446 501 3 0 25 3 31
447 82 2 4 17 4 52
447 1198 3 8 35 3 40
447 468 0 1 17 4 32
447 957 1 8 62 4 57
447 992 3 4 47 3 58
448 344 2 9 25 4 53
448 838 3 7 77 4 33
448 963 3 9 73 5 55
448 390 0 1 96 5 58
448 420 0 4 97 5 43
449 193 1 0 22 3 58
449 284 2 3 45 5 48
449 583 0 6 62 4 45
450 659 0 8 38 4 31
450 49 1 9 20 4 41
450 73 3 7 65 3 60
451 612 2 7 7 3 36
451 846 4 1 34 4 32
451 322 0 5 26 4 40
451 1105 4 9 73 5 59
452 488 0 2 66 5 36
452 1087 4 1 97 3 32
452 696 0 0 15 4 30
452 371 1 6 79 4 39
453 197 4 5 69 5 33
453 583 4 6 9 3 55
453 260 3 4 32 5 52
454 661 0 7 2 5 44
454 660 1 3 22 5 40
454 1043 4 9 62 5 45
454 436 3 3 69 4 45
454 860 1 0 5 4 35
455 517 0 6 80 3 41
456 1192 2 5 20 4 42
456 316 3 4 90 4 33
457 1167 2 5 1 4 50
457 790 0 5 59 3 36
457 1103 1 2 92 4 59
457 1108 1 3 69 5 39
458 93 4 0 30 3 33
458 20 1 4 28 3 48
458 1144 4 4 62 4 31
458 341 3 7 75 4 31
459 363 4 8 62 3 32
459 146 4 9 24 5 36
459 936 4 3 99 3 59
460 431 1 4 84 3 32
460 1196 4 4 53 4 37
460 301 1 9 46 3 40
460 374 3 9 90 3 44
460 371 3 5 8 5 37
461 43 0 8 65 4 37
462 1083 3 1 91 3 47
462 825 2 3 94 3 48
463 389 2 2 34 3 36
464 935 0 6 72 5 38
464 725 4 9 3 5 34
464 1196 1 3 91 3 30
464 893 3 8 47 3 60
464 565 1 7 4 5 58
465 476 2 4 58 5 33
465 696 0 7 10 4 45
465 469 1 1 97 5 53
465 11 3 9 92 5 31
466 1186 4 5 53 5 60
466 490 4 8 42 4 60
466 261 3 7 36 3 37
466 818 3 0 38 3 60
466 1040 1 2 51 5 43
467 334 2 9 30 3 46
467 264 0 0 64 4 47
467 165 1 1 76 3 51
467 608 4 5 85 4 35
468 753 1 4 19 5 53
468 32 4 9 33 3 49
468 479 0 1 34 4 33
468 367 3 1 77 5 46
469 736 2 2 54 5 30
469 188 0 5 9 4 40
469 230 1 3 87 5 37
470 149 1 1 69 4 39
470 412 3 4 51 3 58
470 922 2 0 50 5 53
470 496 4 7 39 3 53
471 972 1 2 84 3 51
471 217 0 8 44 4 60
471 526 0 3 27 3 36
472 164 4 5 82 4 49
472 365 1 4 88 3 52
472 1149 0 8 83 4 46
473 629 4 8 41 3 40
473 154 1 8 63 4 57
473 674 1 4 86 3 53
473 844 0 0 12 4 58
473 615 4 8 75 3 59
473 622 3 5 61 3 47
473 904 4 7 41 3 45
473 891 0 5 35 4 54
474 421 0 6 48 4 38
474 152 2 1 37 5 45
474 1123 2 7 68 5 51
475 209 3 3 8 4 34
475 819 0 7 94 3 49
475 739 0 4 96 5 56
476 159 2 1 93 4 50
476 588 0 8 42 4 46
477 104 1 3 33 5 58
477 788 2 9 8 5 57
477 160 1 6 80 4 37
478 231 3 9 73 4 47
478 320 4 5 25 4 55
478 493 0 8 70 5 49
478 409 3 1 53 4 37
478 737 1 5 36 4 47
479 1022 0 0 79 4 30
479 204 2 8 63 4 32
479 1176 2 4 62 3 40
479 39 1 7 29 5 43
479 1097 2 2 32 5 38
479 641 2 6 13 4 45
480 267 1 1 3 3 49
480 235 0 7 22 5 49
480 102 0 8 10 5 54
481 1047 3 6 26 4 49
481 830 3 6 6 3 55
481 877 3 3 7 3 42
482 1117 4 6 12 4 57
482 243 2 2 35 4 60
483 442 2 3 54 5 50
483 70 0 8 39 5 40
485 436 0 5 5 3 45
485 826 1 2 62 5 57
485 325 0 1 32 4 37
485 450 0 6 21 4 36
487 1004 3 7 21 3 36
488 1189 1 8 94 4 53
488 287 3 6 97 3 46
488 147 0 0 17 5 54
488 117 1 0 14 5 38
488 1028 4 1 33 5 45
489 1075 2 9 62 3 34
489 535 1 0 82 3 45
489 892 3 2 52 5 54
489 652 4 7 29 3 41
489 898 0 4 21 4 40
489 706 3 5 85 5 37
490 575 3 3 78 4 36
490 289 2 6 49 4 41
490 819 3 1 56 4 50
490 1158 3 2 87 5 40
490 741 2 9 44 4 33
491 555 2 7 31 3 56
491 533 4 3 28 3 58
491 554 2 6 47 4 37
491 948 2 0 78 5 57
492 907 2 1 67 3 56
492 825 1 6 23 4 30
493 1182 4 8 99 3 38
493 1070 0 6 20 4 53
493 1068 4 5 13 5 55
494 1148 4 0 3 3 42
494 854 4 3 24 4 36
494 267 2 2 30 5 52
494 471 0 5 13 3 34
495 918 2 0 5 5 59
495 392 2 8 19 3 35
495 1057 1 6 20 3 48
496 521 4 1 37 5 50
496 588 1 1 71 4 32
496 518 1 9 5 5 58
497 279 2 7 17 4 56
497 822 0 0 54 3 34
498 303 4 0 52 4 56
499 47 1 7 32 5 45
499 1161 3 2 7 3 59
499 13 2 5 64 4 42
500 590 2 3 67 3 43
500 319 4 6 27 5 49
501 798 1 2 99 5 53
501 1180 2 2 66 5 30
501 960 4 3 42 5 50
502 156 1 5 93 5 46
502 377 2 1 86 3 56
502 876 0 3 58 3 38
502 619 2 4 71 3 39
503 265 0 0 38 4 36
503 1173 1 6 78 3 35
503 471 3 1 96 3 41
503 508 4 6 8 5 40
503 736 0 9 82 4 48
504 322 0 7 44 3 46
504 665 3 2 26 5 34
504 830 1 0 60 3 32
504 464 4 9 94 3 44
504 530 1 6 85 3 35
505 347 3 1 96 3 53
505 104 1 2 85 5 51
505 1119 2 3 6 4 53
505 920 4 6 16 3 42
505 693 3 2 70 5 45
505 119 4 6 59 3 59
506 233 0 9 82 4 59
506 664 4 2 30 3 31
506 1101 0 5 99 5 59
506 231 4 3 57 5 30
507 481 3 7 46 4 35
507 1020 0 7 64 5 36
507 973 4 3 27 3 35
507 833 3 6 16 3 30
507 36 1 6 44 3 38
507 158 2 6 31 5 45
507 773 1 4 100 3 56
508 102 3 1 80 4 30
508 907 1 9 6 5 39
508 85 3 1 22 4 47
509 925 3 8 78 4 58
510 238 1 5 4 3 47
510 345 3 8 53 5 43
510 123 1 9 95 4 53
511 75 4 5 63 5 47
511 112 0 3 7 5 48
511 383 2 2 17 5 51
512 406 0 7 62 5 55
513 80 3 3 86 3 41
513 497 3 0 86 4 36
513 458 2 2 30 3 43
513 437 0 3 26 4 42
514 7 0 4 89 4 40
514 1003 4 7 33 4 39
514 151 0 7 47 4 35
514 258 3 3 14 4 50
514 372 2 9 93 4 51
515 90 0 0 98 5 44
515 951 4 4 23 3 30
516 37 3 1 23 4 54
516 164 2 6 63 4 53
516 714 0 2 36 5 33
516 363 0 0 4 3 38
516 724 0 5 83 3 34
516 1118 1 7 58 4 50
516 941 1 0 72 4 55
517 748 2 0 50 5 49
517 13 1 9 7 5 35
517 851 0 3 4 5 47
518 657 3 4 44 3 36
518 89 2 6 65 4 46
518 453 0 5 64 3 51
519 748 4 7 90 4 55
519 548 2 8 47 5 56
519 972 0 0 79 5 41
519 561 1 6 27 4 39
519 371 1 2 46 4 57
519 662 3 1 60 5 59
520 598 0 1 34 4 50
521 590 3 3 13 4 34
521 735 1 4 14 3 48
521 66 0 9 36 4 39
522 462 3 5 90 4 44
522 624 2 4 81 5 44
522 778 0 3 45 5 47
522 190 0 2 21 3 51
522 842 3 1 18 4 36
523 366 3 1 17 3 30
523 992 3 5 44 3 52
523 357 3 6 55 5 46
524 604 2 1 100 4 38
524 220 2 9 40 4 59
524 733 4 4 7 3 32
524 154 3 9 52 5 51
524 448 0 2 82 4 33
525 916 4 2 84 3 35
525 761 1 3 27 3 34
526 516 4 8 82 5 59
526 788 4 7 17 4 49
526 1082 0 6 62 4 33
526 440 3 2 85 5 42
527 34 0 2 51 5 45
527 368 0 2 97 5 35
527 297 1 3 25 4 48
528 1084 0 2 30 3 42
528 534 4 4 43 5 53
528 341 0 0 68 4 41
528 127 3 2 32 4 60
528 1042 4 2 13 5 58
529 143 4 3 65 5 60
529 898 0 8 24 3 39
529 80 1 2 83 4 40
530 240 2 9 89 5 49
530 1018 1 5 58 4 41
530 568 2 9 36 3 60
530 711 2 5 56 4 37
530 151 4 4 5 4 48
531 753 1 8 62 5 55
532 393 0 9 94 3 59
532 193 4 0 60 3 44
533 1131 3 5 3 3 60
533 808 2 2 74 4 51
533 565 2 6 100 5 53
533 817 0 0 90 5 55
533 1123 3 5 68 5 36
534 956 3 3 79 4 50
534 53 4 6 98 4 39
534 859 3 4 19 4 31
534 226 4 7 92 3 40
534 568 3 4 14 5 38
534 904 4 9 49 4 48
535 830 2 4 46 5 40
536 258 4 4 58 5 50
536 648 3 7 45 5 44
536 271 4 8 40 4 54
537 1009 3 4 59 4 32
537 460 2 6 35 4 46
537 873 2 3 61 4 47
538 450 0 8 19 3 33
538 180 0 9 86 3 39
538 226 0 4 94 5 34
539 1140 0 6 44 3 51
539 1136 2 9 47 5 52
539 277 2 5 45 5 52
540 142 4 9 76 5 40
540 429 2 8 89 4 47
540 894 1 9 10 5 58
541 1104 0 8 17 3 60
541 7 1 3 46 4 41
542 202 0 3 50 5 32
542 404 1 5 45 4 46
542 1099 0 5 62 5 49
542 1135 2 8 40 5 54
543 751 0 9 89 5 47
543 604 0 4 37 5 33
543 943 0 3 55 4 53
543 1079 4 5 100 3 60
543 1120 0 9 52 3 40
544 16 0 4 73 3 35
544 251 1 1 17 5 32
545 213 3 2 24 4 38
545 1036 3 9 56 5 53
546 1098 1 9 27 3 45
546 118 3 8 99 5 41
547 386 1 7 22 3 33
547 1047 3 6 78 4 44
547 989 0 4 34 3 32
548 788 1 5 59 4 53
548 938 1 6 3 4 45
548 429 4 6 72 4 60
549 488 3 9 77 3 34
549 217 3 7 39 3 43
549 230 2 8 81 4 47
549 324 2 6 65 5 59
549 914 0 1 73 4 47
550 575 1 3 66 5 52
550 592 4 2 71 3 58
550 971 0 1 26 4 54
551 786 4 1 46 5 37
551 850 4 3 48 3 46
551 858 2 8 84 3 34
551 1074 0 2 100 4 44
552 222 4 4 8 3 43
552 1039 1 8 80 5 36
552 876 4 5 66 3 33
552 119 3 2 93 4 60
552 616 3 3 100 5 37
552 681 2 1 76 3 56
552 868 1 7 19 4 39
553 863 4 1 7 3 57
553 927 4 2 70 5 54
553 431 1 1 35 3 53
553 946 0 2 91 4 38
554 497 2 4 35 3 56
554 737 4 0 92 3 48
554 251 3 2 55 3 33
554 506 3 3 53 5 42
555 1125 3 3 56 4 37
555 903 1 9 37 5 33
555 89 1 9 46 3 58
556 467 2 5 53 3 44
556 61 3 6 39 4 58
556 783 0 4 93 5 42
556 1061 2 0 31 5 34
557 1158 1 5 19 3 49
557 1123 4 9 11 3 58
558 357 3 4 3 4 56
558 482 0 2 16 3 31
558 861 3 4 63 5 53
558 1021 3 8 27 3 48
559 688 0 8 84 3 54
559 76 1 6 60 5 32
559 124 0 0 40 5 53
559 201 2 5 47 4 32
559 749 2 4 63 3 42
559 597 0 5 57 4 33
559 289 4 2 74 5 48
560 956 3 5 41 4 55
561 684 3 6 15 4 35
561 768 2 6 14 4 32
561 750 4 0 50 5 49
561 971 3 4 65 4 48
562 101 0 2 93 3 50
562 249 3 4 32 3 44
562 87 4 5 79 4 53
562 1050 2 3 15 5 47
562 637 0 4 79 5 43
563 96 1 6 85 5 32
564 230 4 3 65 3 51
564 520 3 5 48 5 33
564 509 1 9 86 5 41
564 511 0 1 12 4 36
565 203 3 2 97 4 45
565 646 2 2 16 3 55
565 253 1 7 30 5 32
565 657 3 8 21 4 60
565 601 1 5 47 4 37
565 750 2 8 68 3 31
565 489 4 5 29 3 49
565 1047 0 6 26 4 48
566 629 3 5 73 3 47
566 672 3 3 29 3 54
566 664 1 8 75 3 43
566 578 1 4 37 5 57
567 847 2 8 9 5 53
567 960 1 1 100 4 43
568 531 3 6 70 3 31
568 193 0 8 33 3 30
569 701 1 0 98 5 51
569 745 0 1 64 3 39
569 747 3 0 79 4 41
569 861 4 8 90 4 51
570 276 1 9 58 3 50
570 231 1 3 11 4 30
570 529 2 6 83 4 55
570 1074 4 3 73 3 37
571 961 2 8 68 3 39
571 1126 2 9 48 5 32
572 99 3 8 4 3 57
572 1065 2 7 53 5 50
572 6 4 0 61 5 37
572 906 4 8 1 4 52
573 761 3 4 95 4 31
573 143 3 6 6 4 50
574 593 1 8 87 3 41
575 563 4 5 91 4 42
575 399 3 6 58 3 49
575 1073 3 1 96 3 46
575 1050 4 2 66 3 47
576 529 2 2 88 3 45
576 1059 1 3 68 4 47
576 606 2 1 96 3 47
576 91 3 1 45 5 34
577 276 2 6 69 4 34
577 544 4 7 12 4 32
577 918 0 3 5 5 44
578 962 3 6 73 3 57
578 1048 4 4 90 3 39
578 154 2 0 28 4 37
578 479 0 3 64 3 34
579 550 4 2 44 3 31
579 934 4 5 55 3 52
579 902 0 4 95 3 45
579 867 3 1 89 5 33
579 335 1 9 10 5 49
580 886 4 0 22 3 30
580 607 3 4 16 4 57
580 942 1 8 43 3 30
581 694 2 4 70 4 46
581 998 1 4 13 3 54
581 193 2 3 66 3 52
582 233 3 7 7 5 42
582 792 3 9 79 3 35
582 133 0 2 39 3 30
582 195 1 6 28 3 58
583 1183 3 1 75 4 39
583 158 1 4 8 3 42
583 35 3 1 84 4 42
583 13 4 1 7 4 36
584 775 0 9 17 4 34
584 1172 1 9 33 3 56
584 246 1 1 72 5 30
585 93 1 1 62 4 32
585 923 3 6 36 5 34
585 721 4 4 82 4 34
585 369 1 1 43 3 30
586 706 2 7 82 3 50
586 1078 0 9 89 5 54
586 1175 1 0 69 3 31
586 267 0 0 59 4 48
587 40 2 6 40 3 32
587 816 3 7 6 5 56
587 492 4 9 26 3 53
587 869 0 2 69 3 60
587 116 4 6 32 4 42
587 233 0 5 7 4 54
587 604 1 2 85 4 42
587 457 2 2 86 4 56
587 535 2 8 37 4 57
588 581 3 0 12 5 54
588 178 4 8 40 4 51
588 178 3 3 6 4 43
588 876 4 1 60 5 57
588 819 4 1 54 5 57
589 866 0 1 96 3 46
590 382 1 7 85 4 38
590 580 1 4 82 4 55
590 717 4 0 47 5 50
590 647 3 3 94 4 47
590 38 1 2 59 4 34
590 449 2 5 1 5 46
591 105 3 4 23 3 60
591 605 4 1 68 4 34
591 970 0 0 98 5 51
592 783 3 1 63 4 36
592 273 1 3 33 4 41
592 737 1 6 71 3 37
593 975 2 2 9 5 40
593 159 4 8 88 3 59
593 777 0 3 87 5 30
594 14 1 8 53 3 55
594 190 0 7 19 5 38
594 956 1 8 38 4 39
594 528 4 8 92 5 52
595 976 0 1 54 5 50
595 1043 4 1 80 3 51
595 1052 1 9 85 4 58
595 439 3 3 95 3 50
596 829 0 2 73 3 44
596 1191 1 8 6 5 49
596 1172 3 6 92 3 40
596 666 4 2 48 3 35
597 851 3 7 87 5 52
598 1167 0 5 31 5 49
598 311 3 6 99 3 58
598 470 4 6 100 5 48
598 904 0 5 33 5 51
598 624 4 9 41 3 41
601 641 1 7 68 3 59
601 667 4 8 73 5 60
601 1082 2 9 11 4 58
601 919 1 1 73 4 52
601 1017 1 5 100 3 36
602 896 1 8 2 4 45
602 636 2 7 30 5 39
602 468 1 5 60 5 50
603 1093 1 3 37 4 41
603 538 2 5 5 5 40
603 1074 2 1 10 5 58
603 452 1 1 72 4 30
604 372 0 6 32 4 60
604 1058 2 0 1 4 35
604 482 2 9 79 5 47
605 1136 3 0 60 3 54
605 835 1 9 17 3 36
605 414 1 2 18 5 33
605 245 1 2 42 3 41
606 559 3 9 33 3 45
607 406 1 2 87 3 52
607 919 0 7 37 5 35
607 1006 3 2 54 3 40
607 663 1 5 56 5 30
607 1055 0 6 27 5 44
607 378 2 5 63 3 38
608 840 4 0 18 4 38
608 279 1 2 85 3 36
609 103 2 4 49 4 56
609 67 0 2 71 3 33
609 838 3 8 30 4 44
609 965 0 4 58 3 43
609 54 1 9 10 3 45
609 941 0 9 72 5 57
610 68 0 1 39 5 54
611 569 0 1 52 3 60
611 802 3 8 35 4 49
611 1083 0 6 83 4 33
611 763 0 5 17 4 48
612 449 0 1 5 5 48
612 335 1 8 8 3 38
612 597 4 1 37 5 31
612 233 2 5 19 3 40
613 1097 1 4 48 4 56
613 784 2 0 48 5 49
614 294 3 0 10 4 56
614 802 4 3 50 5 60
614 679 2 0 76 3 47
614 535 4 2 16 3 51
615 299 1 2 23 3 54
615 1158 2 7 37 4 51
616 1088 1 6 91 4 52
616 708 1 0 90 3 46
616 708 4 9 19 3 31
617 1118 1 7 9 4 40
617 939 3 3 86 4 53
617 363 3 9 49 4 47
617 239 1 4 98 5 34
617 1138 1 2 64 5 54
618 816 3 2 5 5 57
618 320 2 3 97 4 41
618 222 3 7 22 4 50
618 791 2 6 37 3 56
618 578 1 2 97 3 32
618 716 3 1 57 5 47
619 2 4 3 99 5 42
619 258 3 1 92 3 30
619 313 1 0 22 4 31
619 446 2 8 20 3 43
620 1171 1 4 68 5 57
620 747 0 7 41 5 37
621 702 1 9 61 4 36
621 1141 3 5 76 3 60
621 642 4 3 23 4 30
622 260 4 0 31 3 48
622 440 2 8 67 3 57
623 19 0 5 70 4 47
623 994 4 9 27 4 45
624 1127 0 2 84 3 54
624 109 3 3 79 4 32
625 269 1 6 98 5 34
625 956 4 6 77 5 37
625 681 3 7 36 3 49
625 807 2 0 42 5 50
625 936 2 8 69 5 31
625 1037 1 5 92 3 42
625 448 1 2 58 3 44
625 369 4 6 63 4 45
626 523 3 6 20 3 47
626 49 4 5 29 3 38
626 32 2 6 63 3 45
626 113 2 5 60 4 52
626 563 1 6 77 5 53
628 1024 1 5 49 5 54
629 1161 0 1 49 4 52
630 975 3 7 31 5 42
630 766 3 8 51 4 39
630 296 3 9 33 5 51
630 1032 4 1 16 5 44
630 409 2 3 44 3 43
631 76 3 6 65 5 60
631 422 2 1 89 5 31
631 517 2 6 13 3 49
631 804 3 2 89 3 56
631 996 2 1 62 3 36
632 671 2 3 88 3 59
632 158 3 7 78 3 60
632 618 4 7 9 4 37
632 272 0 9 56 5 50
633 431 3 4 7 4 54
633 627 1 4 55 5 51
633 149 3 1 65 4 40
633 1185 1 0 64 4 33
634 10 0 4 24 3 34
634 1114 3 2 31 3 41
634 105 2 7 77 5 46
634 17 4 9 9 3 51
635 541 1 7 34 4 48
635 1105 4 7 88 4 51
635 781 1 6 14 4 39
636 565 0 5 85 4 50
636 1122 1 0 65 5 59
636 224 1 5 100 3 38
636 197 0 1 45 3 56
636 919 4 6 39 3 60
636 787 1 4 13 4 59
637 998 4 1 74 4 59
637 1062 3 9 1 3 55
637 645 4 6 16 3 46
639 127 2 9 91 5 51
639 882 2 3 94 4 59
639 298 4 9 70 4 32
639 252 4 9 32 5 32
639 759 4 3 30 5 58
640 812 2 2 29 4 31
640 986 0 0 10 5 35
640 1163 1 5 16 3 40
640 839 4 3 3 3 33
641 660 0 8 27 5 60
641 406 3 6 14 4 56
641 1004 0 1 10 5 50
641 540 3 0 88 5 43
641 182 1 9 41 5 52
642 916 3 9 98 3 37
642 71 2 3 25 5 58
643 376 0 5 96 4 40
643 701 2 1 39 4 60
644 714 4 5 43 5 50
644 55 4 9 100 4 56
645 790 3 1 26 5 47
645 1053 2 2 54 3 44
645 1145 1 9 37 3 56
645 1022 0 0 35 4 34
645 206 1 5 43 5 39
646 249 1 2 78 3 30
646 334 1 7 6 4 50
647 821 0 8 75 4 60
647 264 1 5 45 5 43
647 368 2 6 45 3 60
647 1076 1 3 35 5 46
647 204 4 7 74 5 41
647 488 2 4 24 3 31
648 630 2 2 23 5 60
648 1083 2 0 44 3 59
649 671 1 3 40 4 33
649 1108 1 0 77 5 44
649 345 0 4 64 5 50
649 885 0 7 60 3 49
649 1068 2 7 39 3 47
651 826 4 7 63 3 48
651 278 1 0 86 5 37
651 115 4 5 5 3 30
651 160 2 2 78 3 40
652 179 3 7 7 5 33
652 796 4 2 64 4 58
652 555 3 2 46 3 45
652 350 1 6 51 4 53
652 71 3 6 74 4 48
652 71 3 5 27 3 54
653 851 3 7 57 3 38
653 1144 0 8 80 5 41
653 828 4 8 75 3 46
653 946 4 2 64 5 34
654 396 2 4 11 5 43
654 751 0 6 63 4 35
654 35 0 8 54 3 58
654 1100 3 4 76 4 40
655 1062 0 8 22 4 50
656 1143 0 8 74 3 33
656 563 2 1 58 4 44
656 1014 4 6 53 5 31
657 741 3 7 82 5 30
657 747 1 8 55 3 37
657 328 0 7 59 3 40
657 77 4 9 93 4 37
658 550 0 3 17 4 60
658 1040 2 1 24 5 31
658 9 0 8 86 5 59
658 83 4 4 95 3 45
658 177 3 1 51 3 35
659 740 3 0 88 5 54
659 605 3 4 46 5 35
659 85 0 4 5 4 54
660 821 0 8 54 4 39
660 933 0 8 41 4 55
660 943 3 7 23 3 55
661 105 0 0 32 4 33
661 146 2 7 37 4 50
661 722 4 7 73 5 50
662 453 3 7 37 3 55
663 1029 3 8 76 3 58
663 682 2 0 35 3 54
663 1039 1 6 55 3 39
663 1130 4 0 92 5 40
664 1047 0 2 31 5 41
664 149 3 9 60 5 56
664 1123 4 0 15 3 52
664 1123 4 7 99 5 54
664 1088 1 5 98 5 35
665 753 0 2 36 4 39
665 1048 0 9 31 4 48
665 434 2 4 11 4 37
665 1082 4 0 78 4 57
665 915 3 3 80 3 60
665 314 2 6 33 4 49
665 173 4 6 96 3 46
666 976 0 7 70 3 35
666 196 4 2 52 3 44
666 421 4 6 90 3 34
666 205 1 7 36 3 50
667 648 4 6 64 3 50
667 344 2 2 67 3 46
668 1153 1 7 62 3 36
668 92 0 8 52 4 38
668 1083 2 7 57 5 34
668 61 4 7 12 4 59
669 772 2 9 27 4 43
669 549 0 3 2 3 38
670 987 1 9 32 4 52
670 246 2 5 3 4 51
670 934 2 2 28 3 60
670 143 2 1 9 5 36
670 756 0 8 17 4 51
670 909 4 8 82 5 60
670 502 4 3 46 5 54
671 163 0 9 79 5 32
671 26 3 0 88 5 56
671 114 0 5 6 4 59
671 922 0 5 79 3 41
671 1132 2 6 66 5 34
672 202 4 9 48 3 59
672 324 4 5 35 4 37
673 946 4 1 87 4 54
673 735 4 9 64 4 44
673 439 0 6 60 5 57
673 916 0 5 99 4 30
674 989 1 3 68 3 40
674 51 4 8 24 5 56
674 987 3 0 72 5 58
674 876 1 8 35 5 46
674 1146 1 4 39 4 45
674 31 0 4 13 5 39
674 697 0 4 61 5 38
674 852 3 3 57 4 59
676 1122 0 3 38 5 38
676 325 0 2 26 4 31
676 333 2 3 100 4 47
676 431 3 2 86 4 39
676 600 3 8 61 5 32
678 451 3 6 1 5 37
678 257 2 8 41 5 50
678 936 1 1 8 4 47
678 502 0 4 24 3 35
678 1168 3 3 22 5 38
678 311 4 9 90 5 60
679 738 2 0 10 3 47
679 430 2 2 33 4 50
679 758 0 5 54 5 33
679 1108 1 5 83 5 44
680 582 2 8 51 4 52
680 518 1 9 65 3 34
680 738 0 5 66 3 32
680 412 0 9 5 4 31
680 132 0 8 63 5 46
681 18 1 3 95 4 35
681 367 2 2 8 5 37
681 1155 0 9 27 3 34
681 637 4 2 98 5 56
682 954 2 4 28 3 46
682 523 2 1 47 3 56
682 876 3 2 60 3 54
682 227 0 0 21 3 40
682 411 4 1 66 3 46
683 634 3 7 13 3 47
683 196 0 2 97 4 44
683 697 1 3 94 5 32
683 1051 0 8 20 3 58
683 408 2 4 77 4 49
684 623 0 0 82 5 53
684 135 1 4 84 3 43
685 230 2 1 76 5 34
685 386 2 7 1 4 48
685 1116 4 7 32 5 49
685 151 3 1 55 4 53
685 415 2 6 80 5 48
686 379 2 6 73 4 37
686 1092 1 2 24 3 45
686 588 3 3 5 5 52
686 763 0 3 94 4 30
686 550 4 1 55 5 42
687 175 4 3 38 5 53
687 353 0 4 81 5 38
687 983 4 4 19 3 33
688 1051 0 2 80 4 52
688 373 3 4 71 5 38
688 379 3 6 81 4 51
689 9 1 1 46 5 48
689 1057 2 0 61 3 51
689 727 3 6 50 3 58
690 548 0 8 71 5 60
690 534 0 3 52 3 52
691 754 4 7 29 5 54
692 819 2 3 24 3 44
692 871 0 7 66 4 48
692 438 2 8 23 5 50
692 1066 2 7 77 5 42
693 978 4 0 90 5 59
693 101 1 4 66 5 51
694 221 3 5 50 5 39
694 247 3 2 22 5 35
694 674 3 5 16 5 54
694 391 2 6 8 5 44
694 33 2 8 81 4 35
695 456 0 5 22 3 49
696 1140 4 4 42 3 33
696 955 0 9 87 4 50
696 429 3 0 45 4 45
696 749 4 0 9 3 45
696 174 3 4 27 5 40
697 1004 2 6 77 3 46
697 62 2 5 33 5 52
697 241 2 9 49 3 50
697 135 3 0 73 5 33
698 421 1 1 71 5 41
698 1003 3 9 48 4 41
698 858 2 0 7 5 33
698 9 0 7 71 3 39
698 747 1 1 25 4 44
699 300 4 3 16 4 44
699 341 3 2 29 5 44
699 442 2 8 78 5 54
699 687 4 6 86 4 51
701 51 0 1 17 5 31
701 136 1 3 3 4 38
701 545 0 1 42 5 49
702 1109 1 9 3 5 40
702 205 2 6 44 4 59
702 1161 0 2 77 5 39
702 951 2 0 73 5 45
702 450 2 8 90 4 39
703 64 2 4 51 4 37
704 678 0 3 29 5 41
704 1051 4 2 68 4 46
704 945 2 4 99 5 44
705 223 2 3 5 5 57
705 648 1 6 42 4 40
705 174 3 7 45 5 36
706 797 2 6 40 5 52
706 135 3 2 27 3 37
706 921 2 2 29 5 54
706 471 2 4 4 4 47
706 980 1 4 95 3 59
707 767 3 6 56 3 45
707 788 4 0 59 5 48
707 612 2 6 55 4 35
708 618 0 3 69 3 55
708 277 2 4 2 5 36
708 279 2 6 41 3 59
708 515 0 1 43 3 36
708 45 4 2 52 3 60
709 1185 2 3 52 3 33
709 475 1 6 54 4 52
709 895 3 4 45 4 50
709 445 0 3 71 4 43
709 824 0 8 19 5 47
710 1167 4 9 31 3 40
710 413 1 2 2 4 53
710 810 1 9 60 5 60
710 310 4 4 40 3 30
710 705 2 0 15 4 50
710 47 3 6 72 3 32
711 883 2 3 23 3 40
711 103 2 4 77 3 57
711 514 1 8 96 4 35
711 464 0 6 95 4 60
712 633 3 0 54 3 50
712 955 3 4 99 5 57
712 187 4 1 45 5 48
712 158 1 4 38 5 41
713 785 2 0 53 4 45
713 1177 2 8 1 4 56
713 847 0 2 97 3 51
713 780 1 7 72 4 51
714 1187 4 5 98 5 34
714 610 3 2 46 3 54
715 643 4 7 4 5 57
715 536 1 0 50 3 44
715 761 1 9 33 3 40
715 428 0 8 92 5 50
717 1115 4 0 61 3 43
717 346 1 8 46 5 50
717 854 2 8 50 3 33
718 854 0 3 23 5 45
718 380 3 8 10 4 55
719 452 1 0 18 4 47
719 1063 1 5 4 3 32
720 318 0 7 63 3 38
721 128 4 7 78 5 37
721 444 3 6 100 5 47
721 141 3 5 72 3 36
722 467 3 3 89 5 44
722 1003 0 6 59 5 34
723 1046 2 0 32 5 54
723 953 4 6 20 5 52
724 462 0 7 37 5 47
724 381 3 2 89 3 36
725 871 4 4 14 4 51
725 286 2 9 99 3 41
725 948 3 5 91 5 46
725 189 0 0 82 5 41
725 544 2 6 55 4 43
726 428 4 9 84 3 60
726 877 2 0 58 5 46
727 314 1 0 87 4 37
727 137 3 9 31 4 59
727 232 2 5 23 5 60
728 419 1 0 3 4 56
728 1178 1 9 18 4 34
730 1024 4 7 3 3 50
730 542 2 5 23 3 43
730 644 3 5 94 5 45
730 385 0 7 2 4 37
730 1018 0 3 48 3 58
731 403 4 7 9 5 31
731 430 0 2 3 4 50
732 664 3 8 57 5 47
732 70 3 1 11 5 59
733 509 2 8 4 5 42
733 258 4 8 90 4 49
733 187 3 5 1 5 47
733 165 0 4 50 4 59
735 700 4 1 1 4 58
735 63 2 7 78 5 46
735 299 3 5 84 3 48
735 166 0 6 62 5 46
735 1166 3 0 10 3 38
735 466 3 4 90 3 31
736 43 0 3 82 3 53
736 595 0 4 82 3 42
736 269 0 5 14 3 49
737 1026 1 5 61 4 60
737 793 0 4 55 5 60
737 601 1 7 3 4 34
737 427 3 0 73 5 53
737 520 3 9 25 5 49
739 845 2 3 81 4 37
739 1136 1 6 18 4 52
740 528 3 2 12 3 38
740 614 2 1 35 5 52
740 1170 2 6 38 3 30
740 616 3 8 11 5 48
740 793 4 6 33 4 51
740 546 2 2 59 5 43
740 1079 0 8 33 4 60
741 408 0 8 50 5 56
742 1148 3 8 3 3 60
742 98 2 9 8 5 31
742 533 1 9 89 3 35
743 676 1 8 52 5 32
743 301 2 6 40 5 41
743 135 4 6 75 3 38
744 234 4 0 57 5 40
745 977 1 4 96 5 39
745 1018 0 1 100 3 44
745 351 0 9 91 4 47
746 303 3 4 15 3 49
746 1038 1 5 63 4 35
746 714 1 5 6 3 50
746 714 4 6 95 5 49
746 516 1 7 82 3 48
747 676 4 5 83 3 57
747 549 3 3 49 5 31
748 667 0 7 76 3 38
748 807 3 4 68 3 54
749 207 4 2 84 4 34
750 352 2 5 97 5 53
750 289 4 1 98 5 60
750 953 3 0 49 5 55
751 778 3 2 74 5 42
751 753 2 8 6 4 49
751 412 4 7 5 3 48
752 846 3 6 49 3 52
752 61 4 4 84 3 34
752 616 1 0 50 3 58
752 694 4 2 28 4 52
753 1073 2 8 78 5 53
753 625 0 0 94 5 44
754 330 4 6 35 5 35
754 281 3 2 94 5 50
755 300 0 4 29 4 51
755 1147 3 4 30 5 43
756 167 2 5 50 3 44
756 809 4 6 73 3 52
756 992 3 4 19 5 40
757 1129 1 2 92 5 45
757 915 1 3 47 5 45
757 746 1 8 76 4 52
757 1048 3 8 75 3 58
757 225 4 8 8 5 48
758 526 3 0 3 3 48
758 1012 2 3 50 3 56
758 1190 1 2 35 4 51
758 61 4 1 82 3 49
758 1192 0 2 85 3 58
759 176 4 8 92 3 53
760 990 1 3 57 5 55
761 1018 1 5 37 3 31
761 960 2 0 92 5 53
762 119 0 6 51 5 47
762 15 1 2 37 4 55
763 499 0 7 52 5 41
763 301 3 6 100 5 35
763 625 1 9 77 5 57
763 247 2 8 90 4 50
765 816 0 9 31 5 53
766 65 2 3 96 4 37
766 36 3 3 16 4 44
766 71 4 6 11 3 31
766 800 3 0 63 4 48
766 144 2 6 87 3 42
767 1162 0 0 47 3 56
767 211 2 8 2 5 48
767 16 3 5 31 4 37
767 763 2 8 19 4 53
767 445 3 7 20 3 47
768 415 3 9 81 5 31
768 892 2 9 37 4 54
768 904 2 8 69 4 42
768 863 2 0 95 5 57
768 1006 1 9 57 3 59
769 690 1 6 23 3 44
769 262 2 5 45 5 57
769 850 1 1 91 4 46
770 983 3 9 57 5 46
770 928 2 7 21 4 50
770 620 4 1 96 5 53
771 1144 4 5 51 4 60
771 120 4 5 49 5 54
771 1080 3 6 78 3 31
771 1129 2 6 78 5 38
771 799 1 8 34 5 58
771 324 2 8 16 4 54
771 375 2 0 42 5 41
771 658 1 6 40 4 55
771 412 4 5 80 5 37
772 398 0 8 6 4 32
772 1027 4 5 13 5 43
772 1066 0 0 38 4 48
772 550 1 5 57 5 40
772 1009 2 1 67 3 46
773 844 1 8 20 4 44
773 1074 3 4 48 5 38
774 144 3 3 5 4 47
774 383 1 5 57 3 35
775 938 0 8 21 3 30
775 173 3 8 63 5 42
776 96 2 2 88 3 34
776 804 1 3 86 4 37
777 458 4 0 10 5 47
777 423 3 8 43 5 53
777 612 0 1 71 3 32
777 169 0 8 21 4 33
777 866 4 8 45 5 53
777 1120 0 3 2 5 33
777 502 0 5 54 5 33
777 312 0 8 67 3 38
778 913 0 1 7 3 37
778 373 3 4 8 4 58
778 753 3 4 22 5 54
779 1183 0 2 46 4 36
779 129 0 0 18 4 36
780 831 0 7 80 5 35
780 1004 1 4 94 3 39
780 296 2 8 94 3 36
781 978 0 9 78 4 44
782 759 4 6 73 4 52
782 994 1 7 48 4 48
782 153 1 6 59 4 48
782 588 0 6 89 4 45
782 1154 4 3 25 3 33
783 382 4 3 17 4 36
783 734 4 0 33 4 54
783 861 0 8 20 4 58
783 287 2 2 12 5 55
784 1027 1 1 53 4 58
784 846 4 3 26 3 32
785 738 4 4 12 4 55
786 497 1 2 78 4 42
786 66 1 5 33 5 37
786 848 3 0 93 4 33
786 787 0 2 60 3 32
788 517 0 4 58 4 34
788 627 1 3 77 4 38
789 690 3 0 73 3 41
789 648 0 4 63 5 58
789 319 0 8 83 4 50
789 124 3 0 14 5 35
789 1112 4 1 55 3 60
789 786 1 5 47 3 58
790 1093 3 7 49 3 52
790 147 1 6 6 5 36
791 1084 1 0 39 5 53
791 125 1 9 37 3 42
791 179 0 8 56 3 49
792 115 1 7 65 4 60
792 685 0 4 82 4 32
792 490 1 8 80 3 39
793 487 3 4 43 3 30
793 91 0 1 60 3 45
793 1181 1 6 35 4 48
793 688 0 7 31 4 56
794 491 4 7 22 3 50
794 1151 1 5 38 3 42
794 1191 2 1 80 4 40
794 968 3 9 7 3 30
794 1120 3 6 83 5 33
795 219 1 7 50 3 39
795 645 3 2 20 4 34
795 534 1 5 80 5 57
796 336 4 8 59 5 60
796 769 3 1 46 5 55
796 129 4 7 96 4 31
796 722 1 0 22 5 34
797 642 4 1 28 4 40
797 721 1 0 90 5 52
797 550 0 1 53 5 43
797 863 4 0 87 3 36
797 895 3 6 42 4 51
798 864 2 7 13 5 46
798 295 3 5 56 3 45
799 99 3 0 2 3 54
799 534 1 4 45 5 49
799 291 0 5 53 3 56
799 1062 1 6 81 4 40
800 816 3 8 61 3 35
800 1162 1 7 36 3 47
800 36 2 6 97 3 39
800 638 4 8 76 4 31
800 841 2 2 68 4 54
800 150 4 3 84 3 37
800 616 1 1 16 3 55
800 4 2 1 17 5 34
800 823 3 3 41 4 34
800 987 3 2 91 5 32
801 477 4 3 66 4 45
801 369 4 5 88 5 60
801 35 4 7 11 3 51
802 1090 3 2 68 3 43
802 775 0 8 6 3 59
802 409 4 6 83 5 31
803 700 2 2 31 4 49
803 99 4 3 89 4 51
804 261 1 9 2 5 55
804 646 4 5 42 4 30
805 1052 0 2 68 4 39
805 719 2 7 76 5 48
805 498 2 3 5 4 60
806 855 1 1 25 4 56
806 418 4 7 44 4 51
806 1187 2 6 45 4 42
806 409 0 5 22 5 35
807 603 0 7 48 5 52
807 904 3 4 47 3 42
807 1183 2 1 91 5 56
807 235 0 1 40 5 38
807 891 2 5 13 3 36
807 581 3 3 83 3 55
808 461 0 1 87 3 55
808 190 2 0 50 5 32
809 1033 0 1 49 5 53
809 771 2 5 62 3 45
809 392 1 5 25 3 32
809 162 4 4 30 5 38
809 1135 3 3 63 5 40
810 317 4 9 19 5 32
810 677 1 8 4 5 46
811 1168 0 9 75 4 54
811 30 1 7 46 5 56
811 348 1 9 100 4 57
811 616 2 7 12 5 58
811 190 3 5 4 5 50
812 349 3 4 37 3 47
812 757 4 7 79 3 38
812 969 2 3 69 4 43
812 589 3 6 44 5 56
813 985 1 1 96 3 36
814 861 3 0 16 5 56
814 709 1 0 88 5 40
814 150 0 1 31 3 36
814 132 1 2 9 5 52
814 303 3 3 76 4 57
814 1108 1 5 29 3 55
814 302 4 8 46 4 48
815 227 0 9 54 3 55
815 983 4 4 75 3 32
815 646 0 0 14 5 40
817 624 1 6 81 3 32
817 449 4 6 62 5 52
817 144 1 1 62 3 43
817 822 4 2 76 5 51
817 470 0 8 7 4 31
818 940 4 2 59 4 35
818 761 1 5 35 5 42
819 647 2 3 76 5 45
819 721 4 2 13 5 41
819 782 0 0 63 4 51
820 1191 2 8 35 3 33
820 859 3 8 90 4 32
821 685 3 5 27 4 44
821 1062 0 3 49 4 34
821 109 3 8 82 5 40
821 1014 3 6 60 5 60
822 839 0 0 53 5 57
822 799 0 5 43 3 46
822 456 4 8 52 5 35
822 515 1 7 27 5 33
822 585 3 7 53 3 49
822 474 3 3 19 5 34
823 793 2 9 59 3 51
823 176 1 7 56 5 38
823 1064 0 5 75 5 48
824 66 1 8 38 3 30
824 313 4 2 68 4 31
825 1093 4 3 62 4 50
825 132 3 4 57 3 38
825 992 0 3 40 3 52
826 292 1 2 26 4 32
827 620 1 1 56 3 35
827 698 1 3 28 5 37
827 1124 1 2 35 5 34
828 932 4 5 18 4 45
828 437 3 9 96 4 47
828 208 4 6 97 4 52
828 534 1 5 72 3 41
829 661 1 1 78 3 37
829 545 3 9 3 4 36
829 420 3 4 67 5 48
829 464 3 9 52 3 36
829 1136 3 8 61 4 43
829 1194 4 5 7 3 36
830 579 4 5 50 4 49
830 1046 3 0 92 4 45
830 853 4 3 68 4 47
830 634 4 2 59 5 39
831 540 3 1 4 4 41
832 168 3 3 92 4 39
833 726 0 7 29 4 31
833 1001 0 1 58 4 42
833 1149 4 0 64 4 43
834 379 0 4 43 5 38
834 473 1 7 38 5 50
834 386 4 5 97 3 40
834 353 2 0 8 5 49
834 88 1 9 5 3 34
835 208 2 3 21 3 53
835 525 2 0 94 5 44
835 963 0 0 71 3 36
835 994 1 0 89 3 54
836 1094 4 2 99 3 57
836 160 0 4 86 5 50
836 231 2 3 7 5 53
836 1008 0 5 33 4 52
836 961 3 3 40 4 57
836 131 2 3 77 5 34
837 232 2 2 19 4 49
837 271 3 3 55 4 50
837 363 3 6 9 3 58
837 324 4 2 62 3 59
839 273 2 2 30 3 37
839 501 1 2 6 3 38
839 301 0 5 32 5 55
840 578 1 4 4 3 45
840 602 4 5 71 5 51
841 557 4 2 12 5 48
841 494 0 6 48 4 56
841 160 3 8 79 3 45
841 226 1 2 52 5 33
841 591 2 0 3 4 34
842 346 1 7 93 5 47
842 105 3 8 45 5 44
842 356 3 2 75 5 34
842 78 1 9 4 5 47
842 447 3 3 71 4 57
843 566 1 7 29 4 54
843 1168 4 2 91 3 43
845 281 2 7 32 4 32
845 263 4 2 61 5 32
846 1126 0 3 81 4 59
847 432 2 9 69 4 35
847 479 0 5 24 5 55
848 932 1 8 21 3 57
849 1033 4 9 88 5 46
849 346 0 2 7 4 30
849 551 3 3 52 4 33
849 528 0 2 56 5 55
850 650 4 4 30 5 44
850 1185 4 5 60 4 49
850 460 4 5 14 5 59
850 1152 4 0 34 4 46
851 638 2 2 84 3 30
852 57 3 3 88 3 39
852 206 0 7 14 5 49
852 376 1 3 33 4 30
852 1137 2 4 49 3 45
852 1008 0 5 82 4 30
853 397 2 0 76 4 49
853 1136 1 9 39 5 43
853 843 1 9 94 4 43
853 940 2 6 52 3 52
854 871 2 7 44 5 33
854 415 1 7 67 4 53
854 168 4 4 25 3 30
854 1062 2 1 29 5 57
855 783 3 9 44 5 41
855 308 4 9 50 5 40
855 493 3 6 19 3 58
855 724 1 3 100 4 31
855 1037 1 5 27 5 60
856 171 4 9 37 4 57
856 903 4 4 53 3 47
857 421 1 8 7 3 33
857 691 4 8 35 4 40
857 739 2 7 67 5 56
857 547 4 8 6 3 50
858 771 3 8 97 5 46
858 191 0 0 11 5 33
858 429 3 4 32 5 52
858 622 2 4 45 4 55
858 744 4 3 73 3 49
858 451 0 8 79 5 50
858 781 3 5 37 4 45
858 380 0 1 56 3 59
859 415 3 3 20 4 31
859 856 0 4 14 3 31
859 919 4 9 97 3 40
860 246 0 0 7 3 51
860 690 0 6 49 5 59
861 1105 1 0 33 4 35
861 348 2 5 3 5 50
862 745 0 9 35 4 32
862 917 2 6 70 4 52
863 412 2 4 7 3 46
863 200 0 6 69 3 50
863 31 2 4 99 3 55
864 494 3 8 16 3 58
864 1056 0 7 23 3 33
864 940 1 1 29 5 33
864 128 4 2 79 4 44
864 889 4 9 13 4 48
865 308 3 7 20 3 36
865 371 4 0 29 5 34
865 1137 2 4 94 4 38
865 869 3 9 25 4 48
865 1119 0 7 58 3 34
866 1139 3 2 44 3 55
867 613 0 3 63 4 53
867 919 3 8 88 5 40
867 393 0 8 20 5 49
868 552 4 2 38 3 47
868 65 2 4 83 4 34
868 174 2 3 16 4 59
868 106 4 2 26 5 54
869 532 0 6 42 4 55
869 209 0 3 99 3 54
869 738 4 3 35 4 38
869 128 4 8 100 5 40
869 127 4 1 32 4 51
870 258 2 5 34 5 51
870 887 3 1 97 4 43
870 817 0 2 83 4 56
870 1105 4 9 81 4 30
870 255 0 9 85 3 39
870 334 3 0 25 3 33
870 136 4 5 12 4 50
870 1189 3 0 47 4 58
871 857 3 7 94 4 56
872 951 2 7 86 5 55
872 305 0 0 67 3 47
872 790 3 7 78 5 35
873 1146 3 9 20 4 44
874 1038 1 9 41 3 32
874 673 0 1 54 5 42
874 560 1 8 44 3 49
874 365 3 2 57 5 38
875 622 4 7 14 4 41
875 964 0 4 79 3 47
875 601 2 2 20 5 39
875 429 3 9 14 3 34
875 646 3 9 8 3 50
876 723 2 8 12 4 45
876 412 1 5 36 4 41
876 814 4 1 39 4 43
877 603 2 4 36 5 42
877 773 2 6 49 3 56
877 990 4 5 76 3 49
877 669 0 3 35 4 35
877 26 0 8 93 5 44
878 1103 1 4 93 3 59
878 98 4 5 9 3 37
878 1070 0 7 11 3 55
879 656 4 4 3 4 45
880 1026 3 0 50 5 39
880 303 0 5 73 4 47
880 29 4 8 98 3 56
881 113 1 3 49 3 41
881 904 4 1 86 5 34
882 204 3 0 24 5 45
882 193 3 9 96 4 45
882 1093 2 5 34 5 45
882 1120 4 2 66 5 42
883 1112 1 2 56 3 33
883 830 4 4 10 4 33
884 1197 2 6 48 4 49
884 129 3 4 55 5 46
884 743 4 6 60 5 53
884 957 3 2 33 4 30
884 611 2 2 84 4 54
884 446 4 9 83 5 49
885 1144 3 2 8 4 56
885 751 0 6 4 3 44
885 1020 4 4 45 4 44
886 79 2 4 33 3 36
886 662 1 1 48 3 34
887 749 0 8 25 3 52
887 716 4 1 21 3 45
887 132 4 2 75 3 52
887 428 2 3 45 4 35
888 1079 4 7 25 5 54
888 207 4 0 50 4 45
888 198 4 5 64 5 48
888 788 3 2 31 5 31
889 317 3 0 85 3 60
889 326 1 4 17 4 42
890 1147 1 5 99 3 52
891 385 4 1 19 4 40
891 151 1 9 10 4 53
891 798 1 9 95 5 50
891 988 0 5 87 4 35
891 459 4 7 70 4 43
892 13 4 4 98 3 49
892 396 2 2 35 3 54
892 380 3 2 51 3 30
892 1098 3 6 92 4 32
892 141 3 6 54 5 55
892 229 4 2 44 5 43
893 1004 2 2 63 5 49
893 134 2 9 27 5 59
893 516 2 1 74 3 48
893 948 1 9 40 4 34
894 507 2 2 78 5 50
894 911 1 3 55 5 45
894 518 0 5 58 4 36
894 354 1 8 34 3 48
894 665 3 7 78 3 39
895 77 1 7 83 3 44
895 755 4 6 94 4 44
895 699 0 8 74 5 59
896 834 4 6 19 4 32
896 738 4 3 45 3 32
896 810 2 6 40 4 45
897 289 4 2 72 4 50
897 46 2 3 48 4 42
898 607 0 4 41 5 43
898 28 3 3 95 3 53
898 427 0 2 38 4 44
898 461 4 6 10 5 41
898 878 1 5 41 3 49
898 794 0 6 30 3 38
899 791 4 1 94 3 39
899 36 0 5 25 3 54
899 159 4 3 35 3 36
899 792 2 6 4 4 60
900 75 4 2 24 5 40
901 1193 2 9 57 4 36
901 1024 4 8 18 5 35
901 814 0 4 22 3 58
902 293 3 6 63 5 31
902 640 0 7 54 5 30
902 641 3 6 80 4 36
902 1126 1 1 27 5 33
902 124 3 8 12 3 52
902 491 1 9 26 4 33
903 226 2 2 11 5 52
903 928 3 6 55 5 49
903 867 0 6 29 4 39
904 1079 0 7 8 4 42
904 232 0 6 32 3 36
904 471 2 5 68 4 60
904 774 2 2 96 4 52
905 260 3 1 7 5 46
905 499 0 4 78 3 34
905 758 2 5 3 5 33
906 322 2 6 69 4 56
906 628 1 3 58 5 37
906 524 3 1 71 4 39
906 960 1 0 63 5 43
906 1039 2 0 33 4 51
906 957 4 0 97 5 36
907 90 1 8 74 4 41
907 449 3 2 22 3 44
908 266 4 5 81 4 49
909 986 3 3 3 4 56
909 528 0 7 68 3 45
909 586 1 7 72 5 60
909 272 4 7 8 3 36
910 1090 2 7 3 4 41
910 1072 1 1 71 4 40
910 716 0 1 100 3 44
910 327 3 0 47 5 42
911 1057 3 3 89 5 50
911 42 1 4 20 3 32
911 1067 2 7 9 4 31
911 458 3 6 38 3 48
912 695 1 2 71 3 54
913 177 2 5 98 5 43
913 16 2 1 54 5 43
913 811 1 9 41 3 57
914 371 0 9 17 5 41
914 506 2 8 95 4 35
915 986 4 2 63 4 57
915 857 1 9 45 5 47
915 584 1 1 60 5 32
916 592 2 6 92 5 39
916 139 3 3 53 5 52
916 193 1 0 74 4 52
916 1036 2 5 75 4 43
917 460 3 8 56 5 42
917 822 4 6 7 3 44
917 834 3 4 6 5 51
917 851 2 6 6 4 59
917 465 1 9 7 4 39
917 1189 2 9 80 5 45
918 939 4 0 75 4 49
918 182 3 7 28 5 56
918 869 0 2 82 5 43
919 590 4 9 4 3 31
919 1103 2 3 63 4 55
919 600 4 1 25 4 40
920 785 2 2 21 4 40
920 178 0 9 40 4 32
920 1183 0 6 38 3 40
921 612 1 1 100 4 43
921 906 0 8 50 3 35
921 469 3 3 34 5 56
921 890 0 8 64 5 49
922 832 2 1 32 5 36
922 1185 3 4 21 3 44
922 345 0 0 14 4 58
922 309 4 5 14 4 47
924 945 0 7 3 3 33
924 368 3 4 8 5 40
924 423 0 2 58 3 36
925 150 1 4 50 3 44
925 650 1 5 90 5 42
925 732 2 3 38 5 46
925 466 0 6 29 5 47
928 443 4 4 49 3 56
928 355 3 7 66 3 32
928 345 2 8 14 4 60
929 402 1 0 35 4 34
929 109 3 9 92 3 30
930 24 2 7 56 4 54
930 554 3 7 30 5 31
930 151 1 0 74 5 49
931 791 2 9 78 3 34
931 318 4 0 43 5 49
931 1097 4 6 63 4 55
931 609 2 4 17 4 51
932 331 3 5 76 5 48
932 656 2 5 49 5 44
932 538 0 1 6 4 58
932 432 1 4 19 4 39
932 1006 4 5 65 5 48
932 64 4 1 64 4 57
932 221 3 7 96 4 54
932 303 1 2 64 4 53
932 67 0 8 50 4 40
933 218 4 5 27 4 60
933 92 0 6 91 4 60
933 105 2 8 82 5 33
935 709 4 8 80 3 58
936 245 4 0 92 4 56
936 859 4 6 57 4 32
936 623 3 6 27 5 45
936 395 1 8 22 3 57
936 205 0 2 16 4 38
936 1000 3 4 19 3 39
937 571 1 9 21 5 36
937 154 1 4 3 3 58
937 445 3 4 43 4 42
937 233 2 7 4 3 36
938 873 3 6 20 3 47
938 1160 0 1 40 4 48
938 641 1 2 93 5 56
938 374 3 0 72 3 37
939 388 4 9 54 5 48
940 809 0 3 40 3 48
940 1154 1 4 63 3 38
940 908 3 3 48 3 31
940 413 3 7 63 5 38
941 127 4 9 39 4 58
941 341 1 8 40 5 57
941 606 0 8 44 5 35
941 523 1 2 62 5 56
941 287 3 7 19 4 32
941 955 0 0 85 4 56
941 82 4 3 37 5 33
942 1165 3 2 23 5 40
942 768 2 6 6 3 31
942 37 1 1 76 5 58
942 95 1 9 4 3 31
943 311 4 1 99 3 57
944 241 2 0 61 3 58
945 191 3 3 1 5 60
945 76 0 4 91 3 42
945 994 3 6 90 4 58
946 855 4 7 98 4 57
946 638 3 6 35 5 43
947 978 2 3 31 3 60
947 638 0 0 73 4 59
947 1046 2 9 60 3 51
948 866 0 4 62 3 58
948 577 1 3 2 3 47
948 1035 3 7 83 4 38
948 743 2 2 65 4 46
949 1124 1 8 48 3 40
949 214 3 2 25 5 31
949 1032 1 5 32 5 50
949 593 3 8 53 5 37
949 1164 0 0 4 3 46
949 737 4 5 98 4 44
949 655 2 2 75 3 51
950 536 4 8 80 3 47
950 479 2 1 55 3 44
950 8 1 2 73 3 60
951 338 0 8 1 5 36
951 937 2 6 7 3 37
951 969 4 2 66 4 51
952 225 4 9 67 5 44
952 1013 4 5 66 3 32
952 487 2 6 74 4 31
952 761 4 9 97 3 32
952 1050 1 5 11 3 58
953 759 1 1 61 3 34
953 153 1 0 75 4 35
953 1098 2 4 53 4 37
953 542 1 2 92 5 39
954 251 1 8 63 4 35
954 1075 1 4 83 4 51
954 864 0 3 64 4 49
954 435 0 4 51 4 49
954 433 3 3 31 5 53
954 459 2 0 63 4 41
954 54 1 3 17 5 30
955 746 2 7 3 5 31
955 838 4 9 60 5 43
955 185 2 0 36 5 53
956 344 1 7 13 3 48
956 512 0 4 65 5 38
956 104 4 7 12 3 42
956 310 2 8 43 5 57
956 3 4 5 46 3 43
956 106 1 7 55 3 51
957 101 1 0 70 5 35
957 1055 2 2 51 3 52
957 1044 3 7 76 3 44
957 397 3 3 26 4 53
958 1107 2 8 40 3 30
959 761 3 1 57 3 43
959 570 4 6 35 3 35
959 262 1 7 58 3 58
959 1169 2 5 69 3 43
959 268 2 1 16 4 32
959 1139 1 3 92 3 45
960 688 4 9 91 4 59
960 124 2 9 93 4 44
960 1027 4 0 80 5 38
961 752 1 5 26 5 46
961 961 4 7 1 3 50
961 174 0 7 3 4 50
962 972 2 3 29 3 49
962 1029 3 4 83 4 57
962 515 1 9 36 4 52
962 390 3 0 80 4 52
962 709 2 3 13 3 49
962 862 1 0 74 5 37
962 469 0 1 78 5 43
962 383 3 3 89 4 45
962 960 2 4 84 3 39
963 281 2 6 64 4 54
963 1183 2 9 74 5 60
964 781 4 0 77 4 45
964 952 2 8 1 4 50
964 1163 3 0 33 3 44
964 320 3 2 82 3 56
964 225 2 0 20 5 36
964 128 2 1 10 3 47
964 170 3 7 2 5 60
965 1080 3 6 45 5 34
965 678 2 0 51 3 48
965 660 3 9 53 4 59
965 415 2 6 36 5 60
965 98 2 9 56 5 40
965 472 3 8 48 3 42
965 158 4 6 90 5 32
965 128 0 3 76 4 48
966 685 0 3 91 4 42
966 1026 4 7 25 4 50
968 696 2 5 21 3 35
968 336 2 1 21 3 39
968 51 1 0 6 5 53
968 44 3 7 23 5 33
969 283 4 6 76 3 44
969 234 2 1 55 4 50
969 943 0 6 45 4 43
969 202 3 1 50 5 39
969 1062 3 7 100 4 41
970 564 1 6 28 4 31
971 92 4 1 43 5 56
971 820 1 2 51 5 31
971 1004 2 0 22 5 54
971 1072 4 0 50 5 44
971 888 1 1 68 4 52
972 690 3 8 44 5 56
972 736 3 4 52 5 47
972 334 4 1 29 5 36
973 95 2 5 30 4 38
974 622 4 2 53 3 59
974 544 3 6 90 4 52
974 1076 1 6 12 4 36
975 398 4 9 73 5 39
975 136 3 5 15 5 49
975 847 3 9 50 3 52
976 450 3 5 66 4 45
976 974 1 7 4 4 53
977 462 3 3 17 3 57
977 533 1 1 30 5 52
977 933 4 6 60 4 52
977 209 0 6 68 5 36
978 1045 2 9 96 5 54
978 1192 4 8 93 5 48
979 232 0 9 80 3 54
979 555 3 8 61 3 53
980 450 4 1 49 3 43
980 636 0 5 79 3 41
980 673 1 2 19 4 30
980 1103 2 1 12 5 46
981 476 4 0 81 4 42
981 782 0 7 3 5 36
981 553 4 5 58 4 30
981 690 2 0 6 4 31
982 139 3 6 52 4 56
983 365 1 7 13 3 46
983 412 1 9 82 3 60
983 867 2 7 37 3 42
983 78 4 3 16 3 60
984 454 0 3 93 3 41
984 701 2 3 88 4 57
985 1057 4 8 56 5 30
985 227 3 3 65 4 33
986 1080 4 7 50 3 51
986 377 4 7 26 5 44
987 376 3 9 20 3 40
987 1196 0 0 15 3 60
987 622 1 9 13 4 43
987 364 0 5 98 5 52
987 1151 1 3 86 3 38
987 645 2 4 94 5 58
988 730 3 6 81 5 30
988 694 3 1 31 4 41
990 471 0 6 30 3 37
990 720 0 4 67 3 47
991 52 2 1 3 3 32
991 1120 2 7 35 3 49
991 300 3 2 5 3 46
991 64 2 7 30 4 46
992 50 3 7 76 5 34
992 8 1 5 78 3 56
992 646 1 5 50 3 43
992 191 4 6 38 5 41
992 874 0 3 60 3 48
993 553 1 9 100 4 35
993 940 1 6 38 3 55
993 1154 1 0 4 5 53
993 5 4 6 4 4 41
993 975 2 7 74 3 60
993 245 4 8 87 3 59
994 485 1 2 89 3 46
994 465 3 5 69 4 33
994 488 1 0 53 5 30
994 415 1 1 38 4 55
994 132 0 2 15 4 46
995 77 0 9 78 5 49
995 959 4 5 20 4 35
995 694 0 5 25 5 47
995 311 1 8 86 3 58
995 589 1 4 87 3 45
996 229 3 3 77 4 43
997 55 4 2 100 4 45
997 893 4 7 42 5 59
997 146 4 3 43 5 44
997 841 1 7 77 3 38
997 698 0 7 79 3 44
998 284 2 0 19 5 34
998 414 0 9 92 5 46
999 294 0 2 85 4 58
999 126 0 6 64 5 48
999 595 2 5 14 4 45
999 1172 3 9 19 3 30
999 90 0 2 23 5 56
1000 130 3 2 71 4 54
1000 1087 2 6 52 5 41
1000 114 2 8 29 4 51
1000 769 4 7 30 3 41
1000 461 2 9 97 5 44
1000 466 3 4 38 5 39
1001 717 2 7 56 3 48
1001 649 4 3 99 3 49
1001 31 3 0 18 5 57
1002 1010 4 0 100 4 50
1002 751 2 9 56 4 39
1002 636 0 9 23 5 47
1002 872 2 6 26 3 56
1002 535 3 5 46 4 30
1002 543 4 5 90 4 31
1003 104 1 7 18 4 43
1003 242 2 5 20 3 34
1004 574 3 3 68 4 36
1004 806 4 9 4 4 37
1004 1096 2 7 72 4 32
1005 1012 2 6 76 5 55
1005 714 0 3 17 4 58
1005 296 0 4 29 5 46
1007 116 4 0 57 5 42
1007 479 4 3 18 4 46
1007 486 2 0 76 3 35
1007 338 2 7 53 3 43
1007 9 1 3 25 4 53
1008 60 3 3 91 4 45
1008 637 2 3 92 3 51
1008 753 3 7 57 5 31
1009 19 2 0 14 4 59
1009 1165 0 5 19 3 60
1009 42 3 7 60 3 30
1009 920 3 2 52 4 55
1009 45 2 1 99 3 47
1010 565 0 7 31 4 60
1011 294 2 5 40 4 49
1011 475 3 0 55 4 30
1011 157 0 5 53 5 30
1012 148 3 5 52 3 30
1013 797 1 5 87 5 44
1015 762 2 9 4 5 45
1015 1173 0 3 28 5 39
1015 251 3 1 23 3 52
1016 71 1 1 79 4 58
1016 556 1 3 85 4 30
1016 1061 4 2 50 3 41
1016 1110 3 9 74 3 60
1016 813 0 9 74 5 44
1016 959 4 0 30 3 37
1017 96 2 7 85 5 31
1017 183 2 2 82 4 47
1017 285 1 9 70 3 48
1017 1128 1 6 12 4 31
1018 162 0 6 85 3 34
1018 522 4 9 37 3 39
1018 681 4 7 32 4 59
1018 318 1 1 5 5 44
1018 636 0 1 85 3 52
1020 308 1 5 77 4 52
1020 857 2 6 91 5 36
1021 926 4 9 73 5 43
1021 667 2 2 25 3 45
1021 22 0 2 37 4 53
1021 1045 4 5 18 4 36
1021 937 4 2 74 4 53
1022 214 1 8 92 3 32
1022 246 3 8 67 4 51
1022 240 3 8 82 4 42
1023 45 4 3 70 5 34
1023 504 1 7 40 5 31
1023 1141 4 8 18 5 56
1023 796 3 6 72 4 33
1024 410 1 4 74 5 54
1024 31 3 8 4 3 44
1024 947 1 1 41 5 36
1024 746 4 9 11 4 43
1025 898 2 7 87 4 40
1026 714 0 3 62 5 40
1026 1109 2 7 58 5 33
1027 1014 1 9 42 4 40
1027 1095 3 9 77 3 40
1027 283 4 4 64 3 32
1028 253 2 0 26 5 47
1028 711 2 5 29 4 48
1029 752 3 7 16 4 40
1029 101 1 4 85 4 35
1029 524 2 7 19 3 59
1029 453 0 4 65 5 50
1030 709 2 5 55 5 40
1030 742 3 2 47 3 52
1030 15 4 9 68 5 60
1030 395 1 2 11 5 32
1030 1119 1 6 59 4 60
1031 83 1 0 38 3 31
1031 477 1 9 16 4 49
1032 98 4 4 49 3 58
1032 103 2 2 84 3 43
1032 138 0 5 33 5 48
1033 206 1 0 65 3 57
1034 930 2 5 50 4 44
1034 1170 4 6 65 4 49
1034 15 3 7 86 4 36
1034 931 4 3 81 5 53
1034 379 1 3 36 3 47
1035 208 3 0 45 5 40
1035 1061 2 2 58 3 47
1035 317 2 0 14 4 55
1035 122 4 2 60 4 47
1036 538 1 4 31 4 49
1037 1181 0 5 70 3 33
1037 101 0 1 13 3 50
1037 343 1 4 96 4 58
1037 12 4 1 38 4 44
1037 404 2 0 71 4 58
1038 716 1 6 65 5 50
1038 904 2 5 34 5 56
1039 939 1 6 54 3 49
1040 529 1 9 6 5 54
1041 1027 4 8 40 3 51
1041 608 3 4 81 5 42
1041 593 3 6 61 4 37
1042 200 1 7 94 5 60
1043 97 1 5 60 4 42
1043 844 3 8 79 4 43
1043 800 0 3 59 4 46
1044 66 2 9 35 4 32
1044 786 4 8 3 3 40
1044 806 3 8 39 5 50
1044 968 2 0 64 3 47
1045 642 1 9 37 4 49
1045 345 2 9 56 5 54
1045 832 4 5 20 3 49
1045 574 3 3 71 4 58
1045 1082 1 2 77 5 34
1046 140 0 7 2 5 56
1046 935 1 6 68 3 46
1046 195 0 5 92 5 51
1046 525 0 5 25 3 46
1046 677 3 6 43 5 52
1047 509 4 1 36 5 31
1048 912 3 5 12 5 31
1048 1047 2 5 12 5 50
1049 704 4 3 26 4 33
1049 66 3 6 11 5 45
1049 1026 1 9 2 3 47
1049 194 2 6 9 5 59
1050 388 3 9 42 5 47
1050 341 3 8 46 4 60
1050 33 2 9 52 3 47
1050 733 3 3 55 3 32
1051 302 3 8 90 3 30
1051 917 3 3 26 3 60
1052 158 2 2 65 4 35
1052 797 0 8 22 5 55
1053 341 4 6 26 4 34
1053 922 0 1 37 5 50
1053 691 1 6 28 3 48
1053 528 4 7 15 5 53
1053 124 0 2 68 5 51
1053 803 1 2 28 5 59
1053 979 3 7 52 4 58
1054 68 0 2 42 3 53
1054 151 2 6 82 5 58
1055 262 4 5 32 3 35
1055 986 1 0 69 4 39
1055 783 3 1 59 3 33
1055 766 1 8 55 4 49
1055 389 0 7 75 3 52
1055 588 4 7 67 3 35
1056 1005 3 6 82 3 50
1056 350 2 4 36 5 35
1056 997 2 8 79 5 51
1056 62 0 5 77 4 48
1056 1166 0 5 64 5 30
1056 607 0 5 28 4 30
1056 159 4 7 69 4 37
1057 939 1 2 91 5 46
1058 1194 2 4 80 5 59
1058 815 3 4 83 4 46
1058 1035 4 2 53 3 47
1059 804 4 0 100 5 32
1059 652 1 5 74 5 30
1060 1198 0 1 34 4 31
1060 1196 4 9 40 4 60
1061 30 4 9 14 4 37
1061 491 3 0 51 5 44
1061 623 0 8 93 4 40
1062 446 0 4 57 3 40
1062 1140 4 0 27 5 48
1063 793 4 7 7 5 43
1063 68 4 9 29 4 48
1063 69 0 0 68 5 43
1064 743 2 7 66 3 58
1065 917 4 0 99 5 37
1065 753 2 5 25 5 55
1065 223 0 8 95 3 59
1065 795 3 7 59 4 50
1065 244 2 5 5 3 59
1066 186 4 9 47 3 53
1067 117 2 9 24 3 53
1068 487 2 4 83 4 46
1068 1046 1 9 38 5 45
1069 429 3 3 25 3 53
1070 1029 3 2 18 4 60
1070 378 3 0 36 4 48
1070 295 2 4 15 3 33
1070 1151 4 4 12 5 36
1071 1094 1 2 7 3 57
1071 273 4 1 58 4 37
1071 501 3 6 41 4 33
1072 1190 2 9 95 5 42
1072 636 0 7 73 5 36
1072 41 4 5 56 5 54
1072 146 1 6 39 5 47
1072 212 2 0 39 3 31
1072 493 2 2 2 3 42
1072 432 0 8 61 4 60
1072 393 4 7 5 4 37
1072 650 2 6 16 5 42
1073 461 3 6 65 4 57
1073 1005 4 8 39 5 50
1073 789 4 2 62 4 31
1074 701 4 1 35 5 36
1075 655 0 8 56 3 54
1075 348 4 2 61 3 49
1075 654 4 8 85 4 31
1075 532 0 3 79 5 60
1076 105 4 1 52 4 37
1076 671 2 2 20 5 60
1077 836 1 3 71 5 46
1077 925 4 4 9 3 56
1078 956 0 3 64 5 56
1079 845 0 5 74 3 58
1079 1044 3 8 80 5 31
1079 1112 0 4 15 5 50
1079 1171 4 5 20 4 38
1080 1047 2 4 75 3 36
1080 1012 3 2 76 4 50
1081 624 1 1 14 4 42
1081 866 1 5 51 3 33
1082 102 3 5 14 4 51
1082 324 4 5 40 4 48
1082 15 2 8 9 4 51
1082 14 4 0 18 5 39
1083 857 0 8 77 3 34
1084 854 3 9 45 5 49
1085 639 1 8 43 4 45
1085 1123 0 7 1 5 41
1085 854 1 0 97 4 50
1085 793 0 0 58 3 33
1085 45 3 9 48 4 51
1085 1024 0 0 46 5 30
1086 1014 1 8 11 5 32
1086 176 2 1 49 3 43
1086 63 0 2 8 5 43
1087 984 1 4 75 5 38
1087 1197 1 7 35 3 39
1087 908 1 1 32 5 32
1087 894 0 9 76 4 30
1087 849 1 4 31 3 59
1087 66 2 3 77 3 40
1087 295 1 0 73 3 52
1088 580 3 6 67 3 42
1088 1118 0 3 2 5 51
1088 857 4 1 30 5 56
1089 919 0 0 42 5 31
1089 173 2 9 36 3 41
1089 805 3 4 56 3 57
1089 62 3 2 14 5 32
1091 622 3 1 100 3 55
1091 755 4 7 46 3 38
1091 878 4 6 99 3 37
1091 872 1 8 70 4 49
1092 492 1 2 40 3 50
1093 35 1 5 66 4 46
1093 831 2 1 84 4 57
1093 1184 1 6 60 3 48
1093 1133 3 1 32 4 57
1094 157 3 0 30 5 39
1095 1132 1 1 70 5 56
1095 170 2 0 88 4 31
1096 107 0 0 55 3 55
1096 125 2 2 73 5 39
1096 923 1 2 48 5 58
1096 542 4 1 40 5 41
1097 802 4 6 9 3 53
1097 902 3 4 90 3 49
1098 319 3 1 72 4 47
1098 127 1 3 4 4 32
1098 522 4 7 94 5 44
1098 3 4 4 37 5 51
1099 935 0 3 67 5 37
1100 314 0 4 3 4 56
1100 1145 3 6 27 3 43
1100 123 2 9 78 5 52
1100 608 2 8 66 4 42
1101 1177 0 1 92 3 34
1101 1071 2 7 59 4 31
1101 805 2 4 34 3 34
1101 1188 3 4 24 4 36
1101 752 0 3 69 5 42
1101 832 1 8 60 4 49
1101 72 2 5 46 4 32
1101 119 2 3 9 5 34
1102 121 1 8 67 5 36
1102 660 0 2 97 3 50
1103 56 2 4 34 3 51
1103 178 2 3 81 3 37
1104 1070 3 2 93 5 40
1104 1028 1 1 66 5 43
1105 353 3 6 59 4 48
1105 438 2 2 34 5 44
1105 282 0 6 17 4 40
1106 438 1 9 82 4 36
1106 473 0 7 4 5 46
1106 826 4 2 98 4 42
1106 367 3 1 48 5 45
1106 307 4 4 32 4 59
1106 1042 3 9 93 4 59
1106 338 4 6 80 4 30
1107 255 0 2 33 5 54
1107 80 2 5 67 3 55
1108 421 2 8 30 3 59
1108 64 4 2 15 3 51
1108 64 4 2 97 3 55
1109 546 0 9 66 5 47
1109 346 2 8 68 3 55
1109 395 1 7 86 4 38
1109 1128 4 8 70 4 32
1110 591 1 2 98 5 58
1110 775 4 0 18 5 36
1110 44 4 7 79 5 35
1111 620 0 4 44 4 38
1111 433 3 8 71 5 34
1111 463 3 2 98 4 42
1111 565 4 4 85 5 49
1111 815 3 7 40 5 38
1113 691 1 2 81 5 42
1113 929 4 7 2 5 36
1114 300 4 1 12 4 33
1114 389 3 1 16 5 48
1115 371 4 9 69 4 38
1115 522 4 5 43 3 52
1115 619 0 8 37 4 40
1115 358 1 6 36 5 43
1115 700 4 0 87 5 60
1115 1051 1 3 50 3 44
1116 934 1 9 13 4 52
1116 492 3 0 14 4 31
1116 428 2 4 91 3 43
1117 726 2 9 72 3 54
1117 19 2 8 28 5 43
1117 12 4 6 53 4 50
1117 56 1 4 4 3 37
1118 540 2 6 80 3 31
1119 625 1 4 94 3 54
1119 353 4 6 5 4 53
1119 947 2 3 66 4 39
1119 70 3 3 3 4 34
1121 859 0 7 90 3 58
1121 310 1 5 49 4 35
1121 323 0 7 66 5 43
1121 431 0 8 2 3 54
1121 22 2 5 26 5 32
1122 438 2 4 39 4 47
1122 39 1 7 6 5 36
1123 971 0 0 3 3 57
1123 530 3 5 80 5 33
1124 912 4 9 34 3 49
1124 898 2 9 74 4 53
1124 694 1 8 64 4 40
1124 175 1 9 37 5 40
1125 394 4 4 81 4 31
1125 1035 3 8 27 3 41
1125 906 4 7 75 3 38
1126 952 4 7 99 5 45
1126 917 0 2 84 3 36
1126 1006 2 9 39 5 39
1126 140 4 6 30 5 46
1127 519 1 5 3 4 60
1127 1110 3 2 8 4 30
1127 809 0 0 10 3 53
1127 506 4 8 81 3 51
1127 746 0 3 85 3 57
1127 403 4 5 8 4 40
1128 884 2 8 92 3 52
1128 74 1 3 72 4 47
1128 584 0 7 45 5 33
1129 434 2 8 99 4 37
1129 333 0 5 21 5 43
1129 1042 2 8 28 5 32
1130 1075 1 9 66 4 43
1130 567 0 5 60 4 46
1130 33 0 9 87 5 32
1130 226 4 2 81 5 42
1130 416 3 9 69 5 56
1131 1021 3 0 29 3 60
1131 773 4 5 9 4 39
1131 25 0 1 34 5 45
1131 660 3 1 8 3 35
1131 48 1 6 84 3 55
1131 892 3 0 100 5 43
1131 926 3 9 81 4 51
1132 1002 1 9 84 5 32
1132 1110 1 8 63 3 36
1133 629 3 3 60 5 43
1133 507 2 0 72 4 44
1134 455 0 2 5 4 53
1134 565 1 5 63 4 46
1134 1110 3 2 60 4 41
1135 694 1 0 30 3 60
1135 79 3 7 46 4 53
1135 643 4 4 78 5 44
1136 647 3 0 73 5 59
1136 870 1 8 77 3 31
1136 1010 3 0 32 5 37
1136 931 3 3 95 3 42
1137 278 4 6 40 5 48
1137 742 1 2 17 5 42
1137 1128 2 1 22 4 57
1137 969 4 3 23 4 56
1137 1000 4 6 74 4 39
1138 843 0 3 43 4 55
1138 134 1 7 99 5 41
1138 285 3 2 13 4 49
1138 276 1 0 81 5 45
1138 276 2 7 55 4 37
1138 306 0 4 53 3 55
1140 641 2 5 97 4 58
1140 317 0 7 93 5 48
1140 481 2 0 95 5 41
1140 756 4 0 24 3 37
1140 331 1 8 58 5 49
1141 313 3 8 28 3 42
1141 349 2 5 63 5 31
1141 594 3 8 60 3 58
1142 819 2 6 77 3 34
1143 897 2 0 82 3 46
1143 439 2 8 57 4 44
1143 126 4 0 11 3 42
1143 62 0 6 70 4 60
1144 509 2 3 7 5 33
1144 896 2 9 97 4 38
1145 806 0 7 69 4 33
1145 42 1 1 4 5 46
1147 149 2 1 50 3 33
1147 139 4 0 62 3 47
1147 665 1 5 84 5 41
1148 144 0 0 47 3 39
1148 1145 2 4 2 3 57
1148 224 3 4 76 5 52
1149 345 3 7 43 4 47
1149 145 4 5 24 5 56
1150 1026 2 3 30 5 37
1150 472 3 6 12 3 56
1150 956 2 9 21 3 52
1150 877 1 5 57 5 52
1150 427 0 3 100 3 57
1150 798 4 9 4 4 44
1151 897 0 7 83 4 60
1151 191 1 5 41 5 39
1151 393 3 0 86 5 32
1151 308 4 3 16 5 37
1151 555 2 2 93 3 32
1151 845 0 5 58 4 48
1151 421 2 5 96 3 54
1151 1161 0 0 82 3 47
1152 684 4 9 78 4 35
1152 856 4 9 17 4 53
1152 528 1 1 77 4 44
1152 972 0 4 12 4 40
1152 914 3 9 29 3 37
1153 1190 2 9 13 3 35
1153 278 1 2 13 3 41
1153 781 2 5 85 5 32
1153 13 3 2 14 5 44
1153 733 2 9 81 3 56
1155 327 3 9 41 5 53
1155 341 3 2 63 4 53
1155 67 4 5 45 3 47
1155 387 4 3 18 4 42
1155 837 2 6 26 5 47
1155 889 1 9 98 5 52
1156 423 2 8 22 4 44
1156 121 3 8 37 5 51
1156 726 0 4 70 4 51
1156 191 3 9 54 4 59
1157 209 2 0 67 5 46
1157 1159 4 8 67 4 31
1157 1102 0 8 46 4 33
1157 1099 0 4 54 5 43
1158 490 3 6 97 3 52
1158 261 3 6 62 5 44
1158 729 2 8 94 4 58
1158 444 3 9 53 5 54
1158 134 2 0 36 3 54
1159 1000 3 1 85 5 30
1159 543 4 3 4 3 32
1159 131 1 1 26 4 52
1160 781 3 8 93 5 32
1160 215 1 7 32 4 51
1160 60 2 1 18 4 56
1160 289 1 4 48 5 52
1160 431 4 9 63 3 54
1161 486 0 7 7 5 42
1161 766 4 3 2 3 46
1161 956 1 9 9 3 38
1162 507 2 3 32 3 34
1163 18 3 8 24 3 49
1163 1100 1 8 39 5 37
1163 239 4 5 32 3 56
1163 1078 4 8 12 5 33
1163 421 4 0 84 4 44
1164 902 2 9 31 4 31
1164 681 2 9 6 4 60
1165 626 3 5 55 4 54
1166 808 3 8 87 5 33
1166 1059 4 9 11 5 38
1167 852 4 1 23 5 46
1168 736 4 3 89 4 55
1168 122 1 9 38 5 48
1168 224 0 5 4 3 60
1169 47 2 4 47 4 40
1169 899 0 1 91 4 51
1169 123 0 9 14 4 39
1169 335 1 8 60 3 52
1169 454 0 4 39 4 43
1169 457 4 0 20 3 33
1170 822 0 2 74 3 45
1170 738 2 6 43 3 45
1170 1088 0 7 91 3 59
1170 967 3 3 90 4 40
1171 865 4 3 72 3 57
1171 1191 1 1 17 3 39
1171 907 4 6 51 3 45
1171 465 4 7 99 5 45
1172 104 3 6 74 3 60
1172 1012 1 4 86 3 57
1172 34 3 1 27 4 33
1173 975 4 1 20 5 34
1173 544 1 6 86 3 40
1173 328 1 6 49 3 48
1173 641 1 2 44 5 36
1174 194 2 8 80 4 44
1174 228 0 6 1 4 49
1174 227 2 4 6 3 35
1174 1064 1 0 21 3 41
1175 104 2 9 82 5 49
1175 457 0 0 3 3 47
1175 53 0 4 21 5 60
1175 660 3 5 15 4 33
1176 1016 0 8 71 4 43
1177 668 4 3 73 4 33
1177 896 4 3 35 5 50
1177 832 4 1 88 3 46
1177 1016 3 3 62 5 33
1179 538 3 0 51 4 37
1179 1032 1 2 92 5 32
1179 758 0 4 63 3 60
1180 564 2 8 17 4 33
1180 809 4 2 83 3 50
1180 540 1 3 93 4 33
1180 198 0 2 92 3 48
1181 209 1 7 54 3 35
1181 957 3 4 33 5 59
1181 311 4 9 40 5 53
1181 356 2 9 9 4 47
1181 440 1 5 90 5 46
1181 1096 2 7 23 4 43
1182 1196 3 3 49 4 39
1182 895 1 6 88 3 55
1182 572 2 4 88 4 44
1182 957 0 3 14 5 48
1183 416 0 5 3 4 50
1184 1090 4 0 53 3 46
1184 113 0 1 71 4 45
1185 1010 3 0 35 5 43
1185 660 0 5 46 3 49
1185 259 3 3 26 3 35
1185 512 1 3 33 4 40
1186 139 2 6 11 3 54
1186 1118 1 1 97 5 31
1186 131 3 5 39 5 55
1187 34 1 5 18 4 47
1187 361 3 1 89 4 52
1188 112 2 7 81 4 36
1188 650 3 4 1 4 33
1189 924 1 0 5 5 35
1190 905 3 5 9 4 49
1190 226 0 9 58 3 50
1190 101 1 7 59 4 53
1191 989 2 6 15 3 38
1191 291 3 1 47 5 60
1191 89 0 4 80 4 34
1192 862 0 5 88 4 60
1192 968 3 8 40 4 44
1192 721 0 6 29 5 56
1192 824 1 2 95 4 36
1192 960 4 5 3 3 46
1192 717 4 1 56 4 32
1193 47 0 8 31 5 47
1193 771 3 8 47 4 53
1193 229 0 1 71 5 46
1193 1020 4 7 40 3 48
1193 596 3 3 53 3 45
1193 854 0 3 60 5 31
1193 641 1 9 36 4 38
1194 774 4 1 61 3 36
1195 611 2 5 48 3 43
1195 818 2 0 72 5 37
1195 1046 0 5 76 5 57
1195 794 0 4 59 3 58
1195 857 4 4 77 5 58
1195 675 2 9 20 5 54
1195 754 3 2 34 4 43
1196 240 0 6 41 3 30
1196 347 1 0 27 4 31
1196 1164 1 4 64 5 38
1196 352 3 2 30 3 35
1196 192 2 9 83 5 45
1196 105 3 3 20 5 48
1197 1186 2 2 81 5 51
1197 1099 3 6 60 4 41
1197 1120 2 3 56 4 49
1198 452 3 8 80 3 52
1198 269 2 7 24 4 30
1198 1074 1 8 8 5 57
1198 528 3 8 86 3 37
1198 317 4 3 46 5 60
1198 184 1 3 79 4 48
1198 523 1 9 32 5 48
1198 193 4 4 35 5 39
1198 686 1 8 44 5 59
1199 822 1 9 97 4 53

